Model Size,Error norm2()
Lighter Curves --> Less Base System
Wall Color Predictions
5.0,1.0782106388544919 5.0,1.0633446890009197 5.0,1.0416050966667987 5.0,1.0477388764918412 5.0,0.923113793773623 5.0,0.8790446059340181 5.0,0.8765632581539944 5.0,0.8765632581539944 5.0,0.8765632581539944 
10.0,0.956623088014417 10.0,0.94788534562596 10.0,0.9273055148691526 10.0,0.9341890629322862 10.0,0.8250165916498816 10.0,0.773982633103343 10.0,0.7727099095376699 10.0,0.7727099095376699 10.0,0.7727099095376699 
15.0,0.8538311742837135 15.0,0.8678151154138588 15.0,0.8620113724458016 15.0,0.863735881273769 15.0,0.8184383736197993 15.0,0.7748127349309003 15.0,0.7743518144182602 15.0,0.7743518144182602 15.0,0.7743518144182602 
20.0,0.8093971968148115 20.0,0.7262878350956412 20.0,0.7356527730820073 20.0,0.7296806216795177 20.0,0.7131461808305699 20.0,0.6769494303380933 20.0,0.6768607963888827 20.0,0.6768607963888827 20.0,0.6768607963888827 
25.0,0.6682246658675662 25.0,0.6492545705741292 25.0,0.6164040603436128 25.0,0.6071406267034978 25.0,0.62347225987203 25.0,0.6083314085950052 25.0,0.6083328795578895 25.0,0.6083328795578895 25.0,0.6083328795578895 
30.0,0.5793028341724509 30.0,0.5653041880663494 30.0,0.5295102063862405 30.0,0.5200772489657081 30.0,0.5257111622201395 30.0,0.5184863136853503 30.0,0.5184876387942209 30.0,0.5184876387942209 30.0,0.5184876387942209 
35.0,0.4902856266940496 35.0,0.4830405091505054 35.0,0.4687704690247049 35.0,0.4777037108503352 35.0,0.4785073198445126 35.0,0.47573179883391564 35.0,0.4757317988339157 35.0,0.4757317988339157 35.0,0.4757317988339157 
40.0,0.49032772436083555 40.0,0.4829491624192561 40.0,0.46864044128586724 40.0,0.47817092738345296 40.0,0.4778205886290311 40.0,0.47625987834653855 40.0,0.4762598783465386 40.0,0.4762598783465386 40.0,0.4762598783465386 
45.0,0.4903265302248484 45.0,0.48296256093587087 45.0,0.46861914089527673 45.0,0.47525370465551636 45.0,0.4761782107440835 45.0,0.4752261337983091 45.0,0.47522613379830914 45.0,0.47522613379830914 45.0,0.47522613379830914 
50.0,0.4903265302248484 50.0,0.48296256093587087 50.0,0.46861914089527673 50.0,0.47525370465551636 50.0,0.4761782107440835 50.0,0.4752261337983091 50.0,0.47522613379830914 50.0,0.47522613379830914 50.0,0.47522613379830914 
