X: modelSize Y: Error norm2() light curves low base,
15.0,0.9686590943523247 15.0,1.0522426537124774 15.0,1.0577385038183988 15.0,0.9982955730311214 15.0,0.9990649384585158 15.0,0.9989782480570263 15.0,0.9989782480570263 15.0,0.9989782480570263 
17.0,0.9600687447555711 17.0,0.7581958096206317 17.0,0.7413735829688758 17.0,0.7258007260609272 17.0,0.727245317287645 17.0,0.7270279561936599 17.0,0.7270279561936599 17.0,0.7270279561936599 
19.0,0.8778053145029546 19.0,0.746078156786445 19.0,0.7538926312561011 19.0,0.814275154854943 19.0,0.8154328923720269 19.0,0.8149982382891574 19.0,0.8149982382891574 19.0,0.8149982382891574 
21.0,0.852968003506889 21.0,0.7491036525183246 21.0,0.7336975114879083 21.0,0.7134562666353017 21.0,0.7163217389819879 21.0,0.7156294772892493 21.0,0.7156294772892493 21.0,0.7156294772892493 
25.0,0.783081964644596 25.0,0.6863797979124701 25.0,0.595469730404789 25.0,0.5746741357737059 25.0,0.5764031890805097 25.0,0.5759296479224867 25.0,0.5759296479224867 25.0,0.5759296479224867 
27.0,0.7487972644697152 27.0,0.6606870118563457 27.0,0.5473047262686519 27.0,0.4085441033101524 27.0,0.41050692245225034 27.0,0.4098554895525986 27.0,0.4098554895525986 27.0,0.4098554895525986 
30.0,1.0378717578361547 30.0,8.02376582020059 30.0,9.667418170999918 30.0,6.295609237342533 30.0,1.3493437402191706 30.0,0.5638321563400631 30.0,0.5638321563400631 30.0,0.5638321563400631 
32.0,905.5922165283642 32.0,56.857924248655344 32.0,13.560770209977026 32.0,6.9173723643515785 32.0,1.7348383343984375 32.0,0.6724967560163397 32.0,0.6724967560163397 32.0,0.6724967560163397 
35.0,0.08315418136433664 35.0,0.08742556950991129 35.0,0.08315493143920634 35.0,0.08315493145164082 35.0,0.08315493140706665 35.0,0.08315493140712614 35.0,0.08315493140712614 35.0,0.08315493140712614 
