X: modelSize Y: Error norm2() light curves low base,
15.0,0.9129264229595195 15.0,0.8151290748280096 15.0,0.8291450740883348 15.0,0.8770927847474672 15.0,0.8705958552991688 15.0,0.8689427237576138 15.0,0.8689427237576138 15.0,0.8689427237576138 
17.0,0.9157544668007399 17.0,0.7807840751852798 17.0,0.8295443627420926 17.0,0.8211588027072302 17.0,0.809804558406309 17.0,0.8086892968709383 17.0,0.8086892968709383 17.0,0.8086892968709383 
19.0,0.812442414546721 19.0,0.7308830210209651 19.0,0.7693377253545993 19.0,0.7028698691680604 19.0,0.6824138392476271 19.0,0.6800556993858863 19.0,0.6800556993858863 19.0,0.6800556993858863 
21.0,0.7888925748639031 21.0,0.7199436982510597 21.0,0.7690584927859517 21.0,0.7028979270720553 21.0,0.6820778376680583 21.0,0.6796880392196533 21.0,0.6796880392196533 21.0,0.6796880392196533 
25.0,0.584421678554545 25.0,0.565950142775574 25.0,0.5204984803028033 25.0,0.47680872167465715 25.0,0.4408450427016004 25.0,0.43666467665671266 25.0,0.43666467665671266 25.0,0.43666467665671266 
27.0,0.38731947359104324 27.0,0.3828842691028093 27.0,0.3774555542910452 27.0,0.38127481040393024 27.0,0.33318018882768163 27.0,0.32912529330392193 27.0,0.32912529330392193 27.0,0.32912529330392193 
30.0,0.46526759147252633 30.0,0.39592167422613217 30.0,0.38395528389432065 30.0,0.752303591992846 30.0,0.6535367164987864 30.0,0.30181905130907444 30.0,0.30181905130907444 30.0,0.30181905130907444 
32.0,0.380087214111573 32.0,0.35517729822797417 32.0,0.6079663629887235 32.0,0.5439775357749899 32.0,0.5175563286896075 32.0,0.2430157774991281 32.0,0.2430157774991281 32.0,0.2430157774991281 
33.0,0.41257753287587323 33.0,0.38858412486990207 33.0,0.6789678146648812 33.0,0.5379169338963619 33.0,0.5196841872489592 33.0,0.23626936552809105 33.0,0.23626936552809105 33.0,0.23626936552809105 
34.0,0.46253474181065135 34.0,0.37862017663032704 34.0,0.5189779631362259 34.0,0.5151674079042643 34.0,0.5232457910275999 34.0,0.21691050188454067 34.0,0.21691050188454067 34.0,0.21691050188454067 
35.0,0.1839076328164278 35.0,0.1839076328164269 35.0,0.18390763281651312 35.0,0.18390763281643718 35.0,0.18390763281659 35.0,0.18390763281657013 35.0,0.18390763281657013 35.0,0.18390763281657013 
