X: modelSize Y: Error norm2() light curves low base,
15.0,1.0497816539831064 15.0,1.1146328007882904 15.0,1.0388180373181781 15.0,1.061961269287069 15.0,1.0612739915715477 15.0,1.0614423151460417 15.0,1.0614423151460417 15.0,1.0614423151460417 
17.0,0.9751423420867548 17.0,1.028988624051288 17.0,1.0236873461751155 17.0,0.9789591343997487 17.0,0.9783598912146309 17.0,0.9779488342426521 17.0,0.9779488342426521 17.0,0.9779488342426521 
19.0,0.9508538744716228 19.0,0.9248159901151709 19.0,0.8547319118718825 19.0,0.794641770375168 19.0,0.79441996246906 19.0,0.7936386020433853 19.0,0.7936386020433853 19.0,0.7936386020433853 
21.0,0.9521914029257328 21.0,0.9090843829312324 21.0,0.8386269832975103 21.0,0.7828876718052067 21.0,0.7809413380500176 21.0,0.779960387454344 21.0,0.779960387454344 21.0,0.779960387454344 
25.0,0.9491616907091828 25.0,0.7416115169635987 25.0,0.7464714287856989 25.0,0.6734868346216958 25.0,0.6740475093681755 25.0,0.6729976414507836 25.0,0.6729976414507836 25.0,0.6729976414507836 
27.0,0.9119081824374308 27.0,0.7560370150416529 27.0,0.623970121707787 27.0,0.575028204743821 27.0,0.5752515099922271 27.0,0.5736610171469648 27.0,0.5736610171469648 27.0,0.5736610171469648 
30.0,0.7018096386690889 30.0,0.6151563639381793 30.0,0.6713937442321147 30.0,0.47868242520173454 30.0,0.5033177941267908 30.0,0.31235452328510077 30.0,0.31235452328510077 30.0,0.31235452328510077 
32.0,2.2910446139352723 32.0,0.5435535450296591 32.0,1.6906048045702684 32.0,1.5743236494831463 32.0,0.6830189814362325 32.0,0.24029489190836537 32.0,0.24029489190836537 32.0,0.24029489190836537 
33.0,2.1936286676503447 33.0,0.7432957681148683 33.0,1.507301114200648 33.0,1.4596767563329491 33.0,0.6858809277629409 33.0,0.2425740801452524 33.0,0.2425740801452524 33.0,0.2425740801452524 
34.0,1.8057279718003059 34.0,1.3561442249843385 34.0,1.125043886415153 34.0,1.5616296425581293 34.0,0.7618481935815592 34.0,0.20569603052186144 34.0,0.20569603052186144 34.0,0.20569603052186144 
35.0,0.10913949257089121 35.0,0.10913949256921857 35.0,0.10913949257082962 35.0,0.10913949257082842 35.0,0.10913949257071891 35.0,0.10913949257078295 35.0,0.10913949257078295 35.0,0.10913949257078295 
