X: modelSize Y: Error norm2() light curves low base,
15.0,1.0254308630998021 15.0,1.0359528209766833 15.0,1.0093160782150306 15.0,0.991732906411349 15.0,0.989318421521788 15.0,0.9888986523982732 15.0,0.9888986523982732 15.0,0.9888986523982732 
17.0,0.9370246675547798 17.0,0.7601472896460891 17.0,0.7616532628055804 17.0,0.7629974593831707 17.0,0.761026546303751 17.0,0.7602746869948795 17.0,0.7602746869948795 17.0,0.7602746869948795 
19.0,0.9024227387084333 19.0,0.7255197528583341 19.0,0.7562192157586175 19.0,0.7603407070959218 19.0,0.7586981832143689 19.0,0.7578181380791369 19.0,0.7578181380791369 19.0,0.7578181380791369 
21.0,0.8931990744751284 21.0,0.7383125478825299 21.0,0.7268693444618028 21.0,0.7327781737298991 21.0,0.7297450745652467 21.0,0.7287215068462416 21.0,0.7287215068462416 21.0,0.7287215068462416 
25.0,0.7117036134327495 25.0,0.623622604257361 25.0,0.6596410187481238 25.0,0.6752598158128933 25.0,0.6710944469258883 25.0,0.6696466181645919 25.0,0.6696466181645919 25.0,0.6696466181645919 
27.0,0.6814656543114498 27.0,0.6119854474825717 27.0,0.5566617470912182 27.0,0.5638818422488916 27.0,0.5534520831075861 27.0,0.551847859140258 27.0,0.551847859140258 27.0,0.551847859140258 
30.0,0.6799633694767122 30.0,0.6108803670110481 30.0,0.5140024670240011 30.0,0.38706725310130674 30.0,0.3857813496857615 30.0,0.38454185988063294 30.0,0.38454185988063294 30.0,0.38454185988063294 
32.0,0.3796536678190638 32.0,0.5163127669509343 32.0,0.399290766747744 32.0,0.666968175476339 32.0,0.27823794727095374 32.0,0.2775298699902876 32.0,0.2775298699902876 32.0,0.2775298699902876 
33.0,1.3475630352614052 33.0,0.9203546317354916 33.0,1.1145578480296554 33.0,0.9656108546198109 33.0,0.24042513678489996 33.0,0.23870089828479008 33.0,0.23870089828479008 33.0,0.23870089828479008 
34.0,0.9819662471259033 34.0,0.6874509596267768 34.0,0.8337631319745423 34.0,0.605599627020686 34.0,0.20096274530169073 34.0,0.19578668987594355 34.0,0.19578668987594355 34.0,0.19578668987594355 
35.0,0.18078111030276622 35.0,0.1807811103023892 35.0,0.18078111030232083 35.0,0.18078111030239663 35.0,0.1807811103025288 35.0,0.1807811103025182 35.0,0.1807811103025182 35.0,0.1807811103025182 
