X: modelSize Y: Error norm2() light curves low base,
15.0,0.8355722202720836 15.0,0.7854452270015647 15.0,0.777386133961736 15.0,0.7230593924248375 15.0,0.5641168566346821 15.0,0.562902648783891 15.0,0.562902648783891 
17.0,0.8152069360164124 17.0,0.7738148095170134 17.0,0.724464524843325 17.0,0.5516044492454987 17.0,0.513373650310243 17.0,0.513002380572424 17.0,0.513002380572424 
19.0,0.7091123396683936 19.0,0.6683655570579004 19.0,0.6075808762407348 19.0,0.5232541010401816 19.0,0.5061207570859226 19.0,0.5058522843641944 19.0,0.5058522843641944 
21.0,0.4587932849835195 21.0,0.4457934742864524 21.0,0.4196461357435198 21.0,0.34662699903169814 21.0,0.35001322863397377 21.0,0.34951236564683413 21.0,0.34951236564683413 
25.0,0.4587932849835195 25.0,0.4457934742864524 25.0,0.4196461357435198 25.0,0.34662699903169814 25.0,0.35001322863397377 25.0,0.34951236564683413 25.0,0.34951236564683413 
27.0,0.4587932849835195 27.0,0.4457934742864524 27.0,0.4196461357435198 27.0,0.34662699903169814 27.0,0.35001322863397377 27.0,0.34951236564683413 27.0,0.34951236564683413 
30.0,0.4587932849835195 30.0,0.4457934742864524 30.0,0.4196461357435198 30.0,0.34662699903169814 30.0,0.35001322863397377 30.0,0.34951236564683413 30.0,0.34951236564683413 
32.0,0.4587932849835195 32.0,0.4457934742864524 32.0,0.4196461357435198 32.0,0.34662699903169814 32.0,0.35001322863397377 32.0,0.34951236564683413 32.0,0.34951236564683413 
35.0,0.4587932849835195 35.0,0.4457934742864524 35.0,0.4196461357435198 35.0,0.34662699903169814 35.0,0.35001322863397377 35.0,0.34951236564683413 35.0,0.34951236564683413 
