Model Size,Error norm2()
Lighter Curves --> Less Base System
Wall Color Predictions
5.0,0.9606021643859941 5.0,0.9507963733455993 5.0,0.9481905792116293 5.0,0.9329712535037942 5.0,0.7786630253800066 5.0,0.738435219099043 5.0,0.7365166933336565 5.0,0.7365166933336565 5.0,0.7365166933336565 
10.0,0.8495146758570654 10.0,0.8314716413049749 10.0,0.8308667831164568 10.0,0.818726765112213 10.0,0.6601324663597474 10.0,0.6151658943574974 10.0,0.6142058210667624 10.0,0.6142058210667624 10.0,0.6142058210667624 
15.0,0.7695310447040968 15.0,0.7503853567911986 15.0,0.730642636230434 15.0,0.7120885551082348 15.0,0.5576622992713188 15.0,0.5201920030211721 15.0,0.5199210267774576 15.0,0.5199210267774576 15.0,0.5199210267774576 
20.0,0.6871885227787423 20.0,0.6678867838783256 20.0,0.6611668644631211 20.0,0.6653027200547317 20.0,0.5682342536351689 20.0,0.5419466858598425 20.0,0.54190575372934 20.0,0.54190575372934 20.0,0.54190575372934 
25.0,0.6052260858166864 25.0,0.5440518463175932 25.0,0.5434016298535809 25.0,0.5335383024331133 25.0,0.4685106415065637 25.0,0.45932145039057626 25.0,0.45932453287039815 25.0,0.45932453287039815 25.0,0.45932453287039815 
30.0,0.544419909214205 30.0,0.47298625192351795 30.0,0.4756835244805455 30.0,0.45758498235906975 30.0,0.43838445675299187 30.0,0.435990752317697 30.0,0.4359914349441286 30.0,0.4359914349441286 30.0,0.4359914349441286 
35.0,0.41868914494296117 35.0,0.3729170803041662 35.0,0.31868145536148784 35.0,0.32694531258219695 35.0,0.3246647987204437 35.0,0.3206155894591331 35.0,0.3206155894591331 35.0,0.3206155894591331 35.0,0.3206155894591331 
40.0,0.20267372978694922 40.0,0.1834510572126329 40.0,0.16780551311524988 40.0,0.1661680169956789 40.0,0.16069677094877402 40.0,0.15619347499419972 40.0,0.15619347499419972 40.0,0.15619347499419972 40.0,0.15619347499419972 
45.0,0.20271996771011194 45.0,0.18361539020291678 45.0,0.14633098593833282 45.0,0.14583553063825214 45.0,0.14472391881508728 45.0,0.14163499497106538 45.0,0.1416349949710654 45.0,0.1416349949710654 45.0,0.1416349949710654 
50.0,0.20271996771011194 50.0,0.18361539020291678 50.0,0.14633098593833282 50.0,0.14583553063825214 50.0,0.14472391881508728 50.0,0.14163499497106538 50.0,0.1416349949710654 50.0,0.1416349949710654 50.0,0.1416349949710654 
