X: modelSize Y: Error norm2() light curves low base,
10.0,0.8278745883220809 10.0,0.8354735711223747 10.0,0.8455329598969916 10.0,0.844766037234182 10.0,0.8404071115835101 10.0,0.8404071115835101 10.0,0.8404071115835101 10.0,0.8404071115835101 
12.0,0.8083322106799247 12.0,0.8004349486024592 12.0,0.7772474097934863 12.0,0.7777407436520154 12.0,0.7740631970765932 12.0,0.7740631970765932 12.0,0.7740631970765932 12.0,0.7740631970765932 
15.0,0.7694480692581778 15.0,0.8093945464682961 15.0,0.77184497268803 15.0,0.7700640380150822 15.0,0.7684940713201989 15.0,0.7684940713201989 15.0,0.7684940713201989 15.0,0.7684940713201989 
17.0,0.6625389704118517 17.0,0.5616489648574198 17.0,0.5655841441193952 17.0,0.5667910433502517 17.0,0.561169547999269 17.0,0.561169547999269 17.0,0.561169547999269 17.0,0.561169547999269 
19.0,0.06494250642781485 19.0,0.0656664209382752 19.0,0.06547190173513882 19.0,0.06415332573747495 19.0,0.06285921760863745 19.0,0.06285921760863745 19.0,0.06285921760863745 19.0,0.06285921760863745 
20.0,0.06494250642781485 20.0,0.0656664209382752 20.0,0.06547190173513882 20.0,0.06415332573747495 20.0,0.06285921760863745 20.0,0.06285921760863745 20.0,0.06285921760863745 20.0,0.06285921760863745 
21.0,0.06494250642781485 21.0,0.0656664209382752 21.0,0.06547190173513882 21.0,0.06415332573747495 21.0,0.06285921760863745 21.0,0.06285921760863745 21.0,0.06285921760863745 21.0,0.06285921760863745 
22.0,0.06494250642781485 22.0,0.0656664209382752 22.0,0.06547190173513882 22.0,0.06415332573747495 22.0,0.06285921760863745 22.0,0.06285921760863745 22.0,0.06285921760863745 22.0,0.06285921760863745 
23.0,0.06494250642781485 23.0,0.0656664209382752 23.0,0.06547190173513882 23.0,0.06415332573747495 23.0,0.06285921760863745 23.0,0.06285921760863745 23.0,0.06285921760863745 23.0,0.06285921760863745 
