X: modelSize Y: Error norm2() light curves low base,
15.0,0.08265489330096545 15.0,0.08581563951138217 15.0,0.12072099713434403 15.0,0.2217025033133571 15.0,0.4107523294297849 15.0,0.6595989623797293 15.0,0.6657883413626985 15.0,0.6657883413626985 
17.0,0.08265489330096545 17.0,0.08581563951138217 17.0,0.12072099713434403 17.0,0.2217025033133571 17.0,0.4107523294297849 17.0,0.6595989623797293 17.0,0.6657883413626985 17.0,0.6657883413626985 
19.0,0.08265489330096545 19.0,0.08581563951138217 19.0,0.12072099713434403 19.0,0.2217025033133571 19.0,0.4107523294297849 19.0,0.6595989623797293 19.0,0.6657883413626985 19.0,0.6657883413626985 
21.0,0.08265489330096545 21.0,0.08581563951138217 21.0,0.12072099713434403 21.0,0.2217025033133571 21.0,0.4107523294297849 21.0,0.6595989623797293 21.0,0.6657883413626985 21.0,0.6657883413626985 
25.0,0.08265489330096545 25.0,0.08581563951138217 25.0,0.12072099713434403 25.0,0.2217025033133571 25.0,0.4107523294297849 25.0,0.6595989623797293 25.0,0.6657883413626985 25.0,0.6657883413626985 
27.0,0.08265489330096545 27.0,0.08581563951138217 27.0,0.12072099713434403 27.0,0.2217025033133571 27.0,0.4107523294297849 27.0,0.6595989623797293 27.0,0.6657883413626985 27.0,0.6657883413626985 
30.0,0.08265489330096545 30.0,0.08581563951138217 30.0,0.12072099713434403 30.0,0.2217025033133571 30.0,0.4107523294297849 30.0,0.6595989623797293 30.0,0.6657883413626985 30.0,0.6657883413626985 
32.0,0.08265489330096545 32.0,0.08581563951138217 32.0,0.12072099713434403 32.0,0.2217025033133571 32.0,0.4107523294297849 32.0,0.6595989623797293 32.0,0.6657883413626985 32.0,0.6657883413626985 
35.0,0.08265489330096545 35.0,0.08581563951138217 35.0,0.12072099713434403 35.0,0.2217025033133571 35.0,0.4107523294297849 35.0,0.6595989623797293 35.0,0.6657883413626985 35.0,0.6657883413626985 
