X: modelSize Y: Error norm2() light curves low base,
15.0,0.8299738377192581 15.0,0.7750628274580681 15.0,0.7803183350451444 15.0,0.7967849114700631 15.0,0.7277630857929014 15.0,0.7275961057232437 15.0,0.7275961057232437 15.0,0.7275961057232437 
17.0,0.7746505475346965 17.0,0.6757832456437646 17.0,0.6784507161230041 17.0,0.7076440849493459 17.0,0.6120775214181302 17.0,0.612236919163822 17.0,0.612236919163822 17.0,0.612236919163822 
19.0,0.7593311228291872 19.0,0.6508302958325068 19.0,0.6491332716109641 19.0,0.6334421490116049 19.0,0.5433790052103882 19.0,0.543106289365291 19.0,0.543106289365291 19.0,0.543106289365291 
21.0,0.7412036238771545 21.0,0.6408902220905572 21.0,0.6071553805464243 21.0,0.5520794758176713 21.0,0.5070762870854059 21.0,0.5068577568437507 21.0,0.5068577568437507 21.0,0.5068577568437507 
25.0,0.5902162536283181 25.0,0.5434742879906732 25.0,0.5123191233412524 25.0,0.490402098429617 25.0,0.4379923778859491 25.0,0.4373254308229244 25.0,0.4373254308229244 25.0,0.4373254308229244 
27.0,0.5472354173106663 27.0,0.5127473024285488 27.0,0.4425717273338358 27.0,0.4116148364660978 27.0,0.38926302418290115 27.0,0.38878263883163966 27.0,0.38878263883163966 27.0,0.38878263883163966 
30.0,1.2950893768231955 30.0,0.6405453204172421 30.0,0.35194456761456944 30.0,0.3151647354571279 30.0,0.31148821082255584 30.0,0.3114961392164564 30.0,0.3114961392164564 30.0,0.3114961392164564 
32.0,0.8158991266326894 32.0,0.7105856843359764 32.0,0.527617801126253 32.0,0.22728910417229262 32.0,0.21705755680777883 32.0,0.2093708964580467 32.0,0.2093708964580467 32.0,0.2093708964580467 
33.0,0.4697039661209099 33.0,0.33601498438893695 33.0,0.42332099289745023 33.0,0.2048914528774961 33.0,0.20340001113477701 33.0,0.20063954736984924 33.0,0.20063954736984924 33.0,0.20063954736984924 
34.0,0.49113469343540306 34.0,0.3309885090154068 34.0,0.22247387328431298 34.0,0.18902911915418544 34.0,0.19036180327008467 34.0,0.18895212249221705 34.0,0.18895212249221705 34.0,0.18895212249221705 
35.0,1.6838964612775478 35.0,2.7451198299866135 35.0,0.6573585329928237 35.0,0.3223863668846234 35.0,0.32771328404698963 35.0,0.32771338874428113 35.0,0.32771338874428113 35.0,0.32771338874428113 
