X: modelSize Y: Error norm2() light curves low base,
15.0,0.8818555805411769 15.0,0.7651551675654003 15.0,0.7784219854784074 15.0,0.7983754846622731 15.0,0.6548600244992084 15.0,0.6537011645097528 15.0,0.6537011645097528 15.0,0.6537011645097528 
17.0,0.8419025162256593 17.0,0.7539788447984015 17.0,0.7567497893522492 17.0,0.68086199121163 17.0,0.605762152774355 17.0,0.6057123900918437 17.0,0.6057123900918437 17.0,0.6057123900918437 
19.0,0.8246964194070743 19.0,0.7334946633523026 19.0,0.6145657061162331 19.0,0.5789192747365104 19.0,0.5387274421957484 19.0,0.5385100297317084 19.0,0.5385100297317084 19.0,0.5385100297317084 
21.0,0.7130945531437831 21.0,0.6810242719327116 21.0,0.6128259620974739 21.0,0.5817579112972231 21.0,0.5228566292217212 21.0,0.523272619851179 21.0,0.523272619851179 21.0,0.523272619851179 
25.0,0.4876615833187678 25.0,0.47025271026463156 25.0,0.43637641175361935 25.0,0.37562256580094683 25.0,0.4020338532674335 25.0,0.4021100510963202 25.0,0.4021100510963202 25.0,0.4021100510963202 
27.0,0.7148163592337207 27.0,0.5015751663904349 27.0,0.5164644332168539 27.0,0.6908772445305382 27.0,0.24530243989292086 27.0,0.2462587246716598 27.0,0.2462587246716598 27.0,0.2462587246716598 
30.0,0.3200698166891732 30.0,0.1627477572096281 30.0,0.18969456376361502 30.0,0.14837724826170054 30.0,0.16248788240670844 30.0,0.12234762931268381 30.0,0.12234762931268381 30.0,0.12234762931268381 
32.0,0.6919064280132816 32.0,0.6076083123649889 32.0,0.38892157561624346 32.0,0.36247865283801034 32.0,0.17890765484906437 32.0,0.12078474948626901 32.0,0.12078474948626901 32.0,0.12078474948626901 
33.0,1.8056460364858495 33.0,1.1785426726172652 33.0,0.2994484974923505 33.0,0.2432726497010575 33.0,0.18199701883859404 33.0,0.12084087362109082 33.0,0.12084087362109082 33.0,0.12084087362109082 
34.0,0.30627588265241373 34.0,0.3185887658558956 34.0,0.19685455001458985 34.0,0.19283958168948556 34.0,0.17143312739052718 34.0,0.12094700834638165 34.0,0.12094700834638165 34.0,0.12094700834638165 
35.0,0.14316924449311602 35.0,0.13544163785558005 35.0,0.25771416705804834 35.0,0.11814042309395059 35.0,0.13005328697202925 35.0,0.12698523782500695 35.0,0.12698523782500695 35.0,0.12698523782500695 
