X: modelSize Y: Error norm2() light curves low base,
15.0,0.9728106185088365 15.0,1.0366988901837728 15.0,1.0451708678891138 15.0,0.9948412822057429 15.0,0.995956793294899 15.0,0.995872623869785 15.0,0.995872623869785 15.0,0.995872623869785 
17.0,0.958219830777702 17.0,0.8232053822486981 17.0,0.7981354265121967 17.0,0.7701734257257373 17.0,0.7717155473212816 17.0,0.7715955691616924 17.0,0.7715955691616924 17.0,0.7715955691616924 
19.0,0.9220200754545891 19.0,0.7501845400588446 19.0,0.7460453339346312 19.0,0.7635214600371768 19.0,0.7658526214873369 19.0,0.7656093215365884 19.0,0.7656093215365884 19.0,0.7656093215365884 
21.0,0.8763266274651418 21.0,0.7444602759083999 21.0,0.7451889944885187 21.0,0.7669827267730652 21.0,0.7681194001466733 21.0,0.7676709556860841 21.0,0.7676709556860841 21.0,0.7676709556860841 
25.0,0.7829470237611273 25.0,0.6875641981422315 25.0,0.5986693429819597 25.0,0.5788871331679478 25.0,0.5804767990258102 25.0,0.5801170191903203 25.0,0.5801170191903203 25.0,0.5801170191903203 
27.0,0.7515418452143354 27.0,0.6630621815601058 27.0,0.5491054433437119 27.0,0.4129717606224305 27.0,0.41465780526416873 27.0,0.4141800230069934 27.0,0.4141800230069934 27.0,0.4141800230069934 
30.0,1.170233767032173 30.0,7.3131848820992 30.0,9.822473820079018 30.0,6.234174033501838 30.0,1.3549635437715446 30.0,0.5611639808282921 30.0,0.5611639808282921 30.0,0.5611639808282921 
32.0,10054.820092426246 32.0,55.74601064026226 32.0,14.161333737604389 32.0,6.859427804934334 32.0,1.787627790694828 32.0,0.6582016324148601 32.0,0.6582016324148601 32.0,0.6582016324148601 
35.0,0.11172675284420056 35.0,28.221571159816712 35.0,0.10687582780201246 35.0,0.10687582785523231 35.0,0.10687582767136741 35.0,0.10687582767168793 35.0,0.10687582767168793 35.0,0.10687582767168793 
