X: modelSize Y: Error norm2() light curves low base,
15.0,0.6315550979960078 15.0,0.5870474821415095 15.0,0.6201354098956463 15.0,0.6003782782755618 15.0,0.5833301265074823 15.0,0.5832724287224823 15.0,0.5832724287224823 15.0,0.5832724287224823 
17.0,0.6708938717507263 17.0,0.5842293544857486 17.0,0.5045540252670775 17.0,0.5163696125079807 17.0,0.4709450036851586 17.0,0.471239531451978 17.0,0.471239531451978 17.0,0.471239531451978 
19.0,0.6026975656316572 19.0,0.5461760346393038 19.0,0.4522710948924097 19.0,0.4956438307060793 19.0,0.46982741751104384 19.0,0.4703003124101829 19.0,0.4703003124101829 19.0,0.4703003124101829 
21.0,0.4268029290123558 21.0,0.43259526022525724 21.0,0.4096223531845193 21.0,0.4000203252265436 21.0,0.3535206726009726 21.0,0.3539092592145329 21.0,0.3539092592145329 21.0,0.3539092592145329 
25.0,0.5697264886592974 25.0,2761.87063213167 25.0,0.943348084700064 25.0,0.5949801064706273 25.0,1.0140541468186852 25.0,1.0143047606707456 25.0,1.0143047606707456 25.0,1.0143047606707456 
27.0,58.00590312714395 27.0,39921.01604270651 27.0,79.02753989994928 27.0,0.8161485758019044 27.0,2.4043989136277686 27.0,2.404504113523329 27.0,2.404504113523329 27.0,2.404504113523329 
30.0,89.43346625925382 30.0,3691.768607593511 30.0,26.128296217494487 30.0,0.9065508135722052 30.0,3.073465436457138 30.0,3.07354625450409 30.0,3.07354625450409 30.0,3.07354625450409 
32.0,140827.44834835298 32.0,2962.1612879316003 32.0,30.01999519329007 32.0,0.9030616054919126 32.0,2.1409299004404447 32.0,2.1410358907294254 32.0,2.1410358907294254 32.0,2.1410358907294254 
33.0,25817.699499212315 33.0,2975.2633590657283 33.0,24.74853801867123 33.0,0.7551868777329056 33.0,2.2742524142997236 33.0,2.2743521633950334 33.0,2.2743521633950334 33.0,2.2743521633950334 
34.0,13663.615430018006 34.0,2394.7965362385403 34.0,23.941652839875093 34.0,1.5563059647913995 34.0,2.0225615994035087 34.0,2.0226475394390184 34.0,2.0226475394390184 34.0,2.0226475394390184 
35.0,11982.09272266714 35.0,92.11489333272102 35.0,26.775409806869327 35.0,1.7337038507671807 35.0,2.2329269522686346 35.0,2.233004146789525 35.0,2.233004146789525 35.0,2.233004146789525 
