X: modelSize Y: Error norm2() light curves low base,
15.0,0.7973956085603 15.0,0.7406050821779105 15.0,0.7344741090611238 15.0,0.7160474098399979 15.0,0.6015688303667007 15.0,0.5986179269171539 15.0,0.5986179269171539 15.0,0.5986179269171539 
17.0,0.7575930568031344 17.0,0.705399449605076 17.0,0.67651944356076 17.0,0.6332567278724759 17.0,0.5845986433216267 17.0,0.5827489477443274 17.0,0.5827489477443274 17.0,0.5827489477443274 
19.0,0.7103617474803704 19.0,0.667999165570928 19.0,0.6197415881376611 19.0,0.5646657847834637 19.0,0.5420473576746748 19.0,0.5405226324811799 19.0,0.5405226324811799 19.0,0.5405226324811799 
21.0,0.5702040048840512 21.0,0.5522955228910871 21.0,0.5197367454101184 21.0,0.47311142686612406 21.0,0.4708712247230709 21.0,0.47028469300089654 21.0,0.47028469300089654 21.0,0.47028469300089654 
25.0,1.7286469943922709 25.0,1169.8688084893352 25.0,21.576899757520486 25.0,1.2650369180251666 25.0,1.0561455424950636 25.0,1.0128441569251139 25.0,1.0128441569251139 25.0,1.0128441569251139 
27.0,4.479117906797213 27.0,1155.2080356810393 27.0,4.046182784198435 27.0,0.8691154076007653 27.0,0.6513006875005729 27.0,0.5884168586231313 27.0,0.5884168586231313 27.0,0.5884168586231313 
30.0,68.69520415925736 30.0,45.23982595664973 30.0,2.5150195199194805 30.0,2.660324798345405 30.0,0.5305094379749703 30.0,0.4245890845117572 30.0,0.4245890845117572 30.0,0.4245890845117572 
32.0,4.235309397791897E10 32.0,15.193702764678399 32.0,9.427780111752998 32.0,10.313321465310482 32.0,0.9310736568532365 32.0,0.7540401723582478 32.0,0.7540401723582478 32.0,0.7540401723582478 
33.0,1.5560407202397464E11 33.0,7.616618571677122 33.0,0.7361890272682309 33.0,0.4947084242618625 33.0,0.3488898404962532 33.0,0.34747280782615486 33.0,0.34747280782615486 33.0,0.34747280782615486 
34.0,0.12189891408211162 34.0,0.1218989140832299 34.0,0.1588153280920487 34.0,0.17614338262882914 34.0,0.12340323526525042 34.0,0.12340323526532862 34.0,0.12340323526532862 34.0,0.12340323526532862 
35.0,0.12189891408211162 35.0,0.1218989140832299 35.0,0.1588153280920487 35.0,0.17614338262882914 35.0,0.12340323526525042 35.0,0.12340323526532862 35.0,0.12340323526532862 35.0,0.12340323526532862 
