X: modelSize Y: Error norm2() light curves low base,
15.0,0.8134589232124028 15.0,0.8031455772905475 15.0,0.7965294694124361 15.0,0.781051931381133 15.0,0.7846017463239701 15.0,0.7832131027669842 15.0,0.7832131027669842 15.0,0.7832131027669842 
17.0,0.7757527568636923 17.0,0.7227605741084491 17.0,0.7259441748667238 17.0,0.7327267435907161 17.0,0.7318358250156287 17.0,0.7301314168690926 17.0,0.7301314168690926 17.0,0.7301314168690926 
19.0,0.7669997068729841 19.0,0.6761068700807871 19.0,0.6730497354233564 19.0,0.6716740866775691 19.0,0.6714042950205816 19.0,0.6696054286749377 19.0,0.6696054286749377 19.0,0.6696054286749377 
21.0,0.7434243271821874 21.0,0.6530738275150609 21.0,0.6499245818777443 21.0,0.6482060305865895 21.0,0.6478192078802535 21.0,0.6459385329305684 21.0,0.6459385329305684 21.0,0.6459385329305684 
25.0,0.646918270782345 25.0,0.5923547892956283 25.0,0.5408662448232262 25.0,0.5064316348612902 25.0,0.5004308915730051 25.0,0.49765036912896926 25.0,0.49765036912896926 25.0,0.49765036912896926 
27.0,0.551844559510122 27.0,0.5137566768131753 27.0,0.4634906165161796 27.0,0.3812419245981486 27.0,0.3776193066470461 27.0,0.3736365139068145 27.0,0.3736365139068145 27.0,0.3736365139068145 
30.0,1.134313413662971 30.0,3.721569191119054 30.0,4.840416447427876 30.0,3.4924232795333268 30.0,0.7976457842903815 30.0,0.3897838390515969 30.0,0.3897838390515969 30.0,0.3897838390515969 
32.0,8.752603106631712 32.0,11.047782538410743 32.0,5.512483449095665 32.0,3.750941578679558 32.0,0.9320933475246576 32.0,0.41325481463986424 32.0,0.41325481463986424 32.0,0.41325481463986424 
33.0,10.753564412817639 33.0,9.892770757087812 33.0,8.36675986737267 33.0,3.611521025927537 33.0,0.9086105993216794 33.0,0.4254558020130985 33.0,0.4254558020130985 33.0,0.4254558020130985 
34.0,26.7718667184552 34.0,61.33750220749072 34.0,4.754193568620058 34.0,3.4920133314354076 34.0,1.3978293458674977 34.0,0.6403917534507886 34.0,0.6403917534507886 34.0,0.6403917534507886 
35.0,3.6380264392942734E12 35.0,4.138348433141214E10 35.0,0.22117034872665978 35.0,0.22117034657855303 35.0,0.2211703501150316 35.0,0.2211703501217348 35.0,0.2211703501217348 35.0,0.2211703501217348 
