X: modelSize Y: Error norm2() light curves low base,
15.0,0.9321703899640483 15.0,1.0030879947600857 15.0,1.0112789055534763 15.0,0.9833613959474165 15.0,0.9808522280689458 15.0,0.980043560092597 15.0,0.980043560092597 15.0,0.980043560092597 
17.0,0.9081778148928704 17.0,0.8220815515017681 17.0,0.8190595060169585 17.0,0.831558073791187 17.0,0.8291523098994612 17.0,0.8282848472984125 17.0,0.8282848472984125 17.0,0.8282848472984125 
19.0,0.8915721368036205 19.0,0.7515877919511076 19.0,0.7544629614291709 19.0,0.7672172971586995 19.0,0.763891921581389 19.0,0.7629315799635616 19.0,0.7629315799635616 19.0,0.7629315799635616 
21.0,0.8497937030001526 21.0,0.7388862216309608 21.0,0.7405459159318778 21.0,0.7403072295843431 21.0,0.7369276472416993 21.0,0.7363487136852908 21.0,0.7363487136852908 21.0,0.7363487136852908 
25.0,0.8320227038310831 25.0,0.7162129703677755 25.0,0.6588512148361104 25.0,0.6675695373960848 25.0,0.6618074471989204 25.0,0.660611970735639 25.0,0.660611970735639 25.0,0.660611970735639 
27.0,0.6773441471480836 27.0,0.6159946970413953 27.0,0.546023867997831 27.0,0.562882613878824 27.0,0.5550935770513646 27.0,0.5537495873151311 27.0,0.5537495873151311 27.0,0.5537495873151311 
30.0,0.4249231796109528 30.0,0.40172167669126485 30.0,0.3706755119359248 30.0,0.37596873561426297 30.0,0.37149514542312984 30.0,0.36909234383028455 30.0,0.36909234383028455 30.0,0.36909234383028455 
32.0,0.5143437393343574 32.0,0.6137292543567652 32.0,0.5606235781200772 32.0,0.45045915257537983 32.0,0.28297471064337976 32.0,0.28131016115960183 32.0,0.28131016115960183 32.0,0.28131016115960183 
33.0,0.8163560568242604 33.0,0.735982886485889 33.0,0.6848620201064777 33.0,0.415515218109455 33.0,0.3079841441763138 33.0,0.3074102990023683 33.0,0.3074102990023683 33.0,0.3074102990023683 
34.0,0.7835584664044271 34.0,0.6792301693520767 34.0,0.7597370381304094 34.0,0.48347307391407446 34.0,0.29947910531094263 34.0,0.29883595322983564 34.0,0.29883595322983564 34.0,0.29883595322983564 
35.0,0.25803005280902586 35.0,0.2457077308159367 35.0,0.25615787200465595 35.0,0.2560324373752413 35.0,0.25540635279815066 35.0,0.2551340041747125 35.0,0.2551340041747125 35.0,0.2551340041747125 
