X: modelSize Y: Error norm2() light curves low base,
15.0,0.9061370740954845 15.0,0.7398441034406581 15.0,0.7386979434231441 15.0,0.7404129938367084 15.0,0.649275551243699 15.0,0.648483976696749 15.0,0.648483976696749 15.0,0.648483976696749 
17.0,0.8806263790638562 17.0,0.8097526899499647 17.0,0.7855582597911256 17.0,0.6818036233238297 17.0,0.6030168133718923 17.0,0.6009580967040421 17.0,0.6009580967040421 17.0,0.6009580967040421 
19.0,0.8105579745582622 19.0,0.7308892791300869 19.0,0.6861516584383701 19.0,0.6881778517550394 19.0,0.5424265819226766 19.0,0.5399269244757254 19.0,0.5399269244757254 19.0,0.5399269244757254 
21.0,0.6961690284280925 21.0,0.6420795610495437 21.0,0.5422135605270038 21.0,0.5702303061393657 21.0,0.4580352296473885 21.0,0.45458682765466857 21.0,0.45458682765466857 21.0,0.45458682765466857 
25.0,0.6803920716842891 25.0,0.6491586172181601 25.0,0.5624003217573688 25.0,0.46882694854257395 25.0,0.4443119288425906 25.0,0.439743202514281 25.0,0.439743202514281 25.0,0.439743202514281 
27.0,0.4429730229749902 27.0,0.4319696110082214 27.0,0.39922297673262247 27.0,0.3787189206830214 27.0,0.35580876885576107 27.0,0.3524243465889309 27.0,0.3524243465889309 27.0,0.3524243465889309 
30.0,0.6306646432914002 30.0,0.5506846415040192 30.0,0.44066016702586996 30.0,0.3689057601835917 30.0,0.2715266899197452 30.0,0.2656268466960163 30.0,0.2656268466960163 30.0,0.2656268466960163 
32.0,0.768099458481468 32.0,0.7333528372930512 32.0,0.5086209991129409 32.0,0.29796388847135974 32.0,0.2762260848721757 32.0,0.27248727112404403 32.0,0.27248727112404403 32.0,0.27248727112404403 
33.0,0.8788100783457665 33.0,0.6485604614683932 33.0,0.349617367783763 33.0,0.27987114314833195 33.0,0.2741474073564046 33.0,0.2745623844952587 33.0,0.2745623844952587 33.0,0.2745623844952587 
34.0,3.0480239290210166E9 34.0,2.1304692041032753 34.0,0.5359622840956788 34.0,1.3845346166577412 34.0,0.5459605969725753 34.0,0.5457449923818657 34.0,0.5457449923818657 34.0,0.5457449923818657 
35.0,1.9371105056307838 35.0,15243.673434985454 35.0,1.9439194670728663 35.0,1.4161429864749633 35.0,0.2484718631824379 35.0,0.24940183807269004 35.0,0.24940183807269004 35.0,0.24940183807269004 
