X: modelSize Y: Error norm2() light curves low base,
15.0,1.0696338675568435 15.0,1.0665308243419174 15.0,1.0529782850014824 15.0,0.9794371353593277 15.0,0.9853604849000261 15.0,0.9796284557741697 15.0,0.9796284557741697 
17.0,0.9705889733074567 17.0,0.7654585015793334 17.0,0.7531650135645175 17.0,0.719847990635537 17.0,0.7192965151210391 17.0,0.7149411916875823 17.0,0.7149411916875823 
19.0,0.920270697436791 19.0,0.7716644405776482 19.0,0.7870942597589661 19.0,0.7648295873165782 19.0,0.7570852143025356 19.0,0.753340528246798 19.0,0.753340528246798 
21.0,0.8432278341940003 21.0,0.7455634285507604 21.0,0.8143904266962514 21.0,0.7966931846531954 21.0,0.7853447227943657 21.0,0.7827718275971638 21.0,0.7827718275971638 
25.0,0.8416176007934439 25.0,0.7819060157476723 25.0,0.6068503970426813 25.0,0.5101305285549845 25.0,0.48733772230529326 25.0,0.4852688371600044 25.0,0.4852688371600044 
27.0,0.5915656962631259 27.0,0.5453416301080444 27.0,0.43121902324540584 27.0,0.3744803282425358 27.0,0.33729271129122024 27.0,0.3370746975405419 27.0,0.3370746975405419 
30.0,0.3925060825900409 30.0,0.38126814255941643 30.0,0.36164904546070176 30.0,0.30406642578676274 30.0,0.25591432615893606 30.0,0.25569003230340964 30.0,0.25569003230340964 
32.0,0.3925060825900409 32.0,0.38126814255941643 32.0,0.36164904546070176 32.0,0.30406642578676274 32.0,0.25591432615893606 32.0,0.25569003230340964 32.0,0.25569003230340964 
35.0,0.3925060825900409 35.0,0.38126814255941643 35.0,0.36164904546070176 35.0,0.30406642578676274 35.0,0.25591432615893606 35.0,0.25569003230340964 35.0,0.25569003230340964 
