X: modelSize Y: Singular Values,
0.0,9.626957855509987 
1.0,6.518281119910156 
2.0,0.7189797209249508 
3.0,0.5923592336380589 
4.0,0.5437327504641528 
5.0,0.37043826441665667 
6.0,0.3271266001370067 
7.0,0.2549192371150447 
8.0,0.23377688436289407 
9.0,0.20061398761693214 
10.0,0.18723381352511817 
11.0,0.17891478887996243 
12.0,0.16714644618886773 
13.0,0.1519635336852145 
14.0,0.13734598324525568 
15.0,0.13668695862763436 
16.0,0.13589650041945212 
17.0,0.134644265608326 
18.0,0.1277019098200623 
19.0,0.1178072683605763 
20.0,0.11428303345225947 
21.0,0.06483027947661477 
22.0,0.04891268307932972 
23.0,0.021075816031894776 
24.0,0.017989741121410965 
25.0,0.013548011096488004 
26.0,0.013092628334454482 
27.0,0.011251805515248547 
28.0,0.010456407219903282 
29.0,0.0030832519764906682 
30.0,8.000487715468172E-5 
31.0,6.245745644372888E-5 
32.0,4.257402133892549E-5 
33.0,3.6775345939565276E-5 
