X: modelSize Y: Singular Values,
0.0,10.159096293635892 
1.0,5.337642306437591 
2.0,1.1891918286109164 
3.0,0.7196117708172356 
4.0,0.6040337195726032 
5.0,0.4804753530235056 
6.0,0.46382511186784164 
7.0,0.35456176430427283 
8.0,0.31595346044336986 
9.0,0.2899412784012739 
10.0,0.27730107709371865 
11.0,0.24889870191856217 
12.0,0.2216116072186297 
13.0,0.20706982165506285 
14.0,0.20316238523608007 
15.0,0.18744516065695943 
16.0,0.18576069626872138 
17.0,0.173416069428777 
18.0,0.1719190672525599 
19.0,0.1662167436169589 
20.0,0.1647107718541977 
21.0,0.16034584489098583 
22.0,0.1528077132288331 
23.0,0.15058492295904752 
24.0,0.14756975209275353 
25.0,0.1417608246506075 
26.0,0.14036530821301982 
27.0,0.13750757381796425 
28.0,0.017182662681589696 
29.0,0.01528811076490258 
30.0,0.010844698520336662 
31.0,0.008695046792277929 
32.0,0.00797780088068303 
33.0,0.007373790641733329 
34.0,7.45445236996003E-4 
