X: modelSize Y: Singular Values,
0.0,7.462056557568867 
1.0,3.98965207784859 
2.0,1.037788042407783 
3.0,0.8422187568976873 
4.0,0.8152440882422126 
5.0,0.8032936389620028 
6.0,0.7942173419476791 
7.0,0.7328880191907657 
8.0,0.7139835577403492 
9.0,0.7052304532707353 
10.0,0.5908271309798108 
11.0,0.4233250072688757 
12.0,0.3661160276335939 
13.0,0.2494337801327533 
14.0,0.22692056482085332 
15.0,0.19922877207175896 
16.0,0.18535453183067221 
17.0,0.17197620641702366 
18.0,0.16560962378230085 
19.0,0.15676469137470592 
20.0,0.14597734952683014 
21.0,0.1384459679866429 
22.0,0.13007088875482303 
23.0,0.04328697719852031 
24.0,0.014264656151489767 
25.0,0.012775636079505862 
26.0,0.0065707514273525836 
27.0,0.004288916774428737 
28.0,0.0035795488765178606 
29.0,0.0020111459637271616 
30.0,5.103244657889013E-4 
