X: modelSize Y: Singular Values,
0.0,9.428821462510282 
1.0,6.6415672100010195 
2.0,0.9584698952402243 
3.0,0.8582072503609467 
4.0,0.7156231593704911 
5.0,0.502802731267241 
6.0,0.4792520152554575 
7.0,0.42683549159087997 
8.0,0.33424493382336345 
9.0,0.29983540931429015 
10.0,0.2636453116512154 
11.0,0.24694202230726053 
12.0,0.2171284214229406 
13.0,0.20299276410545908 
14.0,0.19535404475238355 
15.0,0.1822371313210531 
16.0,0.17430602272954823 
17.0,0.16897691660478822 
18.0,0.1653786177996314 
19.0,0.16446384309510473 
20.0,0.15550766121570136 
21.0,0.15044002170060788 
22.0,0.14664451999047287 
23.0,0.1427598892932985 
24.0,0.13764496260460685 
25.0,0.13231368332870838 
26.0,0.13075019315526706 
27.0,0.06295101304670363 
28.0,0.04622415042904089 
29.0,0.01987640044414215 
30.0,0.018599867734889055 
31.0,0.014059529922336887 
32.0,0.009731308408485231 
33.0,0.0029736937752055425 
34.0,0.0015839821405881167 
35.0,7.129059388704404E-4 
