X: modelSize Y: Singular Values,
0.0,12.503205348907105 
1.0,4.228546969838558 
2.0,1.5185714226730398 
3.0,1.0830245478393463 
4.0,0.7622341220364874 
5.0,0.55743118941477 
6.0,0.41277668608368623 
7.0,0.35203941711460585 
8.0,0.30097280455105824 
9.0,0.2782883300405968 
10.0,0.2581064355213106 
11.0,0.22284186102669754 
12.0,0.19868438186096365 
13.0,0.18699051235045777 
14.0,0.17747420693582536 
15.0,0.1771547417267517 
16.0,0.16854821050423108 
17.0,0.15285710808819325 
18.0,0.14945052761391092 
19.0,0.14920494097152376 
20.0,0.1441430882750747 
21.0,0.1422240205147019 
22.0,0.13703442678784453 
23.0,0.13377494507719398 
24.0,0.02105128345467894 
25.0,0.02093475432907882 
26.0,0.014320353528006513 
27.0,0.011184138818291556 
28.0,0.010956330500085296 
29.0,0.008582939872542654 
30.0,0.008299535802913748 
31.0,0.007997629080587607 
32.0,0.007365689536466076 
33.0,0.007213469280458922 
