X: modelSize Y: Singular Values,
0.0,10.219386602858814 
1.0,5.345237473956871 
2.0,1.1883105168381947 
3.0,0.7197345017132296 
4.0,0.5864487688046933 
5.0,0.47774012121124165 
6.0,0.4526188206975866 
7.0,0.354613332873465 
8.0,0.3078621627091102 
9.0,0.2885675964667246 
10.0,0.2702765556528512 
11.0,0.24844659817164688 
12.0,0.22055825406202498 
13.0,0.20348153950904133 
14.0,0.20091601761318065 
15.0,0.18625457125227138 
16.0,0.18140865828569716 
17.0,0.1709347126138961 
18.0,0.16853872289095798 
19.0,0.16452481688390322 
20.0,0.16122219211936784 
21.0,0.15816519150535782 
22.0,0.15061490998779067 
23.0,0.1480929115168283 
24.0,0.14454298923041148 
25.0,0.13857232170280104 
26.0,0.13708616661902034 
27.0,0.13469597866047187 
28.0,0.01628374145601958 
29.0,0.013943065961599006 
30.0,0.010602378352943469 
31.0,0.008383358020147235 
32.0,0.007608959854464377 
33.0,0.007302131731624374 
34.0,9.064268160132767E-4 
