X: modelSize Y: Singular Values,
0.0,9.110058058829464 
1.0,7.102945338994267 
2.0,1.1241157533839714 
3.0,0.9193239758306804 
4.0,0.6163093864867051 
5.0,0.5347196897473121 
6.0,0.329879442319603 
7.0,0.2839826751763766 
8.0,0.2761755632455502 
9.0,0.274971799770305 
10.0,0.2380788099533164 
11.0,0.21411695540903972 
12.0,0.1866616131706774 
13.0,0.17613955439446202 
14.0,0.17525257546601228 
15.0,0.16793513015974817 
16.0,0.16633353641413126 
17.0,0.16545974400888053 
18.0,0.15687576269730846 
19.0,0.14913783412138806 
20.0,0.1322735528893935 
21.0,0.12943007511176044 
22.0,0.11624264599058554 
23.0,0.09814780637207389 
24.0,0.04277964744889681 
25.0,0.03808093018493168 
26.0,0.034987830686954983 
27.0,0.0312928470751769 
28.0,0.02961439675788361 
29.0,0.02936987013425841 
30.0,0.020176034101579015 
31.0,0.013811067309608264 
32.0,0.012590344129533968 
33.0,0.010328233147486713 
34.0,0.01004715626587971 
35.0,0.006323653231411658 
