X: modelSize Y: Singular Values,
0.0,6.310185055379436 
1.0,3.8680264633332007 
2.0,1.0579898019194445 
3.0,0.8290249019702672 
4.0,0.8054653595155923 
5.0,0.7846023339690363 
6.0,0.7706361983278877 
7.0,0.7270153134605111 
8.0,0.7091284630097493 
9.0,0.6862904480826212 
10.0,0.5770548630645282 
11.0,0.5511789418489373 
12.0,0.5250621027478288 
13.0,0.5194965400762589 
14.0,0.515547767907312 
15.0,0.4872566754853012 
16.0,0.4660991279601981 
17.0,0.456254195647727 
18.0,0.45357085500757005 
19.0,0.054859585279221856 
20.0,0.025464362064695444 
21.0,0.02208130360744503 
22.0,0.020462494785344853 
23.0,0.0171382717267999 
24.0,0.014307383940270662 
25.0,0.012436468370122711 
26.0,0.01112802509249282 
27.0,0.010725970472282667 
28.0,0.00995155159261384 
29.0,0.009782230619361381 
30.0,0.009109393511327455 
31.0,0.00890201118624073 
32.0,0.008511054998700968 
33.0,0.008228933649288528 
34.0,0.007868494660113199 
35.0,0.0060073104088413385 
36.0,0.005516153524906174 
