i'th Singular Value,

Singular Values of H
0.0,10.09713852312454 
1.0,7.961650230430416 
2.0,1.0562787562502756 
3.0,0.8699134126906221 
4.0,0.7576046697497483 
5.0,0.6951356046555273 
6.0,0.4768651060952737 
7.0,0.41944125918858244 
8.0,0.38758813939272946 
9.0,0.3566341099703346 
10.0,0.3005338750332098 
11.0,0.2770643501909603 
12.0,0.2668674367520322 
13.0,0.23911323593095898 
14.0,0.22676660230800763 
15.0,0.2113738640353911 
16.0,0.2035017247751673 
17.0,0.1888271938571252 
18.0,0.1816971651618347 
19.0,0.17888514751749876 
20.0,0.16856529414348068 
21.0,0.16240560637427637 
22.0,0.16039937047879133 
23.0,0.15583468653737803 
24.0,0.1528846289741111 
25.0,0.1506525323491331 
26.0,0.14704289572646637 
27.0,0.1348353273961925 
28.0,0.12568397134643067 
29.0,0.11760055903585392 
30.0,0.11123291747977661 
31.0,0.10568701801930226 
32.0,0.10120911833213939 
33.0,0.09735987117550243 
34.0,0.09423424984956767 
35.0,0.09160890709671374 
36.0,0.0895134887601585 
37.0,0.08783680029086607 
38.0,0.08658050628604311 
39.0,0.08569490274602472 
40.0,0.08517324443381043 
