X: modelSize Y: Singular Values,
0.0,10.792100024017477 
1.0,4.535715384074868 
2.0,1.2476036631100305 
3.0,0.87396574424225 
4.0,0.6737141242481195 
5.0,0.5116744124789004 
6.0,0.4864366926145024 
7.0,0.405171103260401 
8.0,0.3876610821767402 
9.0,0.3682236161664234 
10.0,0.2922060899929052 
11.0,0.26792113289667846 
12.0,0.24539304190153427 
13.0,0.23683650531016012 
14.0,0.2350632494534578 
15.0,0.1975677365044234 
16.0,0.1852596722260127 
17.0,0.17660335362681182 
18.0,0.17567906080217943 
19.0,0.16781268472866356 
20.0,0.16098478953798084 
21.0,0.15542226370543127 
22.0,0.15271963351253473 
23.0,0.15151444502924094 
24.0,0.14314044721153077 
25.0,0.14203529606185852 
26.0,0.14075754335459928 
27.0,0.13783582182887963 
28.0,0.13678475717758046 
29.0,0.12679306918734617 
30.0,0.1235542947856422 
31.0,0.011632922077772823 
32.0,0.009024246089517862 
33.0,0.0061396903919395535 
34.0,0.004040146975216207 
