X: modelSize Y: Singular Values,
0.0,9.750412396648082 
1.0,6.985477635855702 
2.0,0.9052696788739789 
3.0,0.7910377745983965 
4.0,0.6271343267454356 
5.0,0.43663071816401283 
6.0,0.4337746876570436 
7.0,0.3963012632974553 
8.0,0.30118027835196787 
9.0,0.2753345057673062 
10.0,0.2701824831095574 
11.0,0.24315296377308615 
12.0,0.23413986665047912 
13.0,0.2110460470708448 
14.0,0.19840161328822745 
15.0,0.18289164554740753 
16.0,0.17408134386438465 
17.0,0.17140235797777761 
18.0,0.16059490947440067 
19.0,0.15527309722429292 
20.0,0.14798247352853905 
21.0,0.14501413235981372 
22.0,0.13183042566162104 
23.0,0.1273187821531371 
24.0,0.12337378624834545 
25.0,0.06856381364203118 
26.0,0.06251669315853528 
27.0,0.041538214233455224 
28.0,0.03987623950660327 
29.0,0.033144034695567905 
30.0,0.02777942642382491 
31.0,0.023928796810636293 
32.0,0.014266356349288823 
33.0,0.012723904785178961 
34.0,0.008590175788780985 
35.0,0.0015656267706738866 
36.0,7.346306857099678E-4 
