X: modelSize Y: Singular Values,
0.0,17.027409639188626 
1.0,2.431079664148368 
2.0,0.16180932947032642 
3.0,0.13998769044866793 
4.0,0.05193639102336938 
5.0,0.04981198599841852 
6.0,0.031557111572979565 
7.0,0.0310241676027411 
8.0,0.02325799241486279 
9.0,0.023166116510306797 
10.0,0.01905144254725767 
11.0,0.018972850511261078 
12.0,0.016704768443247305 
13.0,0.01663652164373609 
14.0,0.015856640020734447 
15.0,0.015565069991029742 
16.0,0.015187956428246259 
17.0,0.01500205810308675 
18.0,0.0145562205488637 
19.0,0.014414561226533822 
20.0,0.01147174181235 
21.0,0.007885582512485485 
22.0,0.00764391869533391 
23.0,0.005425774836950786 
24.0,0.0053384870073862195 
25.0,0.004259928111326747 
26.0,0.004210416543933825 
27.0,0.0036209238569902755 
28.0,0.0035866650654492035 
29.0,0.003257207381021758 
30.0,0.0032306617982279843 
31.0,0.0030654235899131355 
32.0,0.003044491493938516 
33.0,0.002993161973313212 
