X: modelSize Y: Singular Values,
0.0,11.442780027579907 
1.0,4.5433579716492565 
2.0,1.3122491244287617 
3.0,0.8234616610640294 
4.0,0.5718170052652423 
5.0,0.5129958237150835 
6.0,0.43159607595382277 
7.0,0.39864248197188606 
8.0,0.30930129502117165 
9.0,0.26771861392669294 
10.0,0.23439354344031413 
11.0,0.22731333343249244 
12.0,0.21861248952648893 
13.0,0.20376195439622 
14.0,0.19145720554572718 
15.0,0.1769104745271194 
16.0,0.1749078386101521 
17.0,0.16321750197947593 
18.0,0.15443501150416877 
19.0,0.1530825456589225 
20.0,0.14870278437920953 
21.0,0.14719803983359997 
22.0,0.14703506357092427 
23.0,0.1352589326085251 
24.0,0.12604078905775318 
25.0,0.12318438157381492 
26.0,0.0444882245398726 
27.0,0.02126066305582364 
28.0,0.015711883068878944 
29.0,0.01019314332529166 
30.0,0.008505440083827389 
31.0,0.006548232438056039 
32.0,0.0043390106486265075 
33.0,0.003607550117211614 
34.0,3.709107538794267E-4 
