X: modelSize Y: Singular Values,
0.0,9.640820215359055 
1.0,6.5036873368757435 
2.0,0.7066586582640599 
3.0,0.5767622325725824 
4.0,0.5319608859878152 
5.0,0.3610833285453326 
6.0,0.3185935385509645 
7.0,0.25201875949855557 
8.0,0.2293094083391857 
9.0,0.19659242698888685 
10.0,0.18289465714900255 
11.0,0.17418628166468011 
12.0,0.164373603051915 
13.0,0.14864236772874959 
14.0,0.13516527473460566 
15.0,0.13319649097186861 
16.0,0.1327550268623047 
17.0,0.13197576882468612 
18.0,0.12448061134460486 
19.0,0.11538653111432848 
20.0,0.11206165689024017 
21.0,0.06263411194830128 
22.0,0.05372210203052526 
23.0,0.022019664399435552 
24.0,0.018971305308550096 
25.0,0.014288217150403246 
26.0,0.013853799283346685 
27.0,0.011220826506615966 
28.0,0.010675290170865171 
29.0,0.007074146267951755 
30.0,0.005066521074888001 
31.0,0.0039309979787409246 
32.0,0.002728566065457055 
33.0,0.0023532880288146527 
