X: modelSize Y: Singular Values,
0.0,10.15966311184121 
1.0,5.51839896580793 
2.0,1.0201745998240725 
3.0,0.6431941825493315 
4.0,0.5907199639867159 
5.0,0.49847997760884716 
6.0,0.3866034429904856 
7.0,0.32768297239357297 
8.0,0.28965493728190955 
9.0,0.26554111960548493 
10.0,0.22328290835548312 
11.0,0.21196532968184603 
12.0,0.19058843793931296 
13.0,0.18599672671476955 
14.0,0.17088701140790824 
15.0,0.1628624399041905 
16.0,0.16162845404887555 
17.0,0.14497107304833615 
18.0,0.14143256063534101 
19.0,0.1393591732037502 
20.0,0.13020058033191861 
21.0,0.1299789991311261 
22.0,0.1297997125097643 
23.0,0.12930726362247116 
24.0,0.12165801455344694 
25.0,0.12038549156530842 
26.0,0.11822067112850525 
27.0,0.0364034800398182 
28.0,0.016690345562993876 
29.0,0.014551100109866408 
30.0,0.011763444682155335 
31.0,0.00852071367963507 
32.0,0.007157155886827255 
33.0,0.006518586204718339 
34.0,0.005487399625193318 
