X: modelSize Y: Singular Values,
0.0,10.466799977169032 
1.0,5.297869127440147 
2.0,1.2391921503773993 
3.0,0.7439072812296417 
4.0,0.561322700804558 
5.0,0.48287032734785623 
6.0,0.4277912332653582 
7.0,0.3624221830063284 
8.0,0.30202974996669757 
9.0,0.2884947827960954 
10.0,0.2603427560719395 
11.0,0.253391608758432 
12.0,0.22251900794758933 
13.0,0.2060660047455082 
14.0,0.19232408931652017 
15.0,0.1888735164448576 
16.0,0.17528352276260697 
17.0,0.17019426550181133 
18.0,0.16901940753408107 
19.0,0.16403838524360628 
20.0,0.159116884940416 
21.0,0.15444982347835928 
22.0,0.15392437736031506 
23.0,0.15135010934768972 
24.0,0.1366202056496183 
25.0,0.129602841772628 
26.0,0.12807866088515316 
27.0,0.1269129425837698 
28.0,0.01597344184244575 
29.0,0.01473427685591959 
30.0,0.010409927914112556 
31.0,0.008695719273114489 
32.0,0.008034953377462817 
33.0,0.007438245165821559 
34.0,0.001342955154326195 
