X: modelSize Y: Singular Values,
0.0,8.450196911370822 
1.0,6.97293943996325 
2.0,0.9090483101216483 
3.0,0.7922658356479708 
4.0,0.7026433972053328 
5.0,0.5568423219113909 
6.0,0.46798335910033995 
7.0,0.4048328227492308 
8.0,0.378061722982233 
9.0,0.2513750005049892 
10.0,0.24519189115367285 
11.0,0.22719248112628448 
12.0,0.22125684848118815 
13.0,0.21350126979246026 
14.0,0.20449693810194403 
15.0,0.18776277711140166 
16.0,0.1804524382532398 
17.0,0.16458845143515952 
18.0,0.15953668967080006 
19.0,0.1533641189078555 
20.0,0.15311344950995565 
21.0,0.14264528710797114 
22.0,0.1410573384972674 
23.0,0.1390366777053229 
24.0,0.1387690169573571 
25.0,0.13041464255054375 
26.0,0.1299085254746055 
27.0,0.12336289125160349 
28.0,0.11807390941415924 
29.0,0.03293707096741237 
30.0,0.025065680331070626 
31.0,0.011964129611851353 
32.0,0.011800743204977376 
33.0,0.0038507096382013758 
34.0,0.001089245225322418 
