X: modelSize Y: Singular Values,
0.0,10.05571806884392 
1.0,5.454038893179869 
2.0,1.093833779197997 
3.0,0.7185243701061762 
4.0,0.5525759765428409 
5.0,0.47725172657925474 
6.0,0.4140985450565014 
7.0,0.3405291277652642 
8.0,0.28588506248889256 
9.0,0.27503261491508646 
10.0,0.24836845480819247 
11.0,0.23948527784405216 
12.0,0.21955833329687846 
13.0,0.19341989858321562 
14.0,0.18609788784813475 
15.0,0.18014660547973832 
16.0,0.17592236509963075 
17.0,0.16355170276251427 
18.0,0.15868390678291988 
19.0,0.1582336003729723 
20.0,0.15754992422307182 
21.0,0.1567924047630466 
22.0,0.14915004899196385 
23.0,0.14485044673912012 
24.0,0.13870098592999 
25.0,0.12359017458928344 
26.0,0.11554785760961443 
27.0,0.11274433538789648 
28.0,0.11251005232517751 
29.0,0.012946947552776356 
30.0,0.01099302803653475 
31.0,0.008976594247419192 
32.0,0.006974476655874888 
33.0,0.0066352819374849315 
34.0,0.006082970641377236 
