X: modelSize Y: Singular Values,
0.0,9.110314972290219 
1.0,5.699288200960417 
2.0,1.202344588408111 
3.0,0.7709464542582067 
4.0,0.5981354974152646 
5.0,0.5364460795976732 
6.0,0.45303764786694795 
7.0,0.37562735345445636 
8.0,0.3073830526951935 
9.0,0.29380614621406226 
10.0,0.26402587084538315 
11.0,0.2562818988332775 
12.0,0.22216091280360195 
13.0,0.2093282238251873 
14.0,0.19160146453380056 
15.0,0.17770711067646522 
16.0,0.17084764816007694 
17.0,0.1653205863949504 
18.0,0.15776276070883719 
19.0,0.15696042026909945 
20.0,0.14824477162402638 
21.0,0.14636085593341758 
22.0,0.1456582762875301 
23.0,0.13497185496168487 
24.0,0.13377987373692743 
25.0,0.13110205941614755 
26.0,0.1300898702355128 
27.0,0.12459416800021687 
28.0,0.12267887766907977 
29.0,0.11941932949815197 
30.0,0.01561032371303979 
31.0,0.010519180840438156 
32.0,0.009820717589667937 
33.0,0.006495443883716499 
34.0,0.006416727706141111 
