MaxQuery:
128
TRUE Rank: 
19
Singular Values:
Done Fixed Plots

Base Comp Errors Modelsize=30
Downwards: BASE, SideWays: #DATA

 0.38780 0.29492 0.28783 0.24086 0.21195 0.12273 0.08790 0.02855 0.00799
 0.38983 0.28780 0.28778 0.24599 0.21079 0.12249 0.08791 0.02831 0.00805
 0.38500 0.28987 0.28273 0.24673 0.21091 0.12079 0.08865 0.02830 0.00807
 0.38443 0.28470 0.28829 0.24356 0.21630 0.11888 0.08896 0.02779 0.00813
 0.39427 0.28501 0.29737 0.25422 0.22116 0.12134 0.09175 0.02867 0.00829
 0.38541 0.28665 0.29385 0.25590 0.22197 0.12247 0.08928 0.02816 0.00828
 0.38448 0.28963 0.29231 0.26270 0.22105 0.12377 0.09263 0.02864 0.00882
 0.37757 0.28829 0.28376 0.24779 0.21422 0.12367 0.09314 0.02921 0.00894

Done Base Differences
Base: 1, Base: 2, Base: 4, Base: 8, Base: 16, Base: 32, Base: 64, Base: 128, 
Model Size Errors

Downwards: BASE, SideWays: #DATA

 0.31720 0.29530 0.21948 0.17470 0.14750 0.09439 0.07222 0.02349 0.00639
 0.37375 0.28003 0.22207 0.20729 0.16630 0.09607 0.06199 0.02095 0.00764
 0.33906 0.26402 0.22999 0.18631 0.15705 0.10626 0.06309 0.02102 0.00672
 0.32883 0.26438 0.22818 0.18676 0.16293 0.10714 0.07324 0.02330 0.00705
 0.34828 0.27909 0.29259 0.22721 0.14801 0.10864 0.07654 0.02526 0.00765
 0.32911 0.29682 0.25708 0.20171 0.18423 0.10127 0.07485 0.02471 0.00765
 0.34755 0.27912 0.23803 0.20050 0.20404 0.11934 0.08574 0.02252 0.00747
 0.36327 0.27663 0.24265 0.17970 0.19304 0.11825 0.07630 0.02576 0.00733

Downwards: BASE, SideWays: #DATA

 21.80000 21.30000 20.50000 18.90000 19.20000 20.30000 21.60000 20.00000 19.90000
 20.00000 20.30000 21.10000 21.30000 21.10000 19.90000 19.80000 19.10000 19.00000
 19.60000 18.90000 19.60000 20.40000 20.90000 19.30000 20.00000 19.00000 19.00000
 19.00000 20.80000 21.00000 20.70000 20.50000 19.00000 19.80000 19.00000 19.00000
 20.20000 21.40000 20.20000 21.60000 19.10000 20.30000 20.10000 19.00000 19.20000
 21.30000 20.50000 21.10000 20.30000 20.90000 19.00000 20.10000 19.00000 19.00000
 19.50000 22.20000 19.80000 20.40000 19.70000 20.20000 20.10000 19.80000 19.00000
 22.40000 20.90000 21.00000 19.00000 20.20000 19.80000 19.00000 19.20000 19.00000

Done Model Differences
Done Multiple Lines Model Error


