X:Sigma Y: Green:Absolute,
0.0,0.05448266905956252 0.0,0.0034577150921756864 
1.0,4.1864984121070667E-4 1.0,-6.197703686588142E-5 
2.0,3.3234792086351856E-4 2.0,-1.3552952477533772E-4 
3.0,7.501587223735185E-4 3.0,-1.2716612612110023E-4 
4.0,0.0012410047458291447 4.0,-5.204081744938458E-4 
5.0,7.61533062081199E-4 5.0,3.8787161999748697E-4 
6.0,4.9470124024315E-4 6.0,-1.542400267906527E-4 
7.0,0.0017434661058820678 7.0,-0.0012389282304049352 
8.0,0.0018341585732571362 8.0,9.442039393158955E-4 
9.0,8.156470634563329E-4 9.0,-4.6028801466358544E-4 
10.0,9.067045283627249E-4 10.0,2.4591656493227847E-4 
11.0,0.0015319431038906524 11.0,8.019757416789441E-4 
12.0,0.001781159489832729 12.0,-0.0011131063395750517 
13.0,8.01127232606129E-4 13.0,3.48478618992527E-4 
14.0,0.001209674547218951 14.0,-1.6274767736947455E-5 
15.0,0.019861133665988004 15.0,0.003786997307277077 
16.0,0.0017171583194833299 16.0,0.0011035409289001509 
17.0,6.850992917872841E-4 17.0,-3.7316041578498905E-4 
18.0,0.001265044697285722 18.0,-1.0729802558288667E-4 
19.0,0.020365933649910756 19.0,0.0013538071342486559 
20.0,0.002974293065810166 20.0,-2.3961802185996605E-4 
21.0,0.0017645865769156332 21.0,5.927406798107561E-4 
22.0,0.002435469246986068 22.0,6.343493881853554E-4 
23.0,0.00324071911067573 23.0,-0.001193877429452625 
24.0,0.0027819374807782704 24.0,-0.001152383924151005 
25.0,0.0014153771812764845 25.0,1.800618060628216E-4 
26.0,0.004517676601284679 26.0,2.5131993200775034E-4 
27.0,0.008665049859552855 27.0,0.0011205949028290482 
28.0,0.0017552525755191364 28.0,7.868938625726829E-4 
29.0,0.001737729348668807 29.0,-1.331777857031602E-4 
30.0,0.002357429274274295 30.0,0.00183252127897136 
31.0,0.00995707460197536 31.0,0.0025543332596318384 
32.0,0.0015666356624706886 32.0,-5.475356952431593E-4 
33.0,0.0012765717268027753 33.0,-6.264719354079662E-4 
34.0,0.006550361043830876 34.0,-0.0010054669356887255 
35.0,0.002974825616751677 35.0,-0.0025577034892314008 
36.0,0.0017674377765972906 36.0,2.0138755047024526E-4 
37.0,7.882016445870082E-4 37.0,9.344886923612318E-6 
38.0,0.005561360491340179 38.0,-0.001474306638932547 
39.0,0.00326400218862887 39.0,0.0018707269558993842 
40.0,8.737106902798882E-4 40.0,4.736066031886609E-4 
41.0,0.0010657638747422105 41.0,-1.2563662271128433E-4 
42.0,0.0016895707902447395 42.0,1.3106776186638043E-4 
43.0,0.005440493274980531 43.0,1.1704327083081785E-4 
44.0,0.001208728401106298 44.0,-1.4343604350530015E-4 
45.0,0.0018507684660446938 45.0,5.994279731136366E-4 
46.0,0.0032662101213311776 46.0,-1.4044452994867304E-4 
47.0,0.001631465103906193 47.0,-0.0010884451446199826 
48.0,0.0010503331087927136 48.0,-9.372409386656285E-6 
49.0,0.0011081022585669033 49.0,9.962316285828364E-5 
50.0,0.004147546453607429 50.0,1.636915178616194E-4 
51.0,0.0018789071530665863 51.0,8.097964453037156E-4 
52.0,8.642916418027328E-4 52.0,2.1993326260181175E-4 
53.0,0.0028909652201587043 53.0,-6.726746761890171E-4 
54.0,0.001361463331878507 54.0,-0.0011470207736854663 
55.0,0.0021604453801152192 55.0,-2.3453737748084036E-4 
56.0,5.648411330581191E-4 56.0,-1.9935324897583515E-5 
57.0,0.0018882106651595103 57.0,-7.2883266945537E-4 
58.0,0.0018092141135704972 58.0,6.84942904355448E-4 
59.0,7.610964191516595E-4 59.0,-5.896696846605804E-4 
60.0,5.227290361086379E-4 60.0,-5.2449866838523276E-5 
61.0,8.531900075948191E-4 61.0,1.362522087819512E-4 
62.0,0.003336415230473823 62.0,-2.7758625119068005E-5 
63.0,0.0010838073902890712 63.0,4.692963037090404E-4 
64.0,9.300780819044864E-4 64.0,3.9649235573787305E-4 
65.0,0.001587528844488674 65.0,-3.8265072264494015E-4 
66.0,0.0013410888672626177 66.0,-0.001296305527240307 
67.0,9.706457887708415E-4 67.0,-6.223514878596925E-5 
68.0,4.29568777364985E-4 68.0,-2.2616635748918873E-4 
69.0,0.001596867290386688 69.0,-1.189158705479755E-4 
70.0,0.0015365536759486221 70.0,6.69844163005198E-4 
71.0,4.131872088185341E-4 71.0,-2.8606069219830343E-4 
72.0,0.0011381643676586536 72.0,-3.188212670033479E-4 
73.0,8.230485608317374E-4 73.0,-5.652145837191829E-4 
74.0,0.0018467235103810625 74.0,-2.820272850662191E-4 
75.0,4.5452409421955646E-4 75.0,1.8769167422225233E-4 
76.0,8.773065224418362E-4 76.0,4.298211586256389E-5 
77.0,8.10435596546022E-4 77.0,1.466954300254132E-4 
78.0,7.08156773605344E-4 78.0,-6.825289165413388E-4 
79.0,3.364703549856932E-4 79.0,-1.1119594297736104E-4 
80.0,2.628208574157097E-4 80.0,-6.767169427315513E-5 
81.0,0.0015404998409121566 81.0,-2.8311846019360844E-4 
82.0,8.28184311393865E-4 82.0,3.632802639754821E-4 
83.0,3.9584283464450556E-4 83.0,-2.3100084469369568E-5 
84.0,7.167403680511489E-4 84.0,-2.344956332958357E-4 
85.0,6.568686297739807E-4 85.0,-5.934409004848487E-4 
86.0,9.444706913996888E-4 86.0,-9.842901486246266E-5 
87.0,2.4968058119133926E-4 87.0,-4.1226608965908354E-5 
88.0,8.288676686707349E-4 88.0,-1.2334258408617127E-4 
89.0,6.247672853142538E-4 89.0,2.0666903790646669E-4 
90.0,5.910169137221435E-4 90.0,-5.507480632606811E-4 
91.0,4.119322798084743E-4 91.0,-5.087011629149121E-5 
92.0,4.184971864121676E-4 92.0,-1.61375714750927E-4 
93.0,8.768707321023734E-4 93.0,-1.0226022267488157E-4 
94.0,5.15276636748395E-4 94.0,2.3770588160112668E-4 
95.0,3.158342517801224E-4 95.0,-3.064964256018315E-5 
96.0,3.6685700399008105E-4 96.0,-1.2465012938578794E-4 
97.0,6.130138609488558E-4 97.0,-5.859546625526279E-4 
98.0,4.122946698853501E-4 98.0,-1.0450442859028879E-4 
99.0,2.2615761367453827E-4 99.0,-6.217682406602235E-5 
100.0,5.476305071359681E-4 100.0,-1.0095545759076436E-4 
101.0,5.640186938217546E-4 101.0,2.0706838774606478E-4 
102.0,2.5023224897168444E-4 102.0,-1.8309332363418998E-4 
103.0,3.021069308095627E-4 103.0,-1.14063830716954E-4 
104.0,2.83511944332834E-4 104.0,-2.320864180063432E-4 
105.0,6.087083454977012E-4 105.0,-1.3344372427692786E-4 
106.0,2.5561566358797797E-4 106.0,1.781806777183524E-5 
107.0,3.1031838609208687E-4 107.0,-7.454793664124846E-5 
108.0,3.0788290438906276E-4 108.0,2.2335086175559766E-5 
109.0,3.778929809875522E-4 109.0,-3.587234687636927E-4 
110.0,2.0624409818478743E-4 110.0,-4.6603254226753785E-6 
111.0,1.6739891751947213E-4 111.0,-4.176009033316487E-5 
112.0,4.5208066358334056E-4 112.0,-1.383486171230947E-4 
113.0,2.595050111002649E-4 113.0,8.12639492217766E-5 
114.0,2.0258649424983365E-4 114.0,-1.5825917518214435E-4 
115.0,1.8873186507764117E-4 115.0,-6.43049489738162E-5 
116.0,2.5831628577481123E-4 116.0,-2.352488289694898E-4 
117.0,2.7842862196732936E-4 117.0,4.242862700659352E-6 
118.0,1.5791531190715403E-4 118.0,-4.426832157639727E-7 
119.0,2.3812781848091247E-4 119.0,-9.199605368046409E-5 
120.0,1.9956130528371469E-4 120.0,1.650949855413563E-5 
121.0,2.815414437382398E-4 121.0,-2.634203462853179E-4 
122.0,1.4145085583326604E-4 122.0,-3.8181639700756294E-5 
123.0,1.287960531151706E-4 123.0,-6.20415955158669E-5 
124.0,2.517733197128224E-4 124.0,-4.245983671588022E-5 
125.0,1.777291571318841E-4 125.0,3.5868679569200123E-5 
126.0,1.048766534614924E-4 126.0,-6.389262117961639E-5 
127.0,1.2888043140820105E-4 127.0,-4.5906960892081456E-5 
128.0,2.3038720867178328E-4 128.0,-2.1813206981165521E-4 
129.0,1.349573578966932E-4 129.0,-2.4071010944717016E-5 
130.0,1.2341631321955134E-4 130.0,-2.7933656834649847E-5 
131.0,1.8298127306201354E-4 131.0,-8.142278236893573E-5 
132.0,1.6033701487151077E-4 132.0,3.4934321424353674E-5 
133.0,1.2910537701722014E-4 133.0,-1.1107214020238763E-4 
134.0,6.15587898064529E-5 134.0,-1.9368529942085835E-5 
135.0,1.2032593748925689E-4 135.0,-8.175834827459764E-5 
136.0,1.676810075202518E-4 136.0,-4.170391028952815E-5 
137.0,1.2305564126014327E-4 137.0,-3.275810630254873E-5 
138.0,1.2173346473896685E-4 138.0,-8.783302071273355E-5 
139.0,1.0798888931919531E-4 139.0,6.667720044670667E-7 
140.0,1.464663397573082E-4 140.0,-1.3683805276024164E-4 
141.0,8.616876878665615E-5 141.0,2.5979109879971343E-5 
142.0,7.255285353598174E-5 142.0,-8.677381230876938E-6 
143.0,1.3761991752880018E-4 143.0,-6.0278869631155086E-5 
144.0,8.05841970050909E-5 144.0,-1.9183132698877178E-5 
145.0,1.020648792009176E-4 145.0,-9.389397305935503E-5 
146.0,5.3758114238892484E-5 146.0,-2.587479412486337E-5 
147.0,1.0811519934136169E-4 147.0,-8.571890752592014E-5 
148.0,9.299287961219173E-5 148.0,1.710200310106338E-5 
149.0,6.282599890780178E-5 149.0,-1.1978970498684357E-5 
150.0,8.237097795930459E-5 150.0,-4.9443504193675594E-5 
151.0,7.607264364566609E-5 151.0,-8.650024643627732E-6 
152.0,1.0765189545387745E-4 152.0,-9.976335882131322E-5 
153.0,5.4655965851386504E-5 153.0,-1.6742814813527095E-5 
154.0,6.405893743685128E-5 154.0,-3.2608995061037064E-5 
155.0,7.728626196176159E-5 155.0,-2.3955546046092738E-5 
156.0,4.783251083096127E-5 156.0,-1.3014627384660782E-5 
157.0,4.1531879987219804E-5 157.0,-3.5797981913997874E-5 
158.0,5.2008503781603315E-5 158.0,-1.5758594482283096E-6 
159.0,8.820444841435194E-5 159.0,-7.445875513977453E-5 
160.0,4.482432422925601E-5 160.0,-5.450638727081241E-6 
161.0,5.53753720277886E-5 161.0,-2.658827728203006E-5 
162.0,7.609681690225431E-5 162.0,-5.162210079411642E-5 
163.0,4.326055076717468E-5 163.0,-3.0625703401114887E-6 
164.0,4.7340946105851734E-5 164.0,-4.197098883794168E-5 
165.0,3.489397429802212E-5 165.0,6.343041325775083E-6 
166.0,4.7909409011695035E-5 166.0,-3.070507640995989E-5 
167.0,4.344317895144203E-5 167.0,-1.1979195227232013E-5 
168.0,5.181677945183539E-5 168.0,-3.4728266083449684E-5 
169.0,5.281820559290997E-5 169.0,-4.618987921961346E-5 
170.0,3.335083070605885E-5 170.0,-2.7560712395333624E-6 
171.0,5.544772921596768E-5 171.0,-4.78827990961938E-5 
172.0,3.682077092251747E-5 172.0,1.4021363467123828E-5 
173.0,2.3328795748369485E-5 173.0,-9.41439748600879E-6 
174.0,4.055027585751053E-5 174.0,-2.0947995138057347E-5 
175.0,3.114806932592546E-5 175.0,-2.132391619141522E-5 
176.0,3.964387021376994E-5 176.0,-3.5613617382783554E-5 
177.0,2.7462676856128815E-5 177.0,-9.947519676461533E-6 
178.0,4.7709433772760204E-5 178.0,-3.767165585219643E-5 
179.0,3.445658986412027E-5 179.0,4.2344734552552955E-6 
180.0,2.0952745442084344E-5 180.0,-1.2654611365302948E-5 
181.0,2.574516843533005E-5 181.0,-1.8399802918085003E-5 
182.0,2.77329804444669E-5 182.0,-5.616945536659951E-7 
183.0,3.751571009253701E-5 183.0,-3.188647096782047E-5 
184.0,2.3475719037135485E-5 184.0,-9.393956237882732E-6 
185.0,3.0107950136692182E-5 185.0,-2.3557247019163592E-5 
186.0,2.729292066622521E-5 186.0,-1.4146737270427534E-5 
187.0,1.9940041525507705E-5 187.0,-1.441298621348113E-5 
188.0,1.4634844652709848E-5 188.0,-1.092827734159389E-5 
189.0,2.5741374949651364E-5 189.0,7.390396024830675E-6 
190.0,3.158035920498735E-5 190.0,-2.6189171175264558E-5 
191.0,1.565010427220887E-5 191.0,-2.6313304772435813E-6 
192.0,2.436943242827009E-5 192.0,-2.05836235648093E-5 
193.0,2.920603174926935E-5 193.0,-2.2614033952508344E-5 
194.0,1.5137209784377194E-5 194.0,-7.309395958391973E-6 
195.0,1.6453512032457436E-5 195.0,-1.2722030020810478E-5 
196.0,1.5896135516423534E-5 196.0,5.114851467340293E-6 
197.0,1.6767816141155814E-5 197.0,-1.4478076892173375E-5 
198.0,2.013048719218273E-5 198.0,-1.3043867332264272E-6 
199.0,2.2155796452975136E-5 199.0,-1.9273890219550426E-5 
200.0,1.9583167310984076E-5 200.0,-1.728102890208093E-5 
201.0,1.3142253788749207E-5 201.0,-3.938928450973088E-6 
202.0,2.2491340932199347E-5 202.0,-1.903523056441474E-5 
203.0,1.2694983904390852E-5 203.0,2.0085658376138916E-6 
204.0,8.975595623037077E-6 204.0,-6.949535074515976E-6 
205.0,1.4338738858045276E-5 205.0,-3.509661919394639E-6 
206.0,1.4510088019585186E-5 206.0,-9.39051917861528E-6 
207.0,1.2431899484003099E-5 207.0,-1.0185601224824048E-5 
208.0,1.2466042509049294E-5 208.0,-6.038184311704381E-6 
209.0,2.0617334331411883E-5 209.0,-1.9666073846269626E-5 
210.0,1.3378977020553172E-5 210.0,-1.3355971345187077E-6 
211.0,9.38500876843542E-6 211.0,-8.006956535943744E-6 
212.0,8.11748047883048E-6 212.0,-3.555944361527674E-6 
213.0,1.1280461157582296E-5 213.0,1.6337713661600156E-6 
214.0,1.163679581166617E-5 214.0,-9.352191354236992E-6 
215.0,8.179002161447574E-6 215.0,-5.368518828613087E-6 
216.0,1.5730007921869263E-5 216.0,-1.4597947226083437E-5 
217.0,8.859253116229717E-6 217.0,-5.8280093082333265E-6 
218.0,1.2744361241390129E-5 218.0,-9.255535099984088E-6 
219.0,6.000823693899786E-6 219.0,-2.302542875246094E-6 
220.0,9.69352138175869E-6 220.0,3.884389101629854E-6 
221.0,1.0043827965265461E-5 221.0,-9.363222884334099E-6 
222.0,7.83128743213435E-6 222.0,-6.030467415712217E-7 
223.0,1.1112510830063768E-5 223.0,-1.0425455139510118E-5 
224.0,9.37429622083534E-6 224.0,-7.539869717621271E-6 
225.0,1.0948734921165901E-5 225.0,-6.769819806461418E-6 
226.0,5.661896143723775E-6 226.0,-4.519729387626376E-6 
227.0,5.1916839184518015E-6 227.0,3.0178841486661626E-7 
228.0,6.924868654547039E-6 228.0,-6.221032129904089E-6 
229.0,9.956246618978365E-6 229.0,2.432096424656806E-6 
230.0,9.899234466837362E-6 230.0,-7.63873555212381E-6 
231.0,6.114361966344864E-6 231.0,-5.061886242882395E-6 
232.0,7.348749331718155E-6 232.0,-4.412415664821525E-6 
233.0,9.636267907767516E-6 233.0,-8.799009921809144E-6 
234.0,4.318351920026463E-6 234.0,-1.8300031089337123E-6 
235.0,3.937887752156019E-6 235.0,-3.57653191047997E-6 
236.0,7.0830247912279785E-6 236.0,1.6854905693629178E-6 
237.0,6.2078200480032365E-6 237.0,-3.4130151184520795E-6 
238.0,2.705768319612202E-6 238.0,-2.199424048135889E-6 
239.0,4.9696914234057076E-6 239.0,-3.837229013732263E-6 
240.0,9.980030032636559E-6 240.0,-9.657201930207059E-6 
241.0,3.5517522871039096E-6 241.0,-1.6999760882660125E-6 
242.0,5.911056906016627E-6 242.0,-4.433902251892903E-6 
243.0,4.081257914054124E-6 243.0,1.0123997487778957E-7 
244.0,3.3262595449153906E-6 244.0,2.4984445458248696E-7 
245.0,2.572727695641014E-6 245.0,-1.982805838706221E-6 
246.0,3.042468998163657E-6 246.0,-2.364694798071896E-6 
247.0,6.9330847854167545E-6 247.0,-6.6964287636936355E-6 
248.0,2.552734970512166E-6 248.0,-1.8324858287780267E-6 
249.0,7.736960043599731E-6 249.0,-5.885427435781718E-6 
250.0,2.112638493144197E-6 250.0,-8.083177131758037E-7 
251.0,2.6690608049227087E-6 251.0,4.0001864503785476E-7 
252.0,2.942895682585882E-6 252.0,-2.5947023120540714E-6 
253.0,3.5344257389647184E-6 253.0,6.30410780825026E-7 
254.0,4.656120158238071E-6 254.0,-3.7641401938956748E-6 
255.0,2.8936937427287413E-6 255.0,-2.0650556759866343E-6 
