X:Sigma Y:|f(x)-fhat(x)|,
0.0,0.05448266905956252 0.0,0.05448266905956252 
1.0,4.1864984121070667E-4 1.0,4.1864984121070667E-4 
2.0,2.941728728899193E-4 2.0,3.3234792086351856E-4 
3.0,7.520536422231235E-4 3.0,7.501587223735185E-4 
4.0,9.089284552624675E-4 4.0,0.0012410047458291447 
5.0,7.822359572174645E-4 5.0,7.61533062081199E-4 
6.0,5.356495872226656E-4 6.0,4.9470124024315E-4 
7.0,0.001579867635044288 7.0,0.0017434661058820678 
8.0,0.0011045624221418498 8.0,0.0018341585732571362 
9.0,5.80902107982791E-4 9.0,8.156470634563329E-4 
10.0,6.403795236864546E-4 10.0,9.067045283627249E-4 
11.0,0.0010860142877780854 11.0,0.0015319431038906524 
12.0,0.0016921759970525026 12.0,0.001781159489832729 
13.0,6.443519763638778E-4 13.0,8.01127232606129E-4 
14.0,0.0012018794744493738 14.0,0.001209674547218951 
15.0,0.019679025541076665 15.0,0.019861133665988004 
16.0,0.001043960583440295 16.0,0.0017171583194833299 
17.0,4.6517666018347774E-4 17.0,6.850992917872841E-4 
18.0,8.369504484262059E-4 18.0,0.001265044697285722 
19.0,0.01944664861338142 19.0,0.020365933649910756 
20.0,0.0030589623548492933 20.0,0.002974293065810166 
21.0,9.556276801198724E-4 21.0,0.0017645865769156332 
22.0,0.0010647915277069105 22.0,0.002435469246986068 
23.0,0.001836871016213329 23.0,0.00324071911067573 
24.0,0.0029176496138437783 24.0,0.0027819374807782704 
25.0,9.144641259635617E-4 25.0,0.0014153771812764845 
26.0,0.0022294605658760825 26.0,0.004517676601284679 
27.0,0.010475616944726152 27.0,0.008665049859552855 
28.0,0.001031858489463177 28.0,0.0017552525755191364 
29.0,0.0012909491606827458 29.0,0.001737729348668807 
30.0,0.0011848479458336013 30.0,0.002357429274274295 
31.0,0.010984283234696956 31.0,0.00995707460197536 
32.0,9.447665133844374E-4 32.0,0.0015666356624706886 
33.0,6.731837913604037E-4 33.0,0.0012765717268027753 
34.0,0.010257144614948309 34.0,0.006550361043830876 
35.0,9.410275533948424E-4 35.0,0.002974825616751677 
36.0,0.0017255629252606978 36.0,0.0017674377765972906 
37.0,8.630320814836395E-4 37.0,7.882016445870082E-4 
38.0,0.008014221214345899 38.0,0.005561360491340179 
39.0,0.003862354603018535 39.0,0.00326400218862887 
40.0,5.432655062307219E-4 40.0,8.737106902798882E-4 
41.0,0.001474260772148768 41.0,0.0010657638747422105 
42.0,0.0010351631135923029 42.0,0.0016895707902447395 
43.0,0.007879258889137325 43.0,0.005440493274980531 
44.0,4.91889010993703E-4 44.0,0.001208728401106298 
45.0,0.0012291852483541916 45.0,0.0018507684660446938 
46.0,0.006584704927362166 46.0,0.0032662101213311776 
47.0,0.0010262319168452751 47.0,0.001631465103906193 
48.0,0.0010307307951074002 48.0,0.0010503331087927136 
49.0,0.001220874293702465 49.0,0.0011081022585669033 
50.0,0.00566721986154852 50.0,0.004147546453607429 
51.0,0.0014768051606891277 51.0,0.0018789071530665863 
52.0,7.059038932366859E-4 52.0,8.642916418027328E-4 
53.0,0.002414336860884861 53.0,0.0028909652201587043 
54.0,0.0016066710670174834 54.0,0.001361463331878507 
55.0,0.002345399464801356 55.0,0.0021604453801152192 
56.0,7.149982999333039E-4 56.0,5.648411330581191E-4 
57.0,0.0028465158571784263 57.0,0.0018882106651595103 
58.0,0.0029002658502981634 58.0,0.0018092141135704972 
59.0,7.763951035084033E-4 59.0,7.610964191516595E-4 
60.0,9.456299852990708E-4 60.0,5.227290361086379E-4 
61.0,0.001480131993980361 61.0,8.531900075948191E-4 
62.0,0.003160384793262587 62.0,0.003336415230473823 
63.0,9.041432899139151E-4 63.0,0.0010838073902890712 
64.0,2.4296243542117104E-4 64.0,9.300780819044864E-4 
65.0,0.003890233600899763 65.0,0.001587528844488674 
66.0,5.568128066188345E-4 66.0,0.0013410888672626177 
67.0,0.002403700834625511 67.0,9.706457887708415E-4 
68.0,3.3169264072783724E-4 68.0,4.29568777364985E-4 
69.0,0.004317858542874623 69.0,0.001596867290386688 
70.0,0.0024230755432789416 70.0,0.0015365536759486221 
71.0,4.601539425580321E-4 71.0,4.131872088185341E-4 
72.0,0.001201101120249033 72.0,0.0011381643676586536 
73.0,4.501275300468603E-4 73.0,8.230485608317374E-4 
74.0,0.0043166452115831425 74.0,0.0018467235103810625 
75.0,0.0012542181531376361 75.0,4.5452409421955646E-4 
76.0,0.0016990290363277753 76.0,8.773065224418362E-4 
77.0,0.0016855464386188973 77.0,8.10435596546022E-4 
78.0,6.549246951825087E-4 78.0,7.08156773605344E-4 
79.0,0.0013773953984407262 79.0,3.364703549856932E-4 
80.0,6.47831664872249E-4 80.0,2.628208574157097E-4 
81.0,0.0034664893235108033 81.0,0.0015404998409121566 
82.0,0.0010882916622166386 82.0,8.28184311393865E-4 
83.0,3.879504942590077E-4 83.0,3.9584283464450556E-4 
84.0,9.25060217475584E-4 84.0,7.167403680511489E-4 
85.0,4.6764676983127566E-4 85.0,6.568686297739807E-4 
86.0,0.0013948988276177078 86.0,9.444706913996888E-4 
87.0,3.729236513686275E-4 87.0,2.4968058119133926E-4 
88.0,0.00137092973587996 88.0,8.288676686707349E-4 
89.0,0.0012787834472125623 89.0,6.247672853142538E-4 
90.0,3.425717414426768E-4 90.0,5.910169137221435E-4 
91.0,6.945458376851823E-4 91.0,4.119322798084743E-4 
92.0,5.487126357513076E-4 92.0,4.184971864121676E-4 
93.0,0.0012649292317910362 93.0,8.768707321023734E-4 
94.0,5.408177668800486E-4 94.0,5.15276636748395E-4 
95.0,4.207460861063212E-4 95.0,3.158342517801224E-4 
96.0,7.411611243987937E-4 96.0,3.6685700399008105E-4 
97.0,6.656439123060816E-4 97.0,6.130138609488558E-4 
98.0,6.371325387182886E-4 98.0,4.122946698853501E-4 
99.0,2.9269721108547556E-4 99.0,2.2615761367453827E-4 
100.0,8.383956602052009E-4 100.0,5.476305071359681E-4 
101.0,6.985725917485914E-4 101.0,5.640186938217546E-4 
102.0,2.2400283692263485E-4 102.0,2.5023224897168444E-4 
103.0,6.84260637843028E-4 103.0,3.021069308095627E-4 
104.0,3.380963145610512E-4 104.0,2.83511944332834E-4 
105.0,6.746380405923644E-4 105.0,6.087083454977012E-4 
106.0,4.436594094557148E-4 106.0,2.5561566358797797E-4 
107.0,5.038101653523802E-4 107.0,3.1031838609208687E-4 
108.0,9.11978679615685E-4 108.0,3.0788290438906276E-4 
109.0,3.710464118938802E-4 109.0,3.778929809875522E-4 
110.0,2.4202119143496196E-4 110.0,2.0624409818478743E-4 
111.0,3.227367280388727E-4 111.0,1.6739891751947213E-4 
112.0,6.071350189150515E-4 112.0,4.5208066358334056E-4 
113.0,5.90087110668661E-4 113.0,2.595050111002649E-4 
114.0,2.4234863062830558E-4 114.0,2.0258649424983365E-4 
115.0,3.50291872321348E-4 115.0,1.8873186507764117E-4 
116.0,1.650163643452279E-4 116.0,2.5831628577481123E-4 
117.0,3.317602354900171E-4 117.0,2.7842862196732936E-4 
118.0,1.0637256228043081E-4 118.0,1.5791531190715403E-4 
119.0,3.451617480078644E-4 119.0,2.3812781848091247E-4 
120.0,3.6328807926451E-4 120.0,1.9956130528371469E-4 
121.0,1.5759261934703705E-4 121.0,2.815414437382398E-4 
122.0,1.2692060232937245E-4 122.0,1.4145085583326604E-4 
123.0,1.330259599921206E-4 123.0,1.287960531151706E-4 
124.0,2.616046384992546E-4 124.0,2.517733197128224E-4 
125.0,2.0786891779545888E-4 125.0,1.777291571318841E-4 
126.0,1.994466519062012E-4 126.0,1.048766534614924E-4 
127.0,3.4994881580095824E-4 127.0,1.2888043140820105E-4 
128.0,1.0930138944667296E-5 128.0,2.3038720867178328E-4 
129.0,1.0150755213314833E-4 129.0,1.349573578966932E-4 
130.0,3.290456393820426E-5 130.0,1.2341631321955134E-4 
131.0,2.2557926351922066E-4 131.0,1.8298127306201354E-4 
132.0,1.1420002085277592E-4 132.0,1.6033701487151077E-4 
133.0,1.6349871493193622E-5 133.0,1.2910537701722014E-4 
134.0,1.597419616733309E-4 134.0,6.15587898064529E-5 
135.0,1.1560480740325714E-5 135.0,1.2032593748925689E-4 
136.0,1.2386594226730554E-4 136.0,1.676810075202518E-4 
137.0,2.8339488833236728E-5 137.0,1.2305564126014327E-4 
138.0,1.5279287678696157E-4 138.0,1.2173346473896685E-4 
139.0,3.596966071734525E-4 139.0,1.0798888931919531E-4 
140.0,5.948945622957739E-6 140.0,1.464663397573082E-4 
141.0,5.7470010658373784E-5 141.0,8.616876878665615E-5 
142.0,4.680682690501912E-5 142.0,7.255285353598174E-5 
143.0,1.5655034007456176E-4 143.0,1.3761991752880018E-4 
144.0,5.3654220751383344E-5 144.0,8.05841970050909E-5 
145.0,3.6259202099725647E-5 145.0,1.020648792009176E-4 
146.0,1.9056975226442905E-4 146.0,5.3758114238892484E-5 
147.0,3.5959543034909505E-5 147.0,1.0811519934136169E-4 
148.0,6.851062792654757E-5 148.0,9.299287961219173E-5 
149.0,1.6131693364656375E-5 149.0,6.282599890780178E-5 
150.0,6.564286883940639E-5 150.0,8.237097795930459E-5 
151.0,9.609945337092295E-5 151.0,7.607264364566609E-5 
152.0,1.3628222706385555E-5 152.0,1.0765189545387745E-4 
153.0,3.2817811407412256E-5 153.0,5.4655965851386504E-5 
154.0,7.451415315392991E-6 154.0,6.405893743685128E-5 
155.0,6.895930576617238E-5 155.0,7.728626196176159E-5 
156.0,2.3830738805323865E-5 156.0,4.783251083096127E-5 
157.0,4.172374286098409E-5 157.0,4.1531879987219804E-5 
158.0,1.41444810426055E-4 158.0,5.2008503781603315E-5 
159.0,2.2048687109944198E-5 159.0,8.820444841435194E-5 
160.0,3.242753775019338E-5 160.0,4.482432422925601E-5 
161.0,2.2262834052613776E-5 161.0,5.53753720277886E-5 
162.0,7.075299488691247E-5 162.0,7.609681690225431E-5 
163.0,6.179077306396265E-5 163.0,4.326055076717468E-5 
164.0,5.309534180178972E-6 164.0,4.7340946105851734E-5 
165.0,3.96907553513583E-5 165.0,3.489397429802212E-5 
166.0,1.7229581580349025E-5 166.0,4.7909409011695035E-5 
167.0,3.4440638463073665E-5 167.0,4.344317895144203E-5 
168.0,1.1521687821548588E-5 168.0,5.181677945183539E-5 
169.0,2.7185831987073095E-5 169.0,5.281820559290997E-5 
170.0,4.628940785482025E-5 170.0,3.335083070605885E-5 
171.0,5.683660946684945E-6 171.0,5.544772921596768E-5 
172.0,1.595888262785743E-5 172.0,3.682077092251747E-5 
173.0,1.41803839350718E-5 173.0,2.3328795748369485E-5 
174.0,2.2810522552029696E-5 174.0,4.055027585751053E-5 
175.0,1.68814528957834E-5 175.0,3.114806932592546E-5 
176.0,1.559238369114345E-5 176.0,3.964387021376994E-5 
177.0,2.7036559493526853E-5 177.0,2.7462676856128815E-5 
178.0,2.331311043394778E-6 178.0,4.7709433772760204E-5 
179.0,1.796546199724717E-5 179.0,3.445658986412027E-5 
180.0,7.415411409773852E-6 180.0,2.0952745442084344E-5 
181.0,2.0529778325248557E-5 181.0,2.574516843533005E-5 
182.0,2.80849526531125E-5 182.0,2.77329804444669E-5 
183.0,6.527182316911358E-6 183.0,3.751571009253701E-5 
184.0,1.1255790859378753E-5 184.0,2.3475719037135485E-5 
185.0,4.628118856935541E-6 185.0,3.0107950136692182E-5 
186.0,1.545127481673414E-5 186.0,2.729292066622521E-5 
187.0,8.52633179982453E-6 187.0,1.9940041525507705E-5 
188.0,9.999975675170395E-6 188.0,1.4634844652709848E-5 
189.0,1.6127190742555034E-5 189.0,2.5741374949651364E-5 
190.0,2.202203980587572E-6 190.0,3.158035920498735E-5 
191.0,9.107838085846493E-6 191.0,1.565010427220887E-5 
192.0,7.045492137964631E-6 192.0,2.436943242827009E-5 
193.0,1.584056924490478E-5 193.0,2.920603174926935E-5 
194.0,9.206203379501674E-6 194.0,1.5137209784377194E-5 
195.0,6.102275323756151E-6 195.0,1.6453512032457436E-5 
196.0,1.19609959164525E-5 196.0,1.5896135516423534E-5 
197.0,6.4525007317551145E-6 197.0,1.6767816141155814E-5 
198.0,8.547386896024105E-6 198.0,2.013048719218273E-5 
199.0,6.870962167788594E-6 199.0,2.2155796452975136E-5 
200.0,8.75854084886616E-6 200.0,1.9583167310984076E-5 
201.0,1.7355919023427095E-5 201.0,1.3142253788749207E-5 
202.0,4.520093730694188E-6 202.0,2.2491340932199347E-5 
203.0,1.0187119704774053E-5 203.0,1.2694983904390852E-5 
204.0,9.427896771840719E-6 204.0,8.975595623037077E-6 
205.0,9.641440810434329E-6 205.0,1.4338738858045276E-5 
206.0,1.2206204664749044E-5 206.0,1.4510088019585186E-5 
207.0,3.7130951371569557E-6 207.0,1.2431899484003099E-5 
208.0,1.6266447133122103E-5 208.0,1.2466042509049294E-5 
209.0,3.6859619169066982E-6 209.0,2.0617334331411883E-5 
210.0,7.000057156868852E-6 210.0,1.3378977020553172E-5 
211.0,1.848278819789343E-6 211.0,9.38500876843542E-6 
212.0,4.7438603594546385E-6 212.0,8.11748047883048E-6 
213.0,7.5161972414191845E-6 213.0,1.1280461157582296E-5 
214.0,3.050199259597698E-6 214.0,1.163679581166617E-5 
215.0,4.24235046710916E-6 215.0,8.179002161447574E-6 
216.0,2.7990111044993008E-6 216.0,1.5730007921869263E-5 
217.0,2.8882515811829227E-6 217.0,8.859253116229717E-6 
218.0,4.075126545735142E-6 218.0,1.2744361241390129E-5 
219.0,3.1507093952236765E-6 219.0,6.000823693899786E-6 
220.0,6.86304825059106E-6 220.0,9.69352138175869E-6 
221.0,1.6325109031788797E-6 221.0,1.0043827965265461E-5 
222.0,2.566258263661021E-6 222.0,7.83128743213435E-6 
223.0,3.7672378962393477E-6 223.0,1.1112510830063768E-5 
224.0,5.3501962144340435E-6 224.0,9.37429622083534E-6 
225.0,4.723782610526517E-6 225.0,1.0948734921165901E-5 
226.0,2.055405974255064E-6 226.0,5.661896143723775E-6 
227.0,5.199613826073894E-6 227.0,5.1916839184518015E-6 
228.0,2.869061591875369E-6 228.0,6.924868654547039E-6 
229.0,3.238755056088697E-6 229.0,9.956246618978365E-6 
230.0,1.790489679691636E-6 230.0,9.899234466837362E-6 
231.0,2.636878735128558E-6 231.0,6.114361966344864E-6 
232.0,4.153247971761653E-6 232.0,7.348749331718155E-6 
233.0,1.1763800006903684E-6 233.0,9.636267907767516E-6 
234.0,2.1772482539954574E-6 234.0,4.318351920026463E-6 
235.0,1.5551628342521956E-6 235.0,3.937887752156019E-6 
236.0,1.279349801510484E-6 236.0,7.0830247912279785E-6 
237.0,1.8453798689475956E-6 237.0,6.2078200480032365E-6 
238.0,1.258667712318855E-6 238.0,2.705768319612202E-6 
239.0,2.0711136799308656E-6 239.0,4.9696914234057076E-6 
240.0,1.2113710896693373E-6 240.0,9.980030032636559E-6 
241.0,1.9513818822459333E-6 241.0,3.5517522871039096E-6 
242.0,1.2187658965103554E-6 242.0,5.911056906016627E-6 
243.0,1.7501881173227007E-6 243.0,4.081257914054124E-6 
244.0,1.862730258202899E-6 244.0,3.3262595449153906E-6 
245.0,7.198154943240001E-7 245.0,2.572727695641014E-6 
246.0,1.4117667257869714E-6 246.0,3.042468998163657E-6 
247.0,9.16276122261899E-7 247.0,6.9330847854167545E-6 
248.0,1.4309117300062248E-6 248.0,2.552734970512166E-6 
249.0,1.3882925986273973E-6 249.0,7.736960043599731E-6 
250.0,1.007798634898052E-6 250.0,2.112638493144197E-6 
251.0,1.9683918563312494E-6 251.0,2.6690608049227087E-6 
252.0,1.083559691252005E-6 252.0,2.942895682585882E-6 
253.0,8.876715900261255E-7 253.0,3.5344257389647184E-6 
254.0,8.845553601651391E-7 254.0,4.656120158238071E-6 
255.0,6.944204246942474E-7 255.0,2.8936937427287413E-6 
