X:Sigma Y: Green:Absolute,
0.0,0.05448266905956252 0.0,0.0034577150921756864 
1.0,4.1864984121070667E-4 1.0,-6.197703686588142E-5 
2.0,2.941728728899193E-4 2.0,-5.319633529049961E-5 
3.0,7.520536422231235E-4 3.0,-1.642813900725185E-4 
4.0,9.089284552624675E-4 4.0,-2.670032715607591E-4 
5.0,7.822359572174645E-4 5.0,3.3393712108681134E-4 
6.0,5.356495872226656E-4 6.0,-2.2919493627586766E-4 
7.0,0.001579867635044288 7.0,-9.94691169243132E-4 
8.0,0.0011045624221418498 8.0,3.0152587572158484E-4 
9.0,5.80902107982791E-4 9.0,-3.1320215661427765E-4 
10.0,6.403795236864546E-4 10.0,2.55810360766528E-4 
11.0,0.0010860142877780854 11.0,2.4834458522453784E-4 
12.0,0.0016921759970525026 12.0,-9.16725577610178E-4 
13.0,6.443519763638778E-4 13.0,3.189422280468206E-4 
14.0,0.0012018794744493738 14.0,3.095584518486991E-4 
15.0,0.019679025541076665 15.0,0.004458243250792715 
16.0,0.001043960583440295 16.0,7.090535516815544E-4 
17.0,4.6517666018347774E-4 17.0,-3.072695367328483E-4 
18.0,8.369504484262059E-4 18.0,1.9727474539311574E-4 
19.0,0.01944664861338142 19.0,1.836992547897133E-4 
20.0,0.0030589623548492933 20.0,2.345580775173676E-4 
21.0,9.556276801198724E-4 21.0,2.6145029885375005E-4 
22.0,0.0010647915277069105 22.0,-1.8455707331393035E-4 
23.0,0.001836871016213329 23.0,1.2119202770062105E-4 
24.0,0.0029176496138437783 24.0,-7.567348376506368E-4 
25.0,9.144641259635617E-4 25.0,-6.865017113026143E-5 
26.0,0.0022294605658760825 26.0,-0.0013353647351218641 
27.0,0.010475616944726152 27.0,0.0012358620336894888 
28.0,0.001031858489463177 28.0,2.4680089044520247E-4 
29.0,0.0012909491606827458 29.0,4.2551400255131115E-4 
30.0,0.0011848479458336013 30.0,6.331405259468174E-4 
31.0,0.010984283234696956 31.0,-4.096560129030598E-4 
32.0,9.447665133844374E-4 32.0,1.8988400513738325E-4 
33.0,6.731837913604037E-4 33.0,4.9125804767503974E-5 
34.0,0.010257144614948309 34.0,-1.4104314829342814E-4 
35.0,9.410275533948424E-4 35.0,3.208000405595189E-4 
36.0,0.0017255629252606978 36.0,-2.8783350422268404E-4 
37.0,8.630320814836395E-4 37.0,1.1770653128010153E-5 
38.0,0.008014221214345899 38.0,0.0019045551236618052 
39.0,0.003862354603018535 39.0,0.0010303003372137398 
40.0,5.432655062307219E-4 40.0,-1.3385931606861313E-4 
41.0,0.001474260772148768 41.0,-3.2400202963964885E-4 
42.0,0.0010351631135923029 42.0,-8.537581802514776E-4 
43.0,0.007879258889137325 43.0,-5.921136339513326E-4 
44.0,4.91889010993703E-4 44.0,1.76055986738702E-4 
45.0,0.0012291852483541916 45.0,-2.499172197654089E-4 
46.0,0.006584704927362166 46.0,0.0016102093053476534 
47.0,0.0010262319168452751 47.0,-1.5349873981970914E-4 
48.0,0.0010307307951074002 48.0,-4.0486319189891884E-4 
49.0,0.001220874293702465 49.0,-5.190379854911989E-4 
50.0,0.00566721986154852 50.0,-4.0881362215157774E-5 
51.0,0.0014768051606891277 51.0,4.0939500294214946E-4 
52.0,7.059038932366859E-4 52.0,4.3157715192701247E-4 
53.0,0.002414336860884861 53.0,4.2626094538233906E-4 
54.0,0.0016066710670174834 54.0,3.3413082158769423E-4 
55.0,0.002345399464801356 55.0,1.0948998331903385E-4 
56.0,7.149982999333039E-4 56.0,3.962014308516967E-4 
57.0,0.0028465158571784263 57.0,-6.484777593176302E-4 
58.0,0.0029002658502981634 58.0,2.3171201089410609E-4 
59.0,7.763951035084033E-4 59.0,-4.8119870526029847E-4 
60.0,9.456299852990708E-4 60.0,-2.4722036359245804E-4 
61.0,0.001480131993980361 61.0,0.0010871724584195876 
62.0,0.003160384793262587 62.0,3.3964209709904304E-5 
63.0,9.041432899139151E-4 63.0,4.897528739262723E-4 
64.0,2.4296243542117104E-4 64.0,5.551084028527377E-5 
65.0,0.003890233600899763 65.0,-3.4373992436944093E-4 
66.0,5.568128066188345E-4 66.0,-3.784017631349769E-5 
67.0,0.002403700834625511 67.0,-2.670107878758807E-4 
68.0,3.3169264072783724E-4 68.0,1.1274520288868058E-4 
69.0,0.004317858542874623 69.0,7.463117092996504E-4 
70.0,0.0024230755432789416 70.0,-2.9950386184924275E-4 
71.0,4.601539425580321E-4 71.0,-8.308774445617617E-5 
72.0,0.001201101120249033 72.0,1.3544467711237282E-4 
73.0,4.501275300468603E-4 73.0,3.189925323901962E-6 
74.0,0.0043166452115831425 74.0,-0.0015272058588868388 
75.0,0.0012542181531376361 75.0,-7.313542532493527E-4 
76.0,0.0016990290363277753 76.0,1.4316247551390788E-4 
77.0,0.0016855464386188973 77.0,4.3354616633718083E-4 
78.0,6.549246951825087E-4 78.0,-2.792667888555693E-4 
79.0,0.0013773953984407262 79.0,-5.419867086206653E-4 
80.0,6.47831664872249E-4 80.0,-3.0687405599783257E-4 
81.0,0.0034664893235108033 81.0,5.549979511188358E-5 
82.0,0.0010882916622166386 82.0,4.072564153154953E-4 
83.0,3.879504942590077E-4 83.0,1.8019260713598867E-4 
84.0,9.25060217475584E-4 84.0,3.6646061608809215E-4 
85.0,4.6764676983127566E-4 85.0,-3.182648218307762E-5 
86.0,0.0013948988276177078 86.0,-7.218239309106538E-4 
87.0,3.729236513686275E-4 87.0,-1.819266129853457E-4 
88.0,0.00137092973587996 88.0,-1.7677768191901288E-4 
89.0,0.0012787834472125623 89.0,3.449870137222688E-4 
90.0,3.425717414426768E-4 90.0,-2.2177285090778816E-5 
91.0,6.945458376851823E-4 91.0,2.653892223509958E-5 
92.0,5.487126357513076E-4 92.0,1.539294115890807E-4 
93.0,0.0012649292317910362 93.0,-1.9260870872331152E-4 
94.0,5.408177668800486E-4 94.0,6.389660956148519E-6 
95.0,4.207460861063212E-4 95.0,-1.6852976935494412E-4 
96.0,7.411611243987937E-4 96.0,6.490094963237614E-5 
97.0,6.656439123060816E-4 97.0,-1.1523322341270572E-4 
98.0,6.371325387182886E-4 98.0,-2.3865347772814238E-4 
99.0,2.9269721108547556E-4 99.0,-1.5078988041026094E-4 
100.0,8.383956602052009E-4 100.0,-4.2963554220990466E-5 
101.0,6.985725917485914E-4 101.0,9.307862375748702E-5 
102.0,2.2400283692263485E-4 102.0,8.9676591074735E-5 
103.0,6.84260637843028E-4 103.0,-2.765041605249587E-5 
104.0,3.380963145610512E-4 104.0,2.3067205242330656E-5 
105.0,6.746380405923644E-4 105.0,-1.313538154009263E-4 
106.0,4.436594094557148E-4 106.0,-5.4239276182010306E-5 
107.0,5.038101653523802E-4 107.0,2.7104221947311837E-5 
108.0,9.11978679615685E-4 108.0,-3.2194223353844995E-4 
109.0,3.710464118938802E-4 109.0,-1.9932447454566E-4 
110.0,2.4202119143496196E-4 110.0,1.9272572017589797E-5 
111.0,3.227367280388727E-4 111.0,-2.2714922903535438E-4 
112.0,6.071350189150515E-4 112.0,1.4107571841053744E-4 
113.0,5.90087110668661E-4 113.0,1.2376138427314467E-4 
114.0,2.4234863062830558E-4 114.0,1.6194914884627808E-5 
115.0,3.50291872321348E-4 115.0,-1.083558767885998E-5 
116.0,1.650163643452279E-4 116.0,4.352702066454657E-5 
117.0,3.317602354900171E-4 117.0,-1.364522585801042E-4 
118.0,1.0637256228043081E-4 118.0,-2.8970812372617596E-5 
119.0,3.451617480078644E-4 119.0,-1.1374179517942917E-4 
120.0,3.6328807926451E-4 120.0,-5.8811990633266E-5 
121.0,1.5759261934703705E-4 121.0,-1.0464179834529522E-4 
122.0,1.2692060232937245E-4 122.0,9.442927809825805E-6 
123.0,1.330259599921206E-4 123.0,-4.486453407594536E-5 
124.0,2.616046384992546E-4 124.0,8.701776670848132E-6 
125.0,2.0786891779545888E-4 125.0,8.826683735804344E-5 
126.0,1.994466519062012E-4 126.0,-6.575871279355468E-5 
127.0,3.4994881580095824E-4 127.0,-1.1844208878349003E-4 
128.0,1.0930138944667296E-5 128.0,1.0286637977001869E-7 
129.0,1.0150755213314833E-4 129.0,9.464445888155676E-5 
130.0,3.290456393820426E-5 130.0,-1.684323593820465E-5 
131.0,2.2557926351922066E-4 131.0,1.0254456211822363E-4 
132.0,1.1420002085277592E-4 132.0,1.1420002085277592E-4 
133.0,1.6349871493193622E-5 133.0,1.2994992257372089E-5 
134.0,1.597419616733309E-4 134.0,-3.437967403842523E-5 
135.0,1.1560480740325714E-5 135.0,1.0819691898098673E-5 
136.0,1.2386594226730554E-4 136.0,1.2386594226730554E-4 
137.0,2.8339488833236728E-5 137.0,2.8339488833236728E-5 
138.0,1.5279287678696157E-4 138.0,1.41610728897992E-4 
139.0,3.596966071734525E-4 139.0,-2.2483424472754962E-4 
140.0,5.948945622957739E-6 140.0,1.0028009459052867E-6 
141.0,5.7470010658373784E-5 141.0,5.7470010658373784E-5 
142.0,4.680682690501912E-5 142.0,-2.7234691249161247E-5 
143.0,1.5655034007456176E-4 143.0,1.5655034007456176E-4 
144.0,5.3654220751383344E-5 144.0,5.3654220751383344E-5 
145.0,3.6259202099725647E-5 145.0,-8.574521758611676E-6 
146.0,1.9056975226442905E-4 146.0,-1.1673684826442892E-4 
147.0,3.5959543034909505E-5 147.0,-3.571862311490954E-5 
148.0,6.851062792654757E-5 148.0,6.851062792654757E-5 
149.0,1.6131693364656375E-5 149.0,1.1219786320355012E-5 
150.0,6.564286883940639E-5 150.0,5.401530885366656E-5 
151.0,9.609945337092295E-5 151.0,-2.3996173635957455E-5 
152.0,1.3628222706385555E-5 152.0,-5.644201676702621E-6 
153.0,3.2817811407412256E-5 153.0,1.442838374238397E-5 
154.0,7.451415315392991E-6 154.0,5.897300201826173E-6 
155.0,6.895930576617238E-5 155.0,3.822450000430198E-5 
156.0,2.3830738805323865E-5 156.0,2.3830738805323865E-5 
157.0,4.172374286098409E-5 157.0,1.1018016737899009E-5 
158.0,1.41444810426055E-4 158.0,-9.437817930605511E-5 
159.0,2.2048687109944198E-5 159.0,1.9709367982684333E-5 
160.0,3.242753775019338E-5 160.0,3.242753775019338E-5 
161.0,2.2262834052613776E-5 161.0,7.873566241870438E-6 
162.0,7.075299488691247E-5 162.0,7.075299488691247E-5 
163.0,6.179077306396265E-5 163.0,-2.5169094050285933E-5 
164.0,5.309534180178972E-6 164.0,2.1647171642167026E-6 
165.0,3.96907553513583E-5 165.0,-1.1116352951358078E-5 
166.0,1.7229581580349025E-5 166.0,-1.6651373772349098E-5 
167.0,3.4440638463073665E-5 167.0,3.4440638463073665E-5 
168.0,1.1521687821548588E-5 168.0,9.12257479144668E-6 
169.0,2.7185831987073095E-5 169.0,1.2335506178540956E-5 
170.0,4.628940785482025E-5 170.0,-1.6480842422303402E-5 
171.0,5.683660946684945E-6 171.0,4.930482414546175E-7 
172.0,1.595888262785743E-5 172.0,1.2932987177322272E-5 
173.0,1.41803839350718E-5 173.0,1.4570767605045339E-6 
174.0,2.2810522552029696E-5 174.0,2.2810522552029696E-5 
175.0,1.68814528957834E-5 175.0,-4.464199313077737E-7 
176.0,1.559238369114345E-5 176.0,-7.1320956911434726E-6 
177.0,2.7036559493526853E-5 177.0,-9.050912549526727E-6 
178.0,2.331311043394778E-6 178.0,2.331311043394778E-6 
179.0,1.796546199724717E-5 179.0,1.796546199724717E-5 
180.0,7.415411409773852E-6 180.0,7.415411409773852E-6 
181.0,2.0529778325248557E-5 181.0,2.0529778325248557E-5 
182.0,2.80849526531125E-5 182.0,-1.1546761109300065E-5 
183.0,6.527182316911358E-6 183.0,1.62282367584034E-6 
184.0,1.1255790859378753E-5 184.0,1.4513854606212965E-6 
185.0,4.628118856935541E-6 185.0,-2.7759128335491046E-6 
186.0,1.545127481673414E-5 186.0,1.5322208306351714E-5 
187.0,8.52633179982453E-6 187.0,-1.4495902230645082E-6 
188.0,9.999975675170395E-6 188.0,-1.5396876751703948E-6 
189.0,1.6127190742555034E-5 189.0,-5.228052876954954E-6 
190.0,2.202203980587572E-6 190.0,1.8132568722791716E-6 
191.0,9.107838085846493E-6 191.0,8.5805600509885E-6 
192.0,7.045492137964631E-6 192.0,7.045492137964631E-6 
193.0,1.584056924490478E-5 193.0,5.503567148566335E-6 
194.0,9.206203379501674E-6 194.0,-3.106808982850175E-9 
195.0,6.102275323756151E-6 195.0,-3.361587581134565E-6 
196.0,1.19609959164525E-5 196.0,-4.551713631652472E-6 
197.0,6.4525007317551145E-6 197.0,3.5259194345300258E-6 
198.0,8.547386896024105E-6 198.0,7.93017560427812E-6 
199.0,6.870962167788594E-6 199.0,1.8651740029980639E-6 
200.0,8.75854084886616E-6 200.0,2.031853790877297E-6 
201.0,1.7355919023427095E-5 201.0,-1.1098312610467053E-5 
202.0,4.520093730694188E-6 202.0,-3.3439518603711876E-6 
203.0,1.0187119704774053E-5 203.0,5.457950931663429E-7 
204.0,9.427896771840719E-6 204.0,7.547092500349017E-6 
205.0,9.641440810434329E-6 205.0,2.1295645378223368E-6 
206.0,1.2206204664749044E-5 206.0,-6.962563394132585E-6 
207.0,3.7130951371569557E-6 207.0,1.739035160716129E-6 
208.0,1.6266447133122103E-5 208.0,-1.1352850236847513E-5 
209.0,3.6859619169066982E-6 209.0,2.9045899307589943E-6 
210.0,7.000057156868852E-6 210.0,5.423937817187622E-6 
211.0,1.848278819789343E-6 211.0,1.848278819789343E-6 
212.0,4.7438603594546385E-6 212.0,2.6525990087589767E-6 
213.0,7.5161972414191845E-6 213.0,-3.640159552504311E-6 
214.0,3.050199259597698E-6 214.0,-2.5269370152712983E-6 
215.0,4.24235046710916E-6 215.0,1.907158107793537E-7 
216.0,2.7990111044993008E-6 216.0,2.5070393677733195E-6 
217.0,2.8882515811829227E-6 217.0,2.2144967939845062E-6 
218.0,4.075126545735142E-6 218.0,-2.3508380509255514E-6 
219.0,3.1507093952236765E-6 219.0,-7.255888635759785E-8 
220.0,6.86304825059106E-6 220.0,-3.318107214935434E-6 
221.0,1.6325109031788797E-6 221.0,6.183527881452216E-7 
222.0,2.566258263661021E-6 222.0,2.566258263661021E-6 
223.0,3.7672378962393477E-6 223.0,1.8445120325495055E-6 
224.0,5.3501962144340435E-6 224.0,-1.8522726571439185E-7 
225.0,4.723782610526517E-6 225.0,-2.7779241331325068E-6 
226.0,2.055405974255064E-6 226.0,-1.4329943738760276E-6 
227.0,5.199613826073894E-6 227.0,-3.3215211025538833E-6 
228.0,2.869061591875369E-6 228.0,2.3447061765757564E-6 
229.0,3.238755056088697E-6 229.0,-2.9306224454144537E-7 
230.0,1.790489679691636E-6 230.0,4.800898692073907E-7 
231.0,2.636878735128558E-6 231.0,1.5896618905297668E-6 
232.0,4.153247971761653E-6 232.0,-2.3294715763434737E-6 
233.0,1.1763800006903684E-6 233.0,6.776492064181642E-7 
234.0,2.1772482539954574E-6 234.0,-1.0763220260663398E-7 
235.0,1.5551628342521956E-6 235.0,-8.822898029425455E-7 
236.0,1.279349801510484E-6 236.0,1.0514893099633482E-6 
237.0,1.8453798689475956E-6 237.0,-9.71995261755273E-7 
238.0,1.258667712318855E-6 238.0,-5.221729392447644E-8 
239.0,2.0711136799308656E-6 239.0,-6.547581986668883E-8 
240.0,1.2113710896693373E-6 240.0,9.28809920973947E-7 
241.0,1.9513818822459333E-6 241.0,1.9513818822459333E-6 
242.0,1.2187658965103554E-6 242.0,-3.5150401052585603E-7 
243.0,1.7501881173227007E-6 243.0,-2.479007867005433E-7 
244.0,1.862730258202899E-6 244.0,-9.459624570390912E-7 
245.0,7.198154943240001E-7 245.0,-5.549231384417277E-7 
246.0,1.4117667257869714E-6 246.0,-5.678944531981682E-7 
247.0,9.16276122261899E-7 247.0,4.288826088292835E-7 
248.0,1.4309117300062248E-6 248.0,-1.5121210661237907E-7 
249.0,1.3882925986273973E-6 249.0,1.6964806530633112E-7 
250.0,1.007798634898052E-6 250.0,4.1687012316592785E-7 
251.0,1.9683918563312494E-6 251.0,-6.244567948447778E-7 
252.0,1.083559691252005E-6 252.0,1.083559691252005E-6 
253.0,8.876715900261255E-7 253.0,-1.5738319599092303E-7 
254.0,8.845553601651391E-7 254.0,-7.41137035165908E-7 
255.0,6.944204246942474E-7 255.0,4.272320501253799E-8 
