X:#Data Seen Y:Fnorm,
25.0,0.2588882806484949 25.0,0.25498705150921175 25.0,0.25372097523173887 25.0,0.25680726626631745 25.0,0.2719524717919676 25.0,0.2654142492695985 25.0,0.27946962690505167 25.0,0.27946962690505167 
0.0,0.0 0.0,0.0 0.0,0.0 0.0,0.0 0.0,0.0 0.0,0.0 0.0,0.0 0.0,0.0 
100.0,0.2588882806484949 100.0,0.25498705150921175 100.0,0.25372097523173887 100.0,0.25680726626631745 100.0,0.2719524717919676 100.0,0.2654142492695985 100.0,0.27946962690505167 100.0,0.27946962690505167 
0.0,0.0 0.0,0.0 0.0,0.0 0.0,0.0 0.0,0.0 0.0,0.0 0.0,0.0 0.0,0.0 
500.0,0.2588882806484949 500.0,0.25498705150921175 500.0,0.25372097523173887 500.0,0.25680726626631745 500.0,0.2719524717919676 500.0,0.2654142492695985 500.0,0.27946962690505167 500.0,0.27946962690505167 
0.0,0.0 0.0,0.0 0.0,0.0 0.0,0.0 0.0,0.0 0.0,0.0 0.0,0.0 0.0,0.0 
2000.0,0.2588882806484949 2000.0,0.25498705150921175 2000.0,0.25372097523173887 2000.0,0.25680726626631745 2000.0,0.2719524717919676 2000.0,0.2654142492695985 2000.0,0.27946962690505167 2000.0,0.27946962690505167 
0.0,0.0 0.0,0.0 0.0,0.0 0.0,0.0 0.0,0.0 0.0,0.0 0.0,0.0 0.0,0.0 
8000.0,0.2588882806484949 8000.0,0.25498705150921175 8000.0,0.25372097523173887 8000.0,0.25680726626631745 8000.0,0.2719524717919676 8000.0,0.2654142492695985 8000.0,0.27946962690505167 8000.0,0.27946962690505167 
0.0,0.0 0.0,0.0 0.0,0.0 0.0,0.0 0.0,0.0 0.0,0.0 0.0,0.0 0.0,0.0 
