X:Sigma Y:(A16A1-A1A16).Fnorm,
0.0,0.0 
1.0,0.0 
2.0,0.0 
3.0,0.2472822808948759 
4.0,0.0 
5.0,0.29960183561195575 
6.0,0.3033287790011737 
7.0,0.3782405928882854 
8.0,0.0 
9.0,0.334787974553706 
10.0,0.39557971487110066 
11.0,0.4690085411739415 
12.0,0.3855512376889213 
13.0,0.4609512346171347 
14.0,0.4560941087770421 
15.0,0.4947996797419755 
16.0,0.0 
17.0,0.37901007636963996 
18.0,0.4624105426597735 
19.0,0.5642733744042433 
20.0,0.5188970505785313 
21.0,0.5805058056149169 
22.0,0.5946515369787374 
23.0,0.6168723482730215 
24.0,0.5366790394876008 
25.0,0.5625757090806753 
26.0,0.5607235261170291 
27.0,0.5687035194205903 
28.0,0.5296501945500453 
29.0,0.5139595809004481 
30.0,0.4872915707585075 
31.0,0.46189368128721064 
32.0,0.0 
33.0,0.2552890747085515 
34.0,0.3340513490149109 
35.0,0.38291985575593573 
36.0,0.4008225167156185 
37.0,0.4234730204997357 
38.0,0.43997978122571524 
39.0,0.445780570011982 
40.0,0.43924661058900527 
41.0,0.4408506180308377 
42.0,0.4424371073005777 
43.0,0.43624569565412435 
44.0,0.4297623745534082 
45.0,0.40770436627469486 
46.0,0.3954372583328951 
47.0,0.37037148041434953 
48.0,0.35474894540230856 
49.0,0.3161428428014229 
50.0,0.27510184946063704 
51.0,0.23870983309410748 
52.0,0.2311375851140689 
53.0,0.2211262259883914 
54.0,0.22056466406419056 
55.0,0.21189456749264007 
56.0,0.2063810157196956 
57.0,0.1969970598699175 
58.0,0.1978838113008972 
59.0,0.19194125025765332 
60.0,0.1874699060683762 
61.0,0.17586988666305817 
62.0,0.17094392459264804 
63.0,0.16187115980817862 
64.0,0.0 
65.0,0.12095764551194002 
66.0,0.15846873733976108 
67.0,0.18420703590702145 
68.0,0.19829863960498223 
69.0,0.2079907097100437 
70.0,0.21198763518097358 
71.0,0.21490669889633285 
72.0,0.21993823784476385 
73.0,0.2183560407930248 
74.0,0.21513881651226172 
75.0,0.21065204755649541 
76.0,0.20612633995734955 
77.0,0.19691547763744324 
78.0,0.18528943668861853 
79.0,0.17457023862434226 
80.0,0.17453725585402885 
81.0,0.1536634592719824 
82.0,0.12761062338574228 
83.0,0.11118286111676993 
84.0,0.10965440853375527 
85.0,0.106622574836533 
86.0,0.10283297527555704 
87.0,0.09970294750473507 
88.0,0.09885032384008957 
89.0,0.09471464364467398 
90.0,0.09040292820695299 
91.0,0.08571826794669055 
92.0,0.08102033201285026 
93.0,0.07580731189237884 
94.0,0.07058755483351806 
95.0,0.06803779166641778 
96.0,0.08406987912396871 
97.0,0.0805961541094374 
98.0,0.0779434458295677 
99.0,0.07498572476253612 
100.0,0.0726428723376424 
101.0,0.069051269717505 
102.0,0.06586155478613469 
103.0,0.06279442675689959 
104.0,0.060855661051031885 
105.0,0.05778008219070115 
106.0,0.05682970006022638 
107.0,0.05499290959671136 
108.0,0.0547086662559947 
109.0,0.05336132541304869 
110.0,0.05181779005134444 
111.0,0.04962685764984172 
112.0,0.052951095590202044 
113.0,0.0475919640485029 
114.0,0.04244696302547212 
115.0,0.037469870990888166 
116.0,0.035839583732627085 
117.0,0.033475532807872785 
118.0,0.03230846370272096 
119.0,0.03057194949589322 
120.0,0.030117074684043742 
121.0,0.02873503783282553 
122.0,0.02795854810121005 
123.0,0.026718491710912312 
124.0,0.026133996067781533 
125.0,0.024910918474585698 
126.0,0.02380839058200136 
127.0,0.02229189262627766 
128.0,0.0 
129.0,0.013013094261407556 
130.0,0.01711897065800325 
131.0,0.019846539492879213 
132.0,0.021676436965732165 
133.0,0.02336348522709598 
134.0,0.02481893531478442 
135.0,0.02628307534832556 
136.0,0.02687755544525099 
137.0,0.027115173642456487 
138.0,0.027167102881825323 
139.0,0.027041038638270377 
140.0,0.026207845229126947 
141.0,0.024689534242602888 
142.0,0.022789390969232486 
143.0,0.02145102165999572 
144.0,0.019003911308162008 
145.0,0.016512796492969235 
146.0,0.012488424490770943 
147.0,0.009603476709855742 
148.0,0.009728736923150783 
149.0,0.009977068561735325 
150.0,0.010209737751464807 
151.0,0.0103351095414493 
152.0,0.010114953633280849 
153.0,0.010110373915539681 
154.0,0.009980892454046566 
155.0,0.009938550329920252 
156.0,0.009604357744718784 
157.0,0.009244324080000723 
158.0,0.008689535728224618 
159.0,0.008143317093850152 
160.0,0.008173755183755555 
161.0,0.008366613555271732 
162.0,0.008193306453630766 
163.0,0.008122193181998928 
164.0,0.0078692459433338 
165.0,0.00751052851249602 
166.0,0.0071346506538421586 
167.0,0.007088572665773367 
168.0,0.006996020507303096 
169.0,0.006906077630654238 
170.0,0.006455132944594463 
171.0,0.006228887747916337 
172.0,0.0059454729876878745 
173.0,0.005810854151077942 
174.0,0.005615928739657614 
175.0,0.005476997240389457 
176.0,0.00497950802902602 
177.0,0.004496721175063096 
178.0,0.0036302660794881327 
179.0,0.0036240231875979472 
180.0,0.0036712552743455923 
181.0,0.003683328880727702 
182.0,0.003606264348769016 
183.0,0.003644298571870079 
184.0,0.003563851955587105 
185.0,0.003519515127969798 
186.0,0.003302420318685094 
187.0,0.00329273992903217 
188.0,0.0031225855008318445 
189.0,0.0028448105056424603 
190.0,0.002560577136325496 
191.0,0.002466474054817538 
192.0,0.003336460309214629 
193.0,0.003196589466530999 
194.0,0.0031116834456989843 
195.0,0.0030341539875914057 
196.0,0.0028501341557119727 
197.0,0.0026145657429792676 
198.0,0.0025219395631471226 
199.0,0.002498611556317489 
200.0,0.002468055417776191 
201.0,0.002434230805517824 
202.0,0.002344640525617778 
203.0,0.0022877235926414283 
204.0,0.0022038327803387612 
205.0,0.0020980866328199448 
206.0,0.002028929961800538 
207.0,0.0019121095994751574 
208.0,0.0018337195158335978 
209.0,0.001702382960869295 
210.0,0.0015839298453500807 
211.0,0.0014211041611024665 
212.0,0.001354394916675866 
213.0,0.001326514434398169 
214.0,0.0013433251573982917 
215.0,0.0013053823963725608 
216.0,0.0012055853712385585 
217.0,0.0011749777237191675 
218.0,0.001154551054196181 
219.0,0.001136019013196616 
220.0,0.0010865511671012307 
221.0,0.001005725346328819 
222.0,0.0010161913889004002 
223.0,0.0010013443769581677 
224.0,0.0012614332024805156 
225.0,0.0012942640762438882 
226.0,0.0013065775793275375 
227.0,0.0012726428663768022 
228.0,0.0012044366920898782 
229.0,0.0011600201460036136 
230.0,0.0011132786658945857 
231.0,0.0010809544690585295 
232.0,0.001033585578823186 
233.0,9.743700857190732E-4 
234.0,8.762159978581557E-4 
235.0,8.024181410339332E-4 
236.0,7.176116859494988E-4 
237.0,7.12249468641981E-4 
238.0,6.901548930930139E-4 
239.0,6.84440807649279E-4 
240.0,6.791161628759144E-4 
241.0,6.681291207408955E-4 
242.0,6.452713590188225E-4 
243.0,6.496036962258515E-4 
244.0,6.518314813155599E-4 
245.0,6.415893986721833E-4 
246.0,6.107628757567646E-4 
247.0,5.897286686017769E-4 
248.0,5.537614123101197E-4 
249.0,5.396611960632994E-4 
250.0,5.01515364125825E-4 
251.0,4.7405645927787646E-4 
252.0,4.3126044950711544E-4 
253.0,3.9579148659085365E-4 
254.0,3.512976974126962E-4 
255.0,3.3688441467384124E-4 
