X:Sigma Y: Error,
0.0,0.05448266905956252 0.0,0.05448266905956252 0.0,0.05448266905956252 0.0,0.05448266905956252 0.0,0.05448266905956252 0.0,0.05448266905956252 0.0,0.05448266905956252 
1.0,4.1864984121070667E-4 1.0,4.1864984121070667E-4 1.0,4.1864984121070667E-4 1.0,4.1864984121070667E-4 1.0,4.1864984121070667E-4 1.0,4.1864984121070667E-4 1.0,4.1864984121070667E-4 
2.0,3.3234792086351856E-4 2.0,2.941728728899193E-4 2.0,2.941728728899193E-4 2.0,2.941728728899193E-4 2.0,2.941728728899193E-4 2.0,2.941728728899193E-4 2.0,2.941728728899193E-4 
3.0,7.501587223735185E-4 3.0,7.520536422231235E-4 3.0,7.520536422231235E-4 3.0,7.520536422231235E-4 3.0,7.520536422231235E-4 3.0,7.520536422231235E-4 3.0,7.520536422231235E-4 
4.0,0.0012410047458291447 4.0,0.0011852814047453822 4.0,9.089284552624675E-4 4.0,9.089284552624675E-4 4.0,9.089284552624675E-4 4.0,9.089284552624675E-4 4.0,9.089284552624675E-4 
5.0,7.61533062081199E-4 5.0,7.921934339441784E-4 5.0,7.822359572174645E-4 5.0,7.822359572174645E-4 5.0,7.822359572174645E-4 5.0,7.822359572174645E-4 5.0,7.822359572174645E-4 
6.0,4.9470124024315E-4 6.0,5.678617273068093E-4 6.0,5.356495872226656E-4 6.0,5.356495872226656E-4 6.0,5.356495872226656E-4 6.0,5.356495872226656E-4 6.0,5.356495872226656E-4 
7.0,0.0017434661058820678 7.0,0.0017662096719246432 7.0,0.001579867635044288 7.0,0.001579867635044288 7.0,0.001579867635044288 7.0,0.001579867635044288 7.0,0.001579867635044288 
8.0,0.0018341585732571362 8.0,0.0018479342103355782 8.0,0.0016125215946436364 8.0,0.0011045624221418498 8.0,0.0011045624221418498 8.0,0.0011045624221418498 8.0,0.0011045624221418498 
9.0,8.156470634563329E-4 9.0,7.937213855286919E-4 9.0,7.659582034935776E-4 9.0,5.80902107982791E-4 9.0,5.80902107982791E-4 9.0,5.80902107982791E-4 9.0,5.80902107982791E-4 
10.0,9.067045283627249E-4 10.0,0.0010518337777803302 10.0,7.656724946694689E-4 10.0,6.403795236864546E-4 10.0,6.403795236864546E-4 10.0,6.403795236864546E-4 10.0,6.403795236864546E-4 
11.0,0.0015319431038906524 11.0,0.0014404217112036146 11.0,0.0012977384818244312 11.0,0.0010860142877780854 11.0,0.0010860142877780854 11.0,0.0010860142877780854 11.0,0.0010860142877780854 
12.0,0.001781159489832729 12.0,0.001755180441126902 12.0,0.001691838162298797 12.0,0.0016921759970525026 12.0,0.0016921759970525026 12.0,0.0016921759970525026 12.0,0.0016921759970525026 
13.0,8.01127232606129E-4 13.0,7.169062136045077E-4 13.0,7.044847809773637E-4 13.0,6.443519763638778E-4 13.0,6.443519763638778E-4 13.0,6.443519763638778E-4 13.0,6.443519763638778E-4 
14.0,0.001209674547218951 14.0,0.0013262006810441133 14.0,0.001246282344263484 14.0,0.0012018794744493738 14.0,0.0012018794744493738 14.0,0.0012018794744493738 14.0,0.0012018794744493738 
15.0,0.019861133665988004 15.0,0.019789441618527873 15.0,0.019671618911238045 15.0,0.019679025541076665 15.0,0.019679025541076665 15.0,0.019679025541076665 15.0,0.019679025541076665 
16.0,0.0017171583194833299 16.0,0.001396987771391243 16.0,0.0013506130434722818 16.0,0.0013091133593696428 16.0,0.001043960583440295 16.0,0.001043960583440295 16.0,0.001043960583440295 
17.0,6.850992917872841E-4 17.0,6.674078462520891E-4 17.0,7.499757683404985E-4 17.0,5.841973237794572E-4 17.0,4.6517666018347774E-4 17.0,4.6517666018347774E-4 17.0,4.6517666018347774E-4 
18.0,0.001265044697285722 18.0,0.0012739675838372056 18.0,0.0011438136821877525 18.0,9.319197016873591E-4 18.0,8.369504484262059E-4 18.0,8.369504484262059E-4 18.0,8.369504484262059E-4 
19.0,0.020365933649910756 19.0,0.020010746486719137 19.0,0.019681315525956183 19.0,0.01944626330911661 19.0,0.01944664861338142 19.0,0.01944664861338142 19.0,0.01944664861338142 
20.0,0.002974293065810166 20.0,0.0037083832686724653 20.0,0.0035279936022177666 20.0,0.0033846003105619015 20.0,0.0030589623548492933 20.0,0.0030589623548492933 20.0,0.0030589623548492933 
21.0,0.0017645865769156332 21.0,0.001678496639465617 21.0,0.0013792778928384663 21.0,0.001206449498474676 21.0,9.556276801198724E-4 21.0,9.556276801198724E-4 21.0,9.556276801198724E-4 
22.0,0.002435469246986068 22.0,0.002679846645397192 22.0,0.0019476581743127868 22.0,0.0017707276433840805 22.0,0.0010647915277069105 22.0,0.0010647915277069105 22.0,0.0010647915277069105 
23.0,0.00324071911067573 23.0,0.002928696958952806 23.0,0.0030757380716278726 23.0,0.0018981640478497696 23.0,0.001836871016213329 23.0,0.001836871016213329 23.0,0.001836871016213329 
24.0,0.0027819374807782704 24.0,0.0028416840825589186 24.0,0.0029699241263175104 24.0,0.002976195795235169 24.0,0.0029176496138437783 24.0,0.0029176496138437783 24.0,0.0029176496138437783 
25.0,0.0014153771812764845 25.0,0.0012690690695639046 25.0,0.001050910171742866 25.0,9.482376541798135E-4 25.0,9.144641259635617E-4 25.0,9.144641259635617E-4 25.0,9.144641259635617E-4 
26.0,0.004517676601284679 26.0,0.0037371408040149023 26.0,0.0034674500192907617 26.0,0.0026380018924581647 26.0,0.0022294605658760825 26.0,0.0022294605658760825 26.0,0.0022294605658760825 
27.0,0.008665049859552855 27.0,0.008665624137795877 27.0,0.00844367013238384 27.0,0.009654450605898396 27.0,0.010475616944726152 27.0,0.010475616944726152 27.0,0.010475616944726152 
28.0,0.0017552525755191364 28.0,0.0014426822639999422 28.0,0.0012326588644570719 28.0,0.0012521024615713412 28.0,0.001031858489463177 28.0,0.001031858489463177 28.0,0.001031858489463177 
29.0,0.001737729348668807 29.0,0.001669852312040501 29.0,0.0015545310390820597 29.0,0.0013713611941194674 29.0,0.0012909491606827458 29.0,0.0012909491606827458 29.0,0.0012909491606827458 
30.0,0.002357429274274295 30.0,0.0015943242723481655 30.0,0.0015312281987225806 30.0,0.0015917472199747334 30.0,0.0011848479458336013 30.0,0.0011848479458336013 30.0,0.0011848479458336013 
31.0,0.00995707460197536 31.0,0.010057022761467202 31.0,0.010151152260185673 31.0,0.0100529142840023 31.0,0.010984283234696956 31.0,0.010984283234696956 31.0,0.010984283234696956 
32.0,0.0015666356624706886 32.0,0.0017161700742397627 32.0,0.0015708194077741957 32.0,0.0016783369925076745 32.0,0.0012840370276044361 32.0,9.447665133844374E-4 32.0,9.447665133844374E-4 
33.0,0.0012765717268027753 33.0,0.0010190061571707513 33.0,0.0010278522664745313 33.0,0.0011679061029898987 33.0,0.001081303085571961 33.0,6.731837913604037E-4 33.0,6.731837913604037E-4 
34.0,0.006550361043830876 34.0,0.0062817432030430696 34.0,0.006343519589713587 34.0,0.006779298381706415 34.0,0.00975737891036841 34.0,0.010257144614948309 34.0,0.010257144614948309 
35.0,0.002974825616751677 35.0,0.0029949533697213536 35.0,0.0029760736505712424 35.0,0.0027813899945027917 35.0,0.0018711471630490876 35.0,9.410275533948424E-4 35.0,9.410275533948424E-4 
36.0,0.0017674377765972906 36.0,0.001827076202044749 36.0,0.0018227432964902847 36.0,0.001664536205494519 36.0,0.001736491781038608 36.0,0.0017255629252606978 36.0,0.0017255629252606978 
37.0,7.882016445870082E-4 37.0,6.504005043756913E-4 37.0,7.785774292564002E-4 37.0,0.001110830195964127 37.0,0.0012083305107055621 37.0,8.630320814836395E-4 37.0,8.630320814836395E-4 
38.0,0.005561360491340179 38.0,0.007654950902609879 38.0,0.007574906534935885 38.0,0.007665076620864188 38.0,0.007850310628598797 38.0,0.008014221214345899 38.0,0.008014221214345899 
39.0,0.00326400218862887 39.0,0.0029434514132159516 39.0,0.002945582808442581 39.0,0.004628295703060934 39.0,0.003684381068679945 39.0,0.003862354603018535 39.0,0.003862354603018535 
40.0,8.737106902798882E-4 40.0,8.962007978926618E-4 40.0,7.626212273951625E-4 40.0,0.0014552633298796401 40.0,9.630437150555836E-4 40.0,5.432655062307219E-4 40.0,5.432655062307219E-4 
41.0,0.0010657638747422105 41.0,9.91434785294274E-4 41.0,0.0014267650956168592 41.0,0.0029024933565308278 41.0,0.0023062915694921386 41.0,0.001474260772148768 41.0,0.001474260772148768 
42.0,0.0016895707902447395 42.0,0.0016087518521970192 42.0,0.0015284050312518417 42.0,0.002583813285255356 42.0,0.0020576630492786948 42.0,0.0010351631135923029 42.0,0.0010351631135923029 
43.0,0.005440493274980531 43.0,0.00541134165307554 43.0,0.005527894124767405 43.0,0.005560157834059086 43.0,0.006951401063551336 43.0,0.007879258889137325 43.0,0.007879258889137325 
44.0,0.001208728401106298 44.0,0.0010924132543254444 44.0,9.96953161764312E-4 44.0,9.176829605504361E-4 44.0,8.212483660412001E-4 44.0,4.91889010993703E-4 44.0,4.91889010993703E-4 
45.0,0.0018507684660446938 45.0,0.0012825800389528268 45.0,0.0011506525775298701 45.0,0.0010100653851490154 45.0,0.0018323830706857534 45.0,0.0012291852483541916 45.0,0.0012291852483541916 
46.0,0.0032662101213311776 46.0,0.0030032246889806448 46.0,0.0032106570162980562 46.0,0.0033913772173096426 46.0,0.006705836712304322 46.0,0.006584704927362166 46.0,0.006584704927362166 
47.0,0.001631465103906193 47.0,0.0013618540388912368 47.0,0.0014816628085462186 47.0,0.001243609348949569 47.0,0.001427795572613865 47.0,0.0010262319168452751 47.0,0.0010262319168452751 
48.0,0.0010503331087927136 48.0,0.0013229003627170392 48.0,0.0010043210450479724 48.0,0.0011386820764254285 48.0,0.001066043501608265 48.0,0.0010307307951074002 48.0,0.0010307307951074002 
49.0,0.0011081022585669033 49.0,7.125517024843649E-4 49.0,0.0012272884135404402 49.0,0.0012984573457764568 49.0,0.0019275120356760807 49.0,0.001220874293702465 49.0,0.001220874293702465 
50.0,0.004147546453607429 50.0,0.005829659288193257 50.0,0.0057017451309329175 50.0,0.005325765298902649 50.0,0.006070395627088352 50.0,0.00566721986154852 50.0,0.00566721986154852 
51.0,0.0018789071530665863 51.0,0.00164873759556138 51.0,0.0016169054076391471 51.0,0.001730648778637721 51.0,0.0014368560848806013 51.0,0.0014768051606891277 51.0,0.0014768051606891277 
52.0,8.642916418027328E-4 52.0,7.119835410547076E-4 52.0,8.531865756047149E-4 52.0,6.116238458640246E-4 52.0,7.337468695843309E-4 52.0,7.059038932366859E-4 52.0,7.059038932366859E-4 
53.0,0.0028909652201587043 53.0,0.002600478304175163 53.0,0.0024589858735490485 53.0,0.0026913070633824 53.0,0.002609476697636787 53.0,0.002414336860884861 53.0,0.002414336860884861 
54.0,0.001361463331878507 54.0,0.0011159497875331157 54.0,7.722823505801635E-4 54.0,9.421233414611069E-4 54.0,0.0012598719657810355 54.0,0.0016066710670174834 54.0,0.0016066710670174834 
55.0,0.0021604453801152192 55.0,0.0021466465638492332 55.0,0.0022814815396285776 55.0,0.0018586048634410338 55.0,0.002218554148899653 55.0,0.002345399464801356 55.0,0.002345399464801356 
56.0,5.648411330581191E-4 56.0,5.360588923093456E-4 56.0,4.432846713231288E-4 56.0,6.133315167900534E-4 56.0,6.753657488922379E-4 56.0,7.149982999333039E-4 56.0,7.149982999333039E-4 
57.0,0.0018882106651595103 57.0,0.0022976656507845837 57.0,0.002750035882497483 57.0,0.0026076135565089435 57.0,0.002673773682254987 57.0,0.0028465158571784263 57.0,0.0028465158571784263 
58.0,0.0018092141135704972 58.0,0.0019412937355796592 58.0,0.001850077880500158 58.0,0.0021635755956811516 58.0,0.0029801446936260256 58.0,0.0029002658502981634 58.0,0.0029002658502981634 
59.0,7.610964191516595E-4 59.0,7.118089885071333E-4 59.0,6.328858121910806E-4 59.0,6.03343575084473E-4 59.0,8.690071587465984E-4 59.0,7.763951035084033E-4 59.0,7.763951035084033E-4 
60.0,5.227290361086379E-4 60.0,6.138846001009041E-4 60.0,6.542373377432686E-4 60.0,7.180929834297949E-4 60.0,9.309381666821942E-4 60.0,9.456299852990708E-4 60.0,9.456299852990708E-4 
61.0,8.531900075948191E-4 61.0,8.345247852534759E-4 61.0,7.201669448130778E-4 61.0,6.542399738986954E-4 61.0,0.0013684915661521084 61.0,0.001480131993980361 61.0,0.001480131993980361 
62.0,0.003336415230473823 62.0,0.003237950162900132 62.0,0.0032200036582811795 62.0,0.0032032369250409283 62.0,0.0030767479890164984 62.0,0.003160384793262587 62.0,0.003160384793262587 
63.0,0.0010838073902890712 63.0,8.286337000131143E-4 63.0,7.487569439006937E-4 63.0,9.977370466996793E-4 63.0,9.254425298373602E-4 63.0,9.041432899139151E-4 63.0,9.041432899139151E-4 
64.0,9.300780819044864E-4 64.0,6.115964364706262E-4 64.0,6.642538781155757E-4 64.0,4.700141885359342E-4 64.0,9.892120912029533E-4 64.0,0.0010985995726933658 64.0,2.4296243542117104E-4 
65.0,0.001587528844488674 65.0,0.0011496983006420351 65.0,0.0012217714807904929 65.0,0.0013253362248817945 65.0,0.0020368426837763117 65.0,0.002130811227993111 65.0,0.003890233600899763 
66.0,0.0013410888672626177 66.0,0.001269947968190019 66.0,0.0011387909987918966 66.0,0.001105003556054703 66.0,0.0012196102278942311 66.0,9.108825449127691E-4 66.0,5.568128066188345E-4 
67.0,9.706457887708415E-4 67.0,9.187866476850366E-4 67.0,0.0010633392536721427 67.0,8.121198426618617E-4 67.0,8.678802186553047E-4 67.0,0.0014523300785353752 67.0,0.002403700834625511 
68.0,4.29568777364985E-4 68.0,5.59652187632853E-4 68.0,5.739950604493938E-4 68.0,5.293705214613203E-4 68.0,5.546619839901306E-4 68.0,5.721861211512192E-4 68.0,3.3169264072783724E-4 
69.0,0.001596867290386688 69.0,0.0019824217733933214 69.0,0.002718754051014795 69.0,0.0026474568994721546 69.0,0.002539959394141251 69.0,0.00271291421817686 69.0,0.004317858542874623 
70.0,0.0015365536759486221 70.0,0.0015341181562369757 70.0,0.0013733293151487335 70.0,0.0014325151250497345 70.0,0.00156419599195665 70.0,0.0014724959980731735 70.0,0.0024230755432789416 
71.0,4.131872088185341E-4 71.0,3.570673263272834E-4 71.0,3.2116847657076027E-4 71.0,3.656725513057252E-4 71.0,3.4812862726165306E-4 71.0,4.1013449065878665E-4 71.0,4.601539425580321E-4 
72.0,0.0011381643676586536 72.0,8.764123064768576E-4 72.0,0.0011113742454711352 72.0,0.0011813727920811337 72.0,0.0013403680651882471 72.0,0.001325130404371464 72.0,0.001201101120249033 
73.0,8.230485608317374E-4 73.0,6.714990161540249E-4 73.0,5.476274310374956E-4 73.0,7.012009203342905E-4 73.0,6.494193434655919E-4 73.0,6.627871037678184E-4 73.0,4.501275300468603E-4 
74.0,0.0018467235103810625 74.0,0.001686119269726178 74.0,0.0015543565950914056 74.0,0.001742935264927481 74.0,0.0018910813146623487 74.0,0.001618849396588772 74.0,0.0043166452115831425 
75.0,4.5452409421955646E-4 75.0,4.0386762628709697E-4 75.0,4.4194363747721065E-4 75.0,5.028696852775031E-4 75.0,5.729133668777688E-4 75.0,5.270374632408609E-4 75.0,0.0012542181531376361 
76.0,8.773065224418362E-4 76.0,8.072350553350652E-4 76.0,9.893377914534406E-4 76.0,8.99317236477531E-4 76.0,0.0010636128654924273 76.0,0.0011195344143976173 76.0,0.0016990290363277753 
77.0,8.10435596546022E-4 77.0,8.002076065434316E-4 77.0,0.001047033320105944 77.0,0.0012384442040738602 77.0,0.002281058658824476 77.0,0.002469991394537018 77.0,0.0016855464386188973 
78.0,7.08156773605344E-4 78.0,5.637356559420552E-4 78.0,4.718009603741966E-4 78.0,4.347300863188393E-4 78.0,6.593265038683808E-4 78.0,5.134194984046019E-4 78.0,6.549246951825087E-4 
79.0,3.364703549856932E-4 79.0,3.6262817111063156E-4 79.0,4.224787319549655E-4 79.0,4.57402099541876E-4 79.0,4.369693941862718E-4 79.0,4.8658958014017873E-4 79.0,0.0013773953984407262 
80.0,2.628208574157097E-4 80.0,3.5422424456763816E-4 80.0,3.971720082095962E-4 80.0,4.305155192643553E-4 80.0,8.12973703912146E-4 80.0,8.009719931004525E-4 80.0,6.47831664872249E-4 
81.0,0.0015404998409121566 81.0,0.001643467828915306 81.0,0.0018837405195093534 81.0,0.0019345734998131594 81.0,0.001997304534923664 81.0,0.0018744196218330824 81.0,0.0034664893235108033 
82.0,8.28184311393865E-4 82.0,7.626438406422488E-4 82.0,6.988827440836063E-4 82.0,7.723921830496463E-4 82.0,8.078141766045264E-4 82.0,6.564030129840674E-4 82.0,0.0010882916622166386 
83.0,3.9584283464450556E-4 83.0,2.934819894722726E-4 83.0,2.807967472947408E-4 83.0,1.9037657686759804E-4 83.0,2.730168979642524E-4 83.0,2.990610827784383E-4 83.0,3.879504942590077E-4 
84.0,7.167403680511489E-4 84.0,5.017717946625014E-4 84.0,5.498320031625706E-4 84.0,6.084971707400569E-4 84.0,6.868193364147887E-4 84.0,5.814634653939247E-4 84.0,9.25060217475584E-4 
85.0,6.568686297739807E-4 85.0,4.522226132907285E-4 85.0,4.3369656199197007E-4 85.0,3.829318853708261E-4 85.0,3.509660688390372E-4 85.0,4.6061633999326494E-4 85.0,4.6764676983127566E-4 
86.0,9.444706913996888E-4 86.0,8.618573198778436E-4 86.0,8.81525262912565E-4 86.0,8.053823450323326E-4 86.0,8.974645095473031E-4 86.0,7.92573384021991E-4 86.0,0.0013948988276177078 
87.0,2.4968058119133926E-4 87.0,2.41954378306389E-4 87.0,2.451470439698408E-4 87.0,2.6312767926686497E-4 87.0,2.6410576191705597E-4 87.0,3.023333560325138E-4 87.0,3.729236513686275E-4 
88.0,8.288676686707349E-4 88.0,9.894101638917197E-4 88.0,0.0012243896860379359 88.0,0.0011079033535187843 88.0,0.001130847311878232 88.0,0.0010065221698877984 88.0,0.00137092973587996 
89.0,6.247672853142538E-4 89.0,6.119146860748793E-4 89.0,7.860416542357359E-4 89.0,8.631061332874015E-4 89.0,0.0011602546171973205 89.0,8.581323363003176E-4 89.0,0.0012787834472125623 
90.0,5.910169137221435E-4 90.0,4.6511105504801057E-4 90.0,4.28210871685998E-4 90.0,3.2502024449336135E-4 90.0,2.7171709773596883E-4 90.0,2.807765854299164E-4 90.0,3.425717414426768E-4 
91.0,4.119322798084743E-4 91.0,3.32094515267851E-4 91.0,3.5090808524817384E-4 91.0,3.676713790581521E-4 91.0,5.916564196787771E-4 91.0,5.055790404694235E-4 91.0,6.945458376851823E-4 
92.0,4.184971864121676E-4 92.0,3.234880961173321E-4 92.0,2.3407795331252225E-4 92.0,2.534144708138778E-4 92.0,5.51488342643795E-4 92.0,5.458930600777836E-4 92.0,5.487126357513076E-4 
93.0,8.768707321023734E-4 93.0,9.160403530896566E-4 93.0,9.78902521093181E-4 93.0,0.0010223438188009747 93.0,0.0011320713130380338 93.0,9.11345261341816E-4 93.0,0.0012649292317910362 
94.0,5.15276636748395E-4 94.0,4.110386898172954E-4 94.0,3.399925288482718E-4 94.0,3.7590881998421957E-4 94.0,4.867825990663043E-4 94.0,4.3854199809876296E-4 94.0,5.408177668800486E-4 
95.0,3.158342517801224E-4 95.0,2.844510242967919E-4 95.0,3.5528009436456887E-4 95.0,3.283049410376688E-4 95.0,4.7482220429277515E-4 95.0,4.942957014397794E-4 95.0,4.207460861063212E-4 
96.0,3.6685700399008105E-4 96.0,2.9218213006535545E-4 96.0,4.2146811140455364E-4 96.0,5.866844670495628E-4 96.0,9.323165203217346E-4 96.0,6.767786519858612E-4 96.0,7.411611243987937E-4 
97.0,6.130138609488558E-4 97.0,4.999630500402113E-4 97.0,4.719822939056196E-4 97.0,5.279629444282621E-4 97.0,6.401046110535068E-4 97.0,4.8751390124281927E-4 97.0,6.656439123060816E-4 
98.0,4.122946698853501E-4 98.0,3.8530285023317257E-4 98.0,3.8471694197982173E-4 98.0,4.98988066505709E-4 98.0,5.184684911224916E-4 98.0,4.0634621658142015E-4 98.0,6.371325387182886E-4 
99.0,2.2615761367453827E-4 99.0,2.2580715491541444E-4 99.0,2.066060971467209E-4 99.0,2.1532616163499356E-4 99.0,2.7625650527000943E-4 99.0,3.195785760236066E-4 99.0,2.9269721108547556E-4 
100.0,5.476305071359681E-4 100.0,7.218498760129978E-4 100.0,9.290025146289169E-4 100.0,8.288944401725916E-4 100.0,8.673981061023828E-4 100.0,7.221433245701828E-4 100.0,8.383956602052009E-4 
101.0,5.640186938217546E-4 101.0,5.122186054037272E-4 101.0,4.604817230950579E-4 101.0,4.7130108823333923E-4 101.0,5.564703815627712E-4 101.0,5.53816848254855E-4 101.0,6.985725917485914E-4 
102.0,2.5023224897168444E-4 102.0,1.706397710531494E-4 102.0,1.303708091546765E-4 102.0,1.3773954367402394E-4 102.0,1.7414192154494043E-4 102.0,2.1525479959401E-4 102.0,2.2400283692263485E-4 
103.0,3.021069308095627E-4 103.0,2.2901278112691655E-4 103.0,2.845175098429414E-4 103.0,3.5558869766170304E-4 103.0,4.85872465236828E-4 103.0,4.6610831917101787E-4 103.0,6.84260637843028E-4 
104.0,2.83511944332834E-4 104.0,2.0997645259901999E-4 104.0,3.2167956113531926E-4 104.0,3.041575736567494E-4 104.0,3.588226533766294E-4 104.0,3.7044069766747163E-4 104.0,3.380963145610512E-4 
105.0,6.087083454977012E-4 105.0,5.713304121433539E-4 105.0,5.476147827166828E-4 105.0,6.24398415692053E-4 105.0,6.624293217117353E-4 105.0,5.24718256345099E-4 105.0,6.746380405923644E-4 
106.0,2.5561566358797797E-4 106.0,2.1672455110599456E-4 106.0,2.3691866813573874E-4 106.0,2.6886262499886335E-4 106.0,3.2354362914999136E-4 106.0,3.0524774027674374E-4 106.0,4.436594094557148E-4 
107.0,3.1031838609208687E-4 107.0,2.879350901339639E-4 107.0,3.1499160558012227E-4 107.0,2.5697498207684285E-4 107.0,4.052149688776463E-4 107.0,4.6839087789870144E-4 107.0,5.038101653523802E-4 
108.0,3.0788290438906276E-4 108.0,3.1609083665541557E-4 108.0,3.602463337986601E-4 108.0,3.959401067718555E-4 108.0,6.931998127866277E-4 108.0,8.60853420475798E-4 108.0,9.11978679615685E-4 
109.0,3.778929809875522E-4 109.0,2.7140970780788876E-4 109.0,1.9130963696206192E-4 109.0,1.6122857839373508E-4 109.0,3.012474075179429E-4 109.0,3.1073975865315845E-4 109.0,3.710464118938802E-4 
110.0,2.0624409818478743E-4 110.0,2.1569009012611384E-4 110.0,2.3564442888697584E-4 110.0,2.591964135673382E-4 110.0,3.064854320118749E-4 110.0,2.2362908341324803E-4 110.0,2.4202119143496196E-4 
111.0,1.6739891751947213E-4 111.0,1.4440397097168053E-4 111.0,1.3301160762617403E-4 111.0,1.2819416824704416E-4 111.0,3.284032961522327E-4 111.0,3.2429086111539945E-4 111.0,3.227367280388727E-4 
112.0,4.5208066358334056E-4 112.0,5.086288237956896E-4 112.0,5.568751848140573E-4 112.0,5.740353339745512E-4 112.0,6.950965736281841E-4 112.0,5.145835617469072E-4 112.0,6.071350189150515E-4 
113.0,2.595050111002649E-4 113.0,2.251396497423418E-4 113.0,2.3180709489579548E-4 113.0,2.2897320039649193E-4 113.0,2.578072008750557E-4 113.0,2.999323582084494E-4 113.0,5.90087110668661E-4 
114.0,2.0258649424983365E-4 114.0,1.8198719442969017E-4 114.0,1.6232004410689072E-4 114.0,1.5121896681145522E-4 114.0,1.633372418401372E-4 114.0,1.9568698347061244E-4 114.0,2.4234863062830558E-4 
115.0,1.8873186507764117E-4 115.0,1.4531899479462034E-4 115.0,1.5729980325984082E-4 115.0,2.0349761519112912E-4 115.0,2.657710005177127E-4 115.0,2.8460327033716343E-4 115.0,3.50291872321348E-4 
116.0,2.5831628577481123E-4 116.0,2.3021183575454925E-4 116.0,2.5335541509291715E-4 116.0,2.464816948442315E-4 116.0,1.953565242092831E-4 116.0,2.4270420844189905E-4 116.0,1.650163643452279E-4 
117.0,2.7842862196732936E-4 117.0,2.7843839765290214E-4 117.0,2.7407317406465045E-4 117.0,3.096297318705307E-4 117.0,3.353174841420782E-4 117.0,2.435155603528069E-4 117.0,3.317602354900171E-4 
118.0,1.5791531190715403E-4 118.0,8.906974009813506E-5 118.0,1.1574803323146016E-4 118.0,1.2005400833349188E-4 118.0,9.524171716198882E-5 118.0,1.0662327279516601E-4 118.0,1.0637256228043081E-4 
119.0,2.3812781848091247E-4 119.0,2.8735904543806927E-4 119.0,3.3680918674586365E-4 119.0,3.1913501654086797E-4 119.0,4.2219042252470573E-4 119.0,3.571141490080156E-4 119.0,3.451617480078644E-4 
120.0,1.9956130528371469E-4 120.0,2.133641307893263E-4 120.0,2.3832304615152444E-4 120.0,3.126881596391227E-4 120.0,4.3942830665371854E-4 120.0,3.3704249055269966E-4 120.0,3.6328807926451E-4 
121.0,2.815414437382398E-4 121.0,2.3683360624262274E-4 121.0,2.00282486664516E-4 121.0,1.8325734357639028E-4 121.0,1.2747819553019624E-4 121.0,9.567088901655876E-5 121.0,1.5759261934703705E-4 
122.0,1.4145085583326604E-4 122.0,1.504552820032245E-4 122.0,1.6781432807481288E-4 122.0,2.2518626911213679E-4 122.0,2.6750294573173454E-4 122.0,1.4963236222867711E-4 122.0,1.2692060232937245E-4 
123.0,1.287960531151706E-4 123.0,1.2326879914610487E-4 123.0,1.2078816066106721E-4 123.0,1.4401223489221479E-4 123.0,2.679411625600448E-4 123.0,1.6028248508199165E-4 123.0,1.330259599921206E-4 
124.0,2.517733197128224E-4 124.0,2.794719906697867E-4 124.0,3.2367919358294145E-4 124.0,2.9962014304056806E-4 124.0,3.876491190044608E-4 124.0,3.195502887940319E-4 124.0,2.616046384992546E-4 
125.0,1.777291571318841E-4 125.0,1.3210174526819067E-4 125.0,1.0881667386777813E-4 125.0,1.486879097003876E-4 125.0,2.023686232365264E-4 125.0,1.6523663477010207E-4 125.0,2.0786891779545888E-4 
126.0,1.048766534614924E-4 126.0,9.889103813515618E-5 126.0,1.232738212143391E-4 126.0,1.2807018541050372E-4 126.0,2.4288092693414967E-4 126.0,2.5793573633465524E-4 126.0,1.994466519062012E-4 
127.0,1.2888043140820105E-4 127.0,1.0686261288210528E-4 127.0,1.5961135405071554E-4 127.0,2.1556757673769694E-4 127.0,3.683340889463117E-4 127.0,2.923651695688656E-4 127.0,3.4994881580095824E-4 
128.0,2.3038720867178328E-4 128.0,1.9617271676420118E-4 128.0,2.1947248626125255E-4 128.0,2.214149280388307E-4 128.0,2.959985585525668E-4 128.0,2.4630049858032137E-4 128.0,2.763948429014047E-4 
129.0,1.349573578966932E-4 129.0,1.32039962364309E-4 129.0,1.356962045713029E-4 129.0,1.9976678100398952E-4 129.0,3.188320547060427E-4 129.0,2.171639520737707E-4 129.0,4.219767569821068E-4 
130.0,1.2341631321955134E-4 130.0,1.1377089579609079E-4 130.0,1.2596430955223863E-4 130.0,1.5592423940242922E-4 130.0,2.3665035229065287E-4 130.0,1.4589042587766335E-4 130.0,1.7948077218562852E-4 
131.0,1.8298127306201354E-4 131.0,2.197256099022822E-4 131.0,2.2813727594398056E-4 131.0,2.1449349544832934E-4 131.0,2.1688171664390165E-4 131.0,2.085942294343199E-4 131.0,3.63604601126284E-4 
132.0,1.6033701487151077E-4 132.0,1.5332591595946106E-4 132.0,1.2187247231847242E-4 132.0,1.221033223371435E-4 132.0,1.4418474787186361E-4 132.0,1.9530303063471115E-4 132.0,2.6885337881899857E-4 
133.0,1.2910537701722014E-4 133.0,9.588983203109824E-5 133.0,7.816127990277577E-5 133.0,3.936266594641421E-5 133.0,5.493463049477061E-5 133.0,7.787149545089483E-5 133.0,1.9473390316267447E-4 
134.0,6.15587898064529E-5 134.0,4.9295527062163426E-5 134.0,8.356063112153725E-5 134.0,1.160836886196892E-4 134.0,1.7049754134704985E-4 134.0,1.1883896759867412E-4 134.0,2.3974221271227331E-4 
135.0,1.2032593748925689E-4 135.0,9.221635437692552E-5 135.0,1.4037338549631467E-4 135.0,1.3891951069910046E-4 135.0,2.257987295425635E-4 135.0,2.2934322234941396E-4 135.0,2.7414539690806577E-4 
136.0,1.676810075202518E-4 136.0,1.716667802882013E-4 136.0,1.5482912666907022E-4 136.0,1.6851076532744134E-4 136.0,1.6533487106766E-4 136.0,1.3160791837320537E-4 136.0,3.016556361537278E-4 
137.0,1.2305564126014327E-4 137.0,1.0483831695720166E-4 137.0,9.691253355432196E-5 137.0,9.26703229578163E-5 137.0,1.1354537914157474E-4 137.0,1.3939136395865357E-4 137.0,1.6520032647961025E-4 
138.0,1.2173346473896685E-4 138.0,1.2892979940147225E-4 138.0,1.171649679814655E-4 138.0,1.1515807572582261E-4 138.0,1.0006221541959143E-4 138.0,2.027030190031016E-4 138.0,2.1660294279352018E-4 
139.0,1.0798888931919531E-4 139.0,9.016242342430374E-5 139.0,1.11859685573829E-4 139.0,1.4007961384418158E-4 139.0,2.0081885787705942E-4 139.0,2.75431455207809E-4 139.0,3.2229275464702966E-4 
140.0,1.464663397573082E-4 140.0,1.2363484818352435E-4 140.0,1.0119036138536944E-4 140.0,9.089819653317875E-5 140.0,1.5543764815412873E-4 140.0,1.6751707066181345E-4 140.0,1.5207865149575707E-4 
141.0,8.616876878665615E-5 141.0,7.857409484965393E-5 141.0,6.665531583771852E-5 141.0,8.615548714274363E-5 141.0,9.326495838695906E-5 141.0,7.965171355465846E-5 141.0,1.5034206822257712E-4 
142.0,7.255285353598174E-5 142.0,5.1114519130054786E-5 142.0,4.647599699091361E-5 142.0,4.8419077065783895E-5 142.0,1.2967435470281284E-4 142.0,1.2947592276658142E-4 142.0,1.2101278298272768E-4 
143.0,1.3761991752880018E-4 143.0,1.3645391703773332E-4 143.0,1.396933687719517E-4 143.0,1.4153992043058016E-4 143.0,2.382979428339851E-4 143.0,2.3842665571503638E-4 143.0,3.1918540752085407E-4 
144.0,8.05841970050909E-5 144.0,6.062083388352253E-5 144.0,7.236361731947788E-5 144.0,6.53690108570185E-5 144.0,9.946086366453077E-5 144.0,1.4688700229896593E-4 144.0,1.0568672255751E-4 
145.0,1.020648792009176E-4 145.0,8.705276147018756E-5 145.0,8.514968400164194E-5 145.0,9.493166946982295E-5 145.0,8.569659877853142E-5 145.0,1.0182079200531373E-4 145.0,1.502323544859378E-4 
146.0,5.3758114238892484E-5 146.0,5.565066116135759E-5 146.0,5.94777628744524E-5 146.0,9.180803353404324E-5 146.0,1.1618386690321236E-4 146.0,8.238163812382503E-5 146.0,1.2409112043293722E-4 
147.0,1.0811519934136169E-4 147.0,1.0140004289997568E-4 147.0,9.23422307351698E-5 147.0,9.619915676176282E-5 147.0,1.0750989119914596E-4 147.0,1.346482809964793E-4 147.0,6.469936928978214E-5 
148.0,9.299287961219173E-5 148.0,8.563538939100867E-5 148.0,9.925988958530966E-5 148.0,9.973629704776999E-5 148.0,8.765461301342148E-5 148.0,8.62897926980648E-5 148.0,9.265888369328125E-5 
149.0,6.282599890780178E-5 149.0,4.643445193155483E-5 149.0,2.912686914925898E-5 149.0,4.8841921378747396E-5 149.0,4.272121536537412E-5 149.0,5.220861419884093E-5 149.0,7.520585660274792E-5 
150.0,8.237097795930459E-5 150.0,9.224838654216686E-5 150.0,1.0453909965767939E-4 150.0,1.0041543633256206E-4 150.0,1.2870656012869082E-4 150.0,1.2757253551982884E-4 150.0,8.02077650541578E-5 
151.0,7.607264364566609E-5 151.0,6.685143765760651E-5 151.0,5.726665720835367E-5 151.0,9.305799492041243E-5 151.0,1.4256807968569045E-4 151.0,9.559361855432404E-5 151.0,9.268204372763953E-5 
152.0,1.0765189545387745E-4 152.0,8.800896561788038E-5 152.0,8.527229149678646E-5 152.0,7.856316148419423E-5 152.0,7.744827317839257E-5 152.0,3.430194208288091E-5 152.0,8.031984751327294E-5 
153.0,5.4655965851386504E-5 153.0,4.499422377344437E-5 153.0,6.087713104610075E-5 153.0,9.185033232973622E-5 153.0,1.1396678700335353E-4 153.0,6.764657108587548E-5 153.0,7.155481862345072E-5 
154.0,6.405893743685128E-5 154.0,7.284863430563696E-5 154.0,9.311829563659714E-5 154.0,1.1120706717145047E-4 154.0,1.4537128083200347E-4 154.0,6.544669248850555E-5 154.0,9.044791809032311E-5 
155.0,7.728626196176159E-5 155.0,8.930557531921507E-5 155.0,9.017726817183726E-5 155.0,8.427653643259255E-5 155.0,1.2308037601254504E-4 155.0,1.1994002497185417E-4 155.0,1.264244340396942E-4 
156.0,4.783251083096127E-5 156.0,6.015430507392577E-5 156.0,4.551711845433004E-5 156.0,4.777650101827894E-5 156.0,5.442549566256662E-5 156.0,5.972715889418667E-5 156.0,6.506227066864933E-5 
157.0,4.1531879987219804E-5 157.0,3.652522271716705E-5 157.0,5.0295346508930184E-5 157.0,4.924007992477683E-5 157.0,1.0277993847797419E-4 157.0,1.2074822172534173E-4 157.0,7.519570576101334E-5 
158.0,5.2008503781603315E-5 158.0,5.436575513335103E-5 158.0,6.756513129345718E-5 158.0,7.448951944734352E-5 158.0,1.5495192081365863E-4 158.0,1.137530206955502E-4 158.0,1.0688725405824853E-4 
159.0,8.820444841435194E-5 159.0,6.942573882158416E-5 159.0,8.212767943028437E-5 159.0,6.9654972697467E-5 159.0,9.307726931466767E-5 159.0,9.522539894409545E-5 159.0,6.714200007291592E-5 
160.0,4.482432422925601E-5 160.0,4.3174829859379826E-5 160.0,4.264706450505567E-5 160.0,5.517349768031283E-5 160.0,1.2491318648833103E-4 160.0,8.498808396332106E-5 160.0,7.08152485195378E-5 
161.0,5.53753720277886E-5 161.0,5.561757841928759E-5 161.0,6.380386360821386E-5 161.0,7.223256886676577E-5 161.0,1.5300376992551063E-4 161.0,6.067339943156497E-5 161.0,6.540965067450043E-5 
162.0,7.609681690225431E-5 162.0,7.768643921969898E-5 162.0,6.004505279911866E-5 162.0,6.307661616728267E-5 162.0,7.810878688560491E-5 162.0,9.473818850042923E-5 162.0,8.644094231634188E-5 
163.0,4.326055076717468E-5 163.0,3.598200500681744E-5 163.0,3.4868048982715974E-5 163.0,4.699644655320821E-5 163.0,5.22044008736759E-5 163.0,8.620233149488654E-5 163.0,9.050649115463662E-5 
164.0,4.7340946105851734E-5 164.0,3.973087837068856E-5 164.0,4.3841522002731014E-5 164.0,3.282128339756705E-5 164.0,3.0213551220118375E-5 164.0,3.320414819813153E-5 164.0,4.633071533439303E-5 
165.0,3.489397429802212E-5 165.0,2.979573325152196E-5 165.0,2.9621222827886093E-5 165.0,4.275715427723229E-5 165.0,5.7437606303219245E-5 165.0,4.6176836399849573E-5 165.0,5.1188365862779185E-5 
166.0,4.7909409011695035E-5 166.0,3.8895008312886674E-5 166.0,5.0188197349641824E-5 166.0,4.255393082415843E-5 166.0,8.553237624626782E-5 166.0,8.471851634379534E-5 166.0,7.036946954448045E-5 
167.0,4.344317895144203E-5 167.0,4.810233264188106E-5 167.0,3.131169443920606E-5 167.0,5.414688547573073E-5 167.0,4.088902301588427E-5 167.0,5.485799464531768E-5 167.0,4.121402056943419E-5 
168.0,5.181677945183539E-5 168.0,4.1050261869717244E-5 168.0,4.6356791113807494E-5 168.0,3.410849480348672E-5 168.0,5.444826664380484E-5 168.0,6.38223207072445E-5 168.0,4.019527563937867E-5 
169.0,5.281820559290997E-5 169.0,4.901570841379494E-5 169.0,3.9179605440171785E-5 169.0,4.482262795280435E-5 169.0,2.392398201340252E-5 169.0,7.744825806567924E-5 169.0,7.500942282248602E-5 
170.0,3.335083070605885E-5 170.0,2.9389555733181606E-5 170.0,4.321338944610035E-5 170.0,4.7473232818015495E-5 170.0,4.1492606639066294E-5 170.0,7.012176527726411E-5 170.0,6.427360437248213E-5 
171.0,5.544772921596768E-5 171.0,5.2798522602269495E-5 171.0,3.757591288481027E-5 171.0,3.166214623416428E-5 171.0,6.104181120251364E-5 171.0,7.17485341314869E-5 171.0,4.325730378545996E-5 
172.0,3.682077092251747E-5 172.0,2.071290371481292E-5 172.0,2.2010299475929282E-5 172.0,3.231359072046155E-5 172.0,2.6318613763377562E-5 172.0,4.267572695976077E-5 172.0,5.938684976035444E-5 
173.0,2.3328795748369485E-5 173.0,1.9618728508904383E-5 173.0,2.4323219440165E-5 173.0,2.5250228085698214E-5 173.0,7.306253593019435E-5 173.0,5.102533446967303E-5 173.0,7.28351528785646E-5 
174.0,4.055027585751053E-5 174.0,4.051666164893234E-5 174.0,4.595059130934592E-5 174.0,5.9805479182330873E-5 174.0,9.58636192128164E-5 174.0,1.1261996422701113E-4 174.0,5.837888771304837E-5 
175.0,3.114806932592546E-5 175.0,2.139058442007104E-5 175.0,2.718666351563372E-5 175.0,2.9759745825234323E-5 175.0,3.4114590631655765E-5 175.0,8.113810765372935E-5 175.0,2.6421707011501007E-5 
176.0,3.964387021376994E-5 176.0,3.096660278729701E-5 176.0,3.101996741567081E-5 176.0,3.698875150057176E-5 176.0,2.9290993545884486E-5 176.0,4.5294954660227766E-5 176.0,3.4639395520620235E-5 
177.0,2.7462676856128815E-5 177.0,2.2891115310866302E-5 177.0,1.9449288387159167E-5 177.0,3.755363802753971E-5 177.0,7.113026761213326E-5 177.0,6.023279621901975E-5 177.0,7.7706409668366E-5 
178.0,4.7709433772760204E-5 178.0,5.328966889094546E-5 178.0,4.9480943932528984E-5 178.0,5.80799818267575E-5 178.0,6.668136726224393E-5 178.0,1.0384305707578328E-4 178.0,7.004416026290075E-5 
179.0,3.445658986412027E-5 179.0,2.5521634067936846E-5 179.0,2.7402419782886748E-5 179.0,3.308535156975767E-5 179.0,3.729545430456611E-5 179.0,3.540999535383201E-5 179.0,1.9048128128565474E-5 
180.0,2.0952745442084344E-5 180.0,3.0405339676184635E-5 180.0,2.008052248952051E-5 180.0,1.5303568460404514E-5 180.0,2.3841680550634436E-5 180.0,1.8606089527164658E-5 180.0,2.3721238776954374E-5 
181.0,2.574516843533005E-5 181.0,2.602858310583473E-5 181.0,3.0371182355032958E-5 181.0,3.625436994988666E-5 181.0,6.017816015416302E-5 181.0,5.4438805186136485E-5 181.0,3.195232059733569E-5 
182.0,2.77329804444669E-5 182.0,2.4940637606143144E-5 182.0,2.5060093539676175E-5 182.0,3.259071238722831E-5 182.0,5.093040363857698E-5 182.0,2.4736823353150102E-5 182.0,3.419315279339044E-5 
183.0,3.751571009253701E-5 183.0,2.6645969957379152E-5 183.0,3.0786318135554135E-5 183.0,2.722272505209894E-5 183.0,3.531985597521029E-5 183.0,2.0236968057429046E-5 183.0,2.2175518574017387E-5 
184.0,2.3475719037135485E-5 184.0,9.78568619420298E-6 184.0,1.8289678889349712E-5 184.0,2.6533597917427302E-5 184.0,4.9040144902272125E-5 184.0,2.2272445339756313E-5 184.0,2.7530808904809802E-5 
185.0,3.0107950136692182E-5 185.0,3.322279182925814E-5 185.0,4.453391213467055E-5 185.0,5.3060940806550364E-5 185.0,6.887169800426669E-5 185.0,2.2336154724855494E-5 185.0,2.186629035743674E-5 
186.0,2.729292066622521E-5 186.0,2.910399917489788E-5 186.0,2.2920501145318854E-5 186.0,2.587481969622276E-5 186.0,3.5641831836197234E-5 186.0,4.3410399095109885E-5 186.0,3.521342708493981E-5 
187.0,1.9940041525507705E-5 187.0,2.873654000121783E-5 187.0,1.835267816155845E-5 187.0,1.629799204946186E-5 187.0,2.1074620703663654E-5 187.0,2.9168736245492085E-5 187.0,1.6493257456400233E-5 
188.0,1.4634844652709848E-5 188.0,1.657987308219706E-5 188.0,2.30594077887457E-5 188.0,1.6724694570121335E-5 188.0,4.111002121131562E-5 188.0,4.713185931046944E-5 188.0,2.1400737241627547E-5 
189.0,2.5741374949651364E-5 189.0,2.1790219771149273E-5 189.0,1.8897118336714816E-5 189.0,2.2503728015834582E-5 189.0,6.317571319884169E-5 189.0,4.902371393629112E-5 189.0,3.329307363532211E-5 
190.0,3.158035920498735E-5 190.0,2.4420538932804115E-5 190.0,2.9480737344819183E-5 190.0,2.021620984630546E-5 190.0,4.3004164892432665E-5 190.0,4.3006377186721236E-5 190.0,2.5980465980137897E-5 
191.0,1.565010427220887E-5 191.0,1.8769139604069176E-5 191.0,1.322069098758791E-5 191.0,1.6483090757277417E-5 191.0,3.671277744811134E-5 191.0,2.3493317193590946E-5 191.0,1.945910378586772E-5 
192.0,2.436943242827009E-5 192.0,2.0330690275151278E-5 192.0,3.183516671846381E-5 192.0,2.8844412696297746E-5 192.0,7.54970980135803E-5 192.0,3.4211721779009026E-5 192.0,5.72369292191901E-5 
193.0,2.920603174926935E-5 193.0,2.6464984541966558E-5 193.0,1.9808938235574713E-5 193.0,2.4244996870746158E-5 193.0,2.6127414012218655E-5 193.0,4.3554322864114957E-5 193.0,2.102993963654663E-5 
194.0,1.5137209784377194E-5 194.0,2.2250570089101698E-5 194.0,2.9394283014437376E-5 194.0,3.167779831597414E-5 194.0,3.0498619553781323E-5 194.0,4.0840380373241505E-5 194.0,3.702754613041767E-5 
195.0,1.6453512032457436E-5 195.0,1.8977465167750596E-5 195.0,1.569761081574433E-5 195.0,1.0917643615359912E-5 195.0,8.18086556998186E-6 195.0,1.8032696656262896E-5 195.0,2.4815562137839944E-5 
196.0,1.5896135516423534E-5 196.0,1.0354911362395747E-5 196.0,7.670648942429588E-6 196.0,1.5554321653186196E-5 196.0,2.7387768344972597E-5 196.0,2.861308091198461E-5 196.0,4.327761702109252E-5 
197.0,1.6767816141155814E-5 197.0,1.4669047395130173E-5 197.0,2.167646814513562E-5 197.0,1.8493676289321352E-5 197.0,4.278847883936432E-5 197.0,3.778822130121584E-5 197.0,2.695558187948763E-5 
198.0,2.013048719218273E-5 198.0,2.353930943480586E-5 198.0,1.6897257648564346E-5 198.0,2.8834706924657933E-5 198.0,1.4893366324747576E-5 198.0,2.7290220722684008E-5 198.0,3.2716217097280755E-5 
199.0,2.2155796452975136E-5 199.0,1.492460904612618E-5 199.0,2.1251023353829948E-5 199.0,1.31883909612936E-5 199.0,2.915999463333485E-5 199.0,3.514790905832216E-5 199.0,3.245013345521421E-5 
200.0,1.9583167310984076E-5 200.0,1.5066533547500112E-5 200.0,1.1717787239374512E-5 200.0,1.0893329873196352E-5 200.0,1.7908017982586545E-5 200.0,2.489377518659846E-5 200.0,3.479958650180221E-5 
201.0,1.3142253788749207E-5 201.0,1.3592401529972313E-5 201.0,1.6839327215018867E-5 201.0,2.1903448923390524E-5 201.0,1.3881705667116544E-5 201.0,2.4343818062323056E-5 201.0,3.1320918208522215E-5 
202.0,2.2491340932199347E-5 202.0,2.3947254877905656E-5 202.0,1.6818471411789285E-5 202.0,2.375445516123818E-5 202.0,2.6311693972757904E-5 202.0,2.8869440235069252E-5 202.0,2.5137993512771266E-5 
203.0,1.2694983904390852E-5 203.0,9.326377724701223E-6 203.0,9.18567273663633E-6 203.0,1.3438631690144826E-5 203.0,1.749164721591635E-5 203.0,2.07140674576142E-5 203.0,2.7474266590640275E-5 
204.0,8.975595623037077E-6 204.0,1.4545259760898948E-5 204.0,1.4908898899711329E-5 204.0,1.168796856087471E-5 204.0,2.7338149564346512E-5 204.0,1.8648978051321703E-5 204.0,4.546246489134973E-5 
205.0,1.4338738858045276E-5 205.0,1.4019628927510893E-5 205.0,1.516143272048949E-5 205.0,2.4473413635923372E-5 205.0,3.899902242947082E-5 205.0,4.256492992750148E-5 205.0,3.506693313444031E-5 
206.0,1.4510088019585186E-5 206.0,9.967516483366435E-6 206.0,4.996513217179338E-6 206.0,1.167078234325873E-5 206.0,1.4790193986553677E-5 206.0,2.5483637943555007E-5 206.0,1.7243720795725157E-5 
207.0,1.2431899484003099E-5 207.0,7.545468830875244E-6 207.0,6.438722144612617E-6 207.0,9.64663835025045E-6 207.0,7.834094641914035E-6 207.0,1.5374901968494765E-5 207.0,1.987137524773396E-5 
208.0,1.2466042509049294E-5 208.0,5.242377567603823E-6 208.0,7.759298225409765E-6 208.0,1.165522259014247E-5 208.0,3.4789232196295376E-5 208.0,3.654720511414224E-5 208.0,3.1210530793735667E-5 
209.0,2.0617334331411883E-5 209.0,2.0762026481240075E-5 209.0,2.0591868984556835E-5 209.0,2.4980014810220705E-5 209.0,3.11412029408845E-5 209.0,5.4278864724800456E-5 209.0,3.4459450095957775E-5 
210.0,1.3378977020553172E-5 210.0,9.010473099956361E-6 210.0,1.116702777903011E-5 210.0,1.4042108407057527E-5 210.0,1.8103990537676756E-5 210.0,2.512910944544327E-5 210.0,2.523965360302154E-5 
211.0,9.38500876843542E-6 211.0,1.5382193928783076E-5 211.0,9.449987521361165E-6 211.0,6.511057970985422E-6 211.0,1.0225681673047336E-5 211.0,8.955373096169385E-6 211.0,1.50979668178011E-5 
212.0,8.11748047883048E-6 212.0,9.868117444311347E-6 212.0,1.1531828266686596E-5 212.0,1.1827815725933816E-5 212.0,2.7744585495571155E-5 212.0,2.7518113541103135E-5 212.0,1.791994829358062E-5 
213.0,1.1280461157582296E-5 213.0,9.158031119896854E-6 213.0,4.878986914391193E-6 213.0,8.224016323301304E-6 213.0,1.775952560222162E-5 213.0,1.5625549888835333E-5 213.0,1.4775233351186235E-5 
214.0,1.163679581166617E-5 214.0,7.020487701043786E-6 214.0,1.2182029487658876E-5 214.0,9.62697970241325E-6 214.0,1.8789015139362467E-5 214.0,1.4617779996173506E-5 214.0,1.2326265008795602E-5 
215.0,8.179002161447574E-6 215.0,6.467472643551135E-6 215.0,3.160736297301749E-6 215.0,7.2281408857030325E-6 215.0,2.0217387819757502E-5 215.0,1.4069669246518057E-5 215.0,1.2461133071712364E-5 
216.0,1.5730007921869263E-5 216.0,1.30292584719107E-5 216.0,1.8518566002040004E-5 216.0,1.922636976578532E-5 216.0,3.0243650117096084E-5 216.0,1.268427501956685E-5 216.0,1.2164842934299361E-5 
217.0,8.859253116229717E-6 217.0,9.973928714999174E-6 217.0,7.429404776852306E-6 217.0,1.0279846206278545E-5 217.0,1.4311702857883288E-5 217.0,2.3929831564966382E-5 217.0,1.3201421570646098E-5 
218.0,1.2744361241390129E-5 218.0,1.732022982039076E-5 218.0,1.5658124746344658E-5 218.0,1.6104819567703254E-5 218.0,5.958468702773694E-6 218.0,1.0500369926009009E-5 218.0,6.257947762718228E-6 
219.0,6.000823693899786E-6 219.0,7.96177517838906E-6 219.0,7.4854874310356605E-6 219.0,4.677914153771863E-6 219.0,1.2107654413736201E-5 219.0,1.896260556742588E-5 219.0,9.46921203843198E-6 
220.0,9.69352138175869E-6 220.0,5.965015459871514E-6 220.0,3.464665626464962E-6 220.0,5.3497641277593515E-6 220.0,2.5744878525229963E-5 220.0,1.766955990582714E-5 220.0,1.1707594753913828E-5 
221.0,1.0043827965265461E-5 221.0,7.450988393708692E-6 221.0,1.0863552462063955E-5 221.0,7.695325824894351E-6 221.0,2.157776327862053E-5 221.0,1.5119755567361007E-5 221.0,9.19328115435194E-6 
222.0,7.83128743213435E-6 222.0,9.60466306361858E-6 222.0,9.07304053314057E-6 222.0,1.0951759783058504E-5 222.0,1.6256509283956405E-5 222.0,1.117208420257239E-5 222.0,1.025440873508051E-5 
223.0,1.1112510830063768E-5 223.0,7.001005907302898E-6 223.0,1.2806338253180288E-5 223.0,8.145635411359716E-6 223.0,2.647193846915179E-5 223.0,1.7011141696473575E-5 223.0,1.4084693048545401E-5 
224.0,9.37429622083534E-6 224.0,6.348054480366323E-6 224.0,5.9271164005701325E-6 224.0,6.422925921860509E-6 224.0,1.2092765195764137E-5 224.0,1.6470796700276745E-5 224.0,1.0254479456122257E-5 
225.0,1.0948734921165901E-5 225.0,1.1121391086893333E-5 225.0,1.333851094314143E-5 225.0,1.6829138417093807E-5 225.0,1.8792788962585163E-5 225.0,1.5875260591224837E-5 225.0,6.685990701834756E-6 
226.0,5.661896143723775E-6 226.0,8.215647610540732E-6 226.0,9.272384587117766E-6 226.0,1.2752870702071592E-5 226.0,1.7091735242654634E-5 226.0,1.0314535423354617E-5 226.0,5.882222622255158E-6 
227.0,5.1916839184518015E-6 227.0,6.3511042249745175E-6 227.0,3.5697002858214373E-6 227.0,6.717321922772817E-6 227.0,1.3631077080265941E-5 227.0,1.6872854675150114E-5 227.0,9.281500640980318E-6 
228.0,6.924868654547039E-6 228.0,9.245100619180602E-6 228.0,1.0236612183557843E-5 228.0,6.0215523941282204E-6 228.0,1.4456763259630353E-5 228.0,1.7646018665585957E-5 228.0,1.0364950836564267E-5 
229.0,9.956246618978365E-6 229.0,9.393308250121632E-6 229.0,5.646143568174774E-6 229.0,1.1949912003323668E-5 229.0,1.2658516133945272E-5 229.0,1.8067390867471996E-5 229.0,6.2769314554767985E-6 
230.0,9.899234466837362E-6 230.0,5.7820109233348954E-6 230.0,5.902022112916724E-6 230.0,5.64142917009525E-6 230.0,1.3856808785520396E-5 230.0,1.706910716491366E-5 230.0,7.898206009303806E-6 
231.0,6.114361966344864E-6 231.0,3.427656951130757E-6 231.0,4.208831492342521E-6 231.0,4.653965980476702E-6 231.0,1.2443674170796321E-5 231.0,1.3332616018117285E-5 231.0,9.547973019203711E-6 
232.0,7.348749331718155E-6 232.0,3.897742719241651E-6 232.0,8.957313387883616E-6 232.0,9.678789670405837E-6 232.0,1.2559181869504003E-5 232.0,1.9757941137580954E-5 232.0,9.849376598197624E-6 
233.0,9.636267907767516E-6 233.0,9.521330705273468E-6 233.0,6.376689748997389E-6 233.0,9.35132903644608E-6 233.0,1.1374676094274927E-5 233.0,1.9333615669643745E-5 233.0,5.624419618484122E-6 
234.0,4.318351920026463E-6 234.0,6.018018557992743E-6 234.0,8.582757231860996E-6 234.0,1.030953299349479E-5 234.0,9.854747500961268E-6 234.0,8.033126847498875E-6 234.0,6.034091273070976E-6 
235.0,3.937887752156019E-6 235.0,8.068159054643743E-6 235.0,5.766733183249394E-6 235.0,3.4393907826904795E-6 235.0,9.521765927383131E-6 235.0,8.832750151790087E-6 235.0,1.2644271973237796E-5 
236.0,7.0830247912279785E-6 236.0,3.951122958299291E-6 236.0,5.5543974084247375E-6 236.0,8.968194768770686E-6 236.0,1.407750964580685E-5 236.0,1.5888158506466156E-5 236.0,8.447885968470324E-6 
237.0,6.2078200480032365E-6 237.0,4.1019268712066365E-6 237.0,2.793054927236214E-6 237.0,3.3895185767364434E-6 237.0,7.236603985651474E-6 237.0,7.0128857111098514E-6 237.0,3.6330506798949897E-6 
238.0,2.705768319612202E-6 238.0,3.918761538197437E-6 238.0,4.740200078451468E-6 238.0,6.80504602616966E-6 238.0,7.602811950174492E-6 238.0,7.32306029387537E-6 238.0,9.035743553600234E-6 
239.0,4.9696914234057076E-6 239.0,2.9794391814309208E-6 239.0,4.328382703472538E-6 239.0,3.041481887549381E-6 239.0,1.3587911066193618E-5 239.0,1.696241321025176E-5 239.0,5.536943165216577E-6 
240.0,9.980030032636559E-6 240.0,7.174385518841036E-6 240.0,6.692354155243214E-6 240.0,7.93637833871492E-6 240.0,1.0201063653127084E-5 240.0,2.2218585636269042E-5 240.0,6.305688935943759E-6 
241.0,3.5517522871039096E-6 241.0,3.84894195227487E-6 241.0,3.723946448386998E-6 241.0,5.4845937015612126E-6 241.0,1.046454480907846E-5 241.0,1.4450691347230814E-5 241.0,5.795799609610486E-6 
242.0,5.911056906016627E-6 242.0,8.883090725429876E-6 242.0,6.332200873888538E-6 242.0,7.331692885449557E-6 242.0,7.907987001607081E-6 242.0,8.051448862242559E-6 242.0,1.2007465462802332E-5 
243.0,4.081257914054124E-6 243.0,4.287138262246565E-6 243.0,3.840450191243559E-6 243.0,5.895626560857887E-6 243.0,1.2584202071847648E-5 243.0,1.301167182499136E-5 243.0,4.676884219353788E-6 
244.0,3.3262595449153906E-6 244.0,4.8689365334873094E-6 244.0,2.8911655000149626E-6 244.0,3.490726430299643E-6 244.0,6.701362681267356E-6 244.0,7.412298635547587E-6 244.0,3.7065344279028825E-6 
245.0,2.572727695641014E-6 245.0,2.022789431112529E-6 245.0,4.107608962887235E-6 245.0,4.078402958206657E-6 245.0,7.269763249028262E-6 245.0,9.222357955439697E-6 245.0,3.149525031404279E-6 
246.0,3.042468998163657E-6 246.0,3.3566146972002225E-6 246.0,4.604374284147682E-6 246.0,5.947099005597654E-6 246.0,9.74516506600842E-6 246.0,6.655481334314411E-6 246.0,5.3710429259592645E-6 
247.0,6.9330847854167545E-6 247.0,3.7150042233454605E-6 247.0,5.890907142258117E-6 247.0,4.652775315985628E-6 247.0,9.930850755711049E-6 247.0,1.0373446647734403E-5 247.0,5.494608413224266E-6 
248.0,2.552734970512166E-6 248.0,3.243298627158839E-6 248.0,1.5200558554806742E-6 248.0,2.973062818911229E-6 248.0,8.108862611474642E-6 248.0,1.3522297666534244E-5 248.0,2.968482311960775E-6 
249.0,7.736960043599731E-6 249.0,7.744232541682513E-6 249.0,7.2019203974857715E-6 249.0,9.133465192222063E-6 249.0,4.079502312898756E-6 249.0,6.289991040713203E-6 249.0,2.3908808349706197E-6 
250.0,2.112638493144197E-6 250.0,3.6314110423503393E-6 250.0,3.1983499714664967E-6 250.0,5.410933811237756E-6 250.0,3.0497083379114022E-6 250.0,7.0272347339335835E-6 250.0,2.6869238617167353E-6 
251.0,2.6690608049227087E-6 251.0,4.088475999999825E-6 251.0,1.7328312602072317E-6 251.0,2.6990894715492633E-6 251.0,1.2083754609355421E-5 251.0,7.510208482530426E-6 251.0,4.262678592935071E-6 
252.0,2.942895682585882E-6 252.0,4.034008074309449E-6 252.0,4.922280244681184E-6 252.0,2.3748312805000074E-6 252.0,1.0175392038687875E-5 252.0,3.860689042835396E-6 252.0,3.025009238391605E-6 
253.0,3.5344257389647184E-6 253.0,4.147925889755537E-6 253.0,2.5443789134263386E-6 253.0,4.741491105424066E-6 253.0,8.918456085269007E-6 253.0,5.9171767947042284E-6 253.0,2.935930331032743E-6 
254.0,4.656120158238071E-6 254.0,2.2779820268651902E-6 254.0,4.758187557985744E-6 254.0,4.440404920985928E-6 254.0,1.5638971763424766E-5 254.0,7.207227706385378E-6 254.0,4.110615325128024E-6 
255.0,2.8936937427287413E-6 255.0,2.7436354941239824E-6 255.0,1.965704061419034E-6 255.0,3.043773994319413E-6 255.0,8.651351497228958E-6 255.0,5.5333022387366585E-6 255.0,4.319385199703427E-6 
