X:Sigma Y:a0(A16A1-A1A16)aI,
0.0,0.0 0.0,0.0 
1.0,1.22514845490862E-18 1.0,4.174178364069192E-19 
2.0,1.824170155206861E-18 2.0,8.131516293641283E-20 
3.0,5.951287368726604E-17 3.0,1.1252324484505027E-17 
4.0,5.4850465532399476E-18 4.0,1.342716627987517E-18 
5.0,7.3588867204738E-17 5.0,2.5772840892696048E-17 
6.0,9.000572097524195E-17 6.0,1.3757847942483248E-17 
7.0,1.2835869520055888E-16 7.0,-2.2199039481640703E-17 
8.0,3.4836771054674866E-18 8.0,-1.5958100726271018E-18 
9.0,6.463945589722797E-17 9.0,-8.151167458017584E-18 
10.0,8.952934964570614E-17 10.0,2.0666248660289323E-17 
11.0,1.0913714593510648E-16 11.0,-1.043544591017298E-19 
12.0,6.353289205493495E-17 12.0,5.790994853788201E-18 
13.0,8.971772977317549E-17 13.0,-2.3952736495636008E-17 
14.0,1.1306670118400864E-16 14.0,3.824997501893079E-17 
15.0,1.27675647831893E-16 15.0,-5.342948306008566E-17 
16.0,2.2503971342652253E-18 16.0,-2.9883322379131717E-19 
17.0,5.175913408810018E-17 17.0,1.0123060159225595E-17 
18.0,5.039947680116757E-17 18.0,2.922771887795689E-17 
19.0,1.124100812432971E-16 19.0,-7.91033905045424E-17 
20.0,6.358574691084362E-17 20.0,-1.663979284222128E-17 
21.0,7.239488956228835E-17 21.0,8.239936510889833E-19 
22.0,4.447973293939672E-17 22.0,-1.33153579308376E-19 
23.0,6.63789227577094E-17 23.0,-2.932631351301729E-17 
24.0,5.1198737090196736E-17 24.0,2.0868181314914746E-17 
25.0,5.095140346959848E-17 25.0,2.2343373895852837E-17 
26.0,5.90910512795334E-17 26.0,-5.523332442455842E-18 
27.0,8.239936510889834E-17 27.0,7.37257477290143E-19 
28.0,6.380495903759304E-17 28.0,-1.7027056305705945E-17 
29.0,7.658668621166043E-17 29.0,1.525879032501787E-17 
30.0,5.680135181651557E-17 30.0,2.5668486433594317E-17 
31.0,8.196568423990414E-17 31.0,-6.739400704169896E-17 
32.0,5.266850866027239E-19 32.0,2.552957303024461E-19 
33.0,1.5699247457590105E-17 33.0,2.5153490401663702E-18 
34.0,2.303929616531697E-17 34.0,7.708677446371936E-18 
35.0,2.2550049934982887E-17 35.0,-5.163512846462215E-19 
36.0,1.539092746478954E-17 36.0,-6.403569081242511E-19 
37.0,2.144009796090085E-17 37.0,-4.713568944880731E-18 
38.0,2.7365262833534133E-17 38.0,1.0191500421363742E-17 
39.0,2.4627652348008234E-17 39.0,-1.3552527156068805E-19 
40.0,1.949192218221596E-17 40.0,-1.0742410650257938E-17 
41.0,1.9091953224522478E-17 41.0,-1.1716667946189835E-17 
42.0,1.9498698445793994E-17 42.0,1.3356015512305807E-18 
43.0,2.141841391745114E-17 43.0,8.836247705756862E-19 
44.0,2.2575969143168867E-17 44.0,-5.019009025660631E-18 
45.0,1.7612186665669215E-17 45.0,2.6339336527819723E-18 
46.0,2.53106997166741E-17 46.0,7.247891523065597E-18 
47.0,2.8186545979191904E-17 47.0,-6.4130558502517586E-18 
48.0,2.2672022679387506E-17 48.0,-3.655116573991757E-18 
49.0,1.7019263602591205E-17 49.0,1.6913553890773869E-18 
50.0,2.178704265609621E-17 50.0,-9.703609443745264E-19 
51.0,1.3757170316125445E-17 51.0,-2.7985968577282083E-18 
52.0,1.0352436681342059E-17 52.0,-5.413895785670586E-18 
53.0,1.0607563005055055E-17 53.0,4.3354534372264105E-18 
54.0,2.219429609713608E-17 54.0,5.984118365762181E-18 
55.0,1.529605977469706E-17 55.0,-5.563312397566244E-19 
56.0,1.3983836332810696E-17 56.0,-5.555519694451505E-18 
57.0,1.0641444322945227E-17 57.0,3.7404974950749905E-19 
58.0,1.8947788216899796E-17 58.0,-3.5141702915686414E-18 
59.0,1.0377297098343973E-17 59.0,-5.022439509097011E-18 
60.0,1.175105748384836E-17 60.0,-6.126758714079805E-18 
61.0,1.1533878236172356E-17 61.0,7.826584432629735E-19 
62.0,1.0629247048504763E-17 62.0,4.5577148825859394E-18 
63.0,1.531977669722018E-17 63.0,-6.4130558502517586E-18 
64.0,2.2937652211646454E-19 64.0,6.810144895924575E-20 
65.0,7.883547398332587E-18 65.0,1.3620713308322776E-18 
66.0,5.9556580587344364E-18 66.0,1.862794857601657E-18 
67.0,5.592450330951792E-18 67.0,1.7909664636744927E-18 
68.0,6.640103031763274E-18 68.0,2.8392967908437776E-18 
69.0,9.169682225443516E-18 69.0,-1.1005075567201497E-18 
70.0,7.089326955339592E-18 70.0,6.559423143537302E-19 
71.0,1.1289848044068394E-17 71.0,1.1378193580467016E-18 
72.0,7.225529853258083E-18 72.0,-3.662231650748693E-18 
73.0,1.068159368464508E-17 73.0,-5.921946147433715E-18 
74.0,8.650578083718718E-18 74.0,-4.05356087238018E-18 
75.0,9.434083559928946E-18 75.0,-8.261959367518445E-19 
76.0,8.658879006601811E-18 76.0,3.606666289408811E-19 
77.0,1.0758673682845221E-17 77.0,-1.980701843859456E-18 
78.0,8.703432939627387E-18 78.0,2.8053731213062427E-18 
79.0,8.492987603882056E-18 79.0,-2.45669200856901E-18 
80.0,6.726796853914752E-18 80.0,-9.798477133837746E-19 
81.0,8.707498697774207E-18 81.0,-1.9122615817213084E-18 
82.0,7.580436658157635E-18 82.0,-3.0799812028060867E-18 
83.0,6.308023764792225E-18 83.0,4.092863201132779E-19 
84.0,5.110319177374645E-18 84.0,1.4016701211164162E-18 
85.0,6.725229842962331E-18 85.0,2.7154605739551987E-18 
86.0,6.179952383167375E-18 86.0,-2.5261910618912254E-18 
87.0,3.135546564145969E-18 87.0,1.4936578991882333E-18 
88.0,6.534541550711707E-18 88.0,2.5598817973682653E-18 
89.0,4.613957870283625E-18 89.0,-8.246712774467868E-19 
90.0,5.612270901917543E-18 90.0,1.3350933314622282E-18 
91.0,5.598887781350925E-18 91.0,6.67123149257487E-19 
92.0,5.091726804182413E-18 92.0,2.757896924612639E-18 
93.0,7.11876135025668E-18 93.0,-2.6119531478007233E-18 
94.0,4.352055282992595E-18 94.0,6.2375506235806675E-19 
95.0,6.360709214111443E-18 95.0,2.2922405618595874E-18 
96.0,3.341375570328764E-18 96.0,-8.775261333554552E-19 
97.0,3.376347443138526E-18 97.0,5.322013886717176E-19 
98.0,1.5024670418396779E-18 98.0,2.39710324072967E-19 
99.0,3.0920937739518234E-18 99.0,8.857423529438219E-19 
100.0,3.322063219131366E-18 100.0,1.493827305777684E-18 
101.0,4.97547153217176E-18 101.0,9.713773839112316E-19 
102.0,3.025008764529283E-18 102.0,5.474373938104543E-19 
103.0,4.067706322599327E-18 103.0,-1.6501048845461024E-18 
104.0,2.801307363159422E-18 104.0,1.5890338090490674E-19 
105.0,2.8421343512170794E-18 105.0,4.270740120056182E-19 
106.0,3.419387304770885E-18 106.0,6.496742705440484E-20 
107.0,2.3331522532119703E-18 107.0,2.6774711462708436E-19 
108.0,3.559317147657296E-18 108.0,-3.595654861094505E-19 
109.0,1.78359727703338E-18 109.0,4.0937102340800336E-19 
110.0,1.4418618344636328E-18 110.0,-2.0722661054576458E-19 
111.0,2.160357531972093E-18 111.0,-4.0293357300887066E-19 
112.0,1.7316741573666917E-18 112.0,-7.416620486158654E-19 
113.0,2.51690546320695E-18 113.0,-1.4343338291449101E-18 
114.0,2.2056949704738795E-18 114.0,-5.990428761219226E-19 
115.0,1.7877689142986077E-18 115.0,-9.688574608931501E-19 
116.0,1.44181948281627E-18 116.0,-3.6422416731934915E-20 
117.0,1.9175131859942853E-18 117.0,2.7630214739435276E-19 
118.0,1.5290215247361003E-18 118.0,5.796669974534805E-19 
119.0,1.7306577178299865E-18 119.0,-3.392366953753473E-19 
120.0,1.2124429606998056E-18 120.0,1.8787190770100382E-19 
121.0,1.0283932891732867E-18 121.0,7.060972527430254E-19 
122.0,1.480724764874844E-18 122.0,-3.0029964958125117E-19 
123.0,1.135532369089115E-18 123.0,-2.854501032246992E-19 
124.0,1.671704224701087E-18 124.0,9.005654295207722E-19 
125.0,1.5167818986482757E-18 125.0,2.8926175148734357E-19 
126.0,1.6362876595940166E-18 126.0,-4.827346645520665E-19 
127.0,1.6613704227445848E-18 127.0,-7.086277636729477E-19 
128.0,1.461131834013668E-20 128.0,-1.3848988687607812E-20 
129.0,1.2874900798265365E-19 129.0,1.1655173354219172E-19 
130.0,1.531435568635775E-19 130.0,5.014435047745458E-20 
131.0,3.7388034291804815E-19 131.0,-3.7388034291804815E-19 
132.0,1.5949630396798476E-19 132.0,-5.192311966668861E-20 
133.0,2.6529071908004686E-19 133.0,-1.6771252355635147E-19 
134.0,1.9244588561617703E-19 134.0,-4.0657581468206416E-20 
135.0,3.021366522856089E-19 135.0,-2.289530056428374E-19 
136.0,2.2463313761184044E-19 136.0,1.50094238253462E-19 
137.0,2.780809165835868E-19 137.0,-2.780809165835868E-19 
138.0,1.0570971181733668E-19 138.0,-9.75781955236954E-20 
139.0,4.396100996249819E-19 139.0,-1.3603349132904063E-19 
140.0,7.452195869943334E-19 140.0,-1.3671111768684408E-19 
141.0,5.214334823297473E-19 141.0,2.341199066210886E-19 
142.0,3.0929408068990775E-19 142.0,-9.245364619280689E-20 
143.0,4.997494388800372E-19 143.0,-3.6761229910836635E-19 
144.0,1.6347735882007997E-19 144.0,1.6347735882007997E-19 
145.0,2.871441691192078E-19 145.0,2.871441691192078E-19 
146.0,1.124859753953711E-19 146.0,-4.0657581468206415E-21 
147.0,2.430984558619842E-19 147.0,3.710004308973835E-20 
148.0,1.196010521523072E-19 148.0,3.049318610115481E-20 
149.0,1.5856456772600501E-19 149.0,-9.690056916589196E-20 
150.0,1.4280975490707503E-19 150.0,2.930733997499879E-20 
151.0,2.0379612710938466E-19 151.0,-1.6483261153568684E-19 
152.0,1.3095129364551483E-19 152.0,-5.539595475043125E-20 
153.0,2.016785447412489E-19 153.0,1.4746843611697368E-19 
154.0,3.0679533349550757E-19 154.0,-3.0679533349550757E-19 
155.0,2.1921212674941294E-19 155.0,2.744386749103933E-20 
156.0,1.1943164556285635E-19 156.0,-1.1943164556285635E-19 
157.0,5.793705359219415E-20 157.0,2.541098841762901E-20 
158.0,1.9278469879507875E-19 158.0,1.107919095008625E-19 
159.0,2.275977529272305E-19 159.0,-2.275977529272305E-19 
160.0,8.617501447128438E-20 160.0,8.617501447128438E-20 
161.0,1.07742590890747E-19 161.0,-8.876905287225067E-20 
162.0,6.589916329638456E-20 162.0,-6.589916329638456E-20 
163.0,1.610209632730425E-19 163.0,9.596883292391223E-20 
164.0,2.335269835580106E-19 164.0,1.4653669987499396E-20 
165.0,1.238362168885787E-19 165.0,9.994988777600745E-21 
166.0,1.7279472123987726E-20 166.0,1.7279472123987726E-20 
167.0,1.6517142471458857E-19 167.0,-1.424709417281733E-19 
168.0,8.775261333554551E-20 168.0,6.437450399132682E-21 
169.0,4.336808689942018E-20 169.0,-4.336808689942018E-20 
170.0,6.945670167485263E-20 170.0,-2.608861477543245E-20 
171.0,7.398832794266313E-20 171.0,-7.398832794266313E-20 
172.0,6.653443800682529E-20 172.0,5.0949031777346164E-20 
173.0,5.624298769768555E-20 173.0,-5.624298769768555E-20 
174.0,4.489274620447792E-20 174.0,4.489274620447792E-20 
175.0,3.256841682192785E-20 175.0,3.769296615281637E-21 
176.0,4.082698805765728E-20 176.0,8.470329472543003E-22 
177.0,3.117081245895825E-20 177.0,-9.486769009248163E-21 
178.0,7.8541130034155E-20 178.0,-7.8541130034155E-20 
179.0,2.5283933475540866E-20 179.0,-1.503483481376383E-20 
180.0,5.793705359219415E-20 180.0,-5.793705359219415E-20 
181.0,6.094402055494691E-20 181.0,-6.094402055494691E-20 
182.0,5.243133943504119E-20 182.0,3.9725845226226685E-20 
183.0,5.542374801901302E-20 183.0,-2.453616220179293E-20 
184.0,1.998997755520149E-20 184.0,1.8634724839594607E-20 
185.0,4.1081097941833566E-20 185.0,-1.2620790914089075E-20 
186.0,1.5839516113655416E-20 186.0,1.7787691892340308E-21 
187.0,4.03187682893047E-20 187.0,4.03187682893047E-20 
188.0,6.793204236979489E-20 188.0,-3.218725199566341E-21 
189.0,4.573977915173222E-20 189.0,-2.1345230270808368E-20 
190.0,1.9354702844760764E-20 190.0,-1.291725244562808E-20 
191.0,4.870439446712227E-20 191.0,-3.4474240953250026E-20 
192.0,3.6168306847758627E-20 192.0,-1.1265538198482195E-20 
193.0,2.7062702664774895E-20 193.0,1.079967007749233E-20 
194.0,5.166900978251232E-20 194.0,2.185345003916095E-20 
195.0,2.2404021454876243E-20 195.0,2.1048768739269365E-20 
196.0,3.083199928005653E-20 196.0,-3.726944967918922E-21 
197.0,3.8539999100070665E-20 197.0,-7.369186641112412E-21 
198.0,3.24413618798397E-20 198.0,1.1604351377383914E-20 
199.0,3.226136737854816E-20 199.0,-7.866818497624314E-21 
200.0,2.286988957586611E-20 200.0,-3.5575383784680616E-21 
201.0,3.210254870093798E-20 201.0,-2.210755992333724E-20 
202.0,3.955643863677583E-20 202.0,-2.346281263894412E-20 
203.0,1.5415999640028266E-20 203.0,1.5415999640028266E-20 
204.0,5.404070203482436E-20 204.0,-1.4399560103323106E-20 
205.0,1.4865428224312972E-20 205.0,1.079967007749233E-20 
206.0,2.1514636860259227E-20 206.0,-2.1514636860259227E-20 
207.0,2.015938414465235E-20 207.0,-2.015938414465235E-20 
208.0,7.72917564369549E-21 208.0,-4.4680987967664346E-21 
209.0,5.588299869510246E-20 209.0,-3.644359255561627E-20 
210.0,3.540597719522975E-20 210.0,-3.540597719522975E-20 
211.0,1.68188979589182E-20 211.0,2.080524676693375E-21 
212.0,7.750351467376848E-21 212.0,-5.505714157152952E-22 
213.0,1.7448878713438588E-20 213.0,-2.202285662861181E-21 
214.0,2.7237403210146095E-20 214.0,-1.9783513274308252E-20 
215.0,1.3383120566617946E-20 215.0,-5.929230630780102E-21 
216.0,9.402065714522733E-21 216.0,-9.402065714522733E-21 
217.0,7.125664668776801E-21 217.0,7.125664668776801E-21 
218.0,1.39548678060146E-20 218.0,-6.162164691275035E-21 
219.0,1.7194768829262297E-20 219.0,7.199780051661553E-21 
220.0,8.046812998915853E-21 220.0,-3.981054852095212E-21 
221.0,2.1811098391798234E-20 221.0,1.029145030913975E-20 
222.0,2.414043899674756E-20 222.0,1.2536087619363646E-20 
223.0,1.5246593050577406E-20 223.0,5.082197683525802E-21 
224.0,1.4314856808597675E-20 224.0,1.4314856808597675E-20 
225.0,7.395656420714109E-21 225.0,-2.779326858178173E-21 
226.0,9.942049218397351E-21 226.0,-2.4881592825595072E-21 
227.0,2.3716922523120408E-21 227.0,3.3881317890172015E-22 
228.0,9.402065714522733E-21 228.0,-9.402065714522733E-21 
229.0,1.0227922838095676E-20 229.0,-5.823351512373315E-21 
230.0,4.997494388800372E-21 230.0,-4.997494388800372E-21 
231.0,1.2620790914089075E-20 231.0,-1.2620790914089075E-20 
232.0,8.978549240895583E-21 232.0,6.776263578034403E-21 
233.0,1.3658406274475593E-20 233.0,-2.2658131339052533E-21 
234.0,1.0429093163068573E-20 234.0,4.129285617864714E-22 
235.0,1.622068093991985E-20 235.0,1.622068093991985E-20 
236.0,2.0514079191315086E-21 236.0,-1.3314299139653533E-21 
237.0,9.317362419797304E-21 237.0,-9.317362419797304E-21 
238.0,4.351631766518968E-21 238.0,-1.979939514206927E-21 
239.0,9.190307477709158E-21 239.0,-2.329340604949326E-21 
240.0,6.20451633863775E-21 240.0,-6.20451633863775E-21 
241.0,9.833523122030393E-21 241.0,9.833523122030393E-21 
242.0,8.893845946170154E-21 242.0,-1.6093625997831706E-21 
243.0,3.975760896174872E-21 243.0,3.975760896174872E-21 
244.0,6.3474531484869135E-21 244.0,6.3474531484869135E-21 
245.0,4.997494388800372E-21 245.0,-1.7787691892340308E-21 
246.0,2.9857911390714086E-21 246.0,2.9857911390714086E-21 
247.0,2.318752693108647E-21 247.0,-2.0011153378882844E-21 
248.0,6.008639969585193E-21 248.0,-6.008639969585193E-21 
249.0,4.425747149403719E-21 249.0,-2.5622746654442585E-21 
250.0,5.241016361135983E-21 250.0,-5.241016361135983E-21 
251.0,5.293955920339377E-21 251.0,5.293955920339377E-21 
252.0,1.9217059990831937E-21 252.0,-2.6469779601696886E-23 
253.0,3.991642763935891E-21 253.0,7.517417406881915E-22 
254.0,5.497773223272443E-21 254.0,4.581918849053731E-21 
255.0,5.241016361135983E-21 255.0,-3.705769144237564E-22 
