x:Traj Length y:|f_k(x)-fhat_k(x)|,
0.0,0.05488619327728983 0.0,9.60701812637907E-4 0.0,7.553066405703859E-4 0.0,0.0018711882757961773 0.0,0.0028618392420524646 
1.0,4.093546037811616E-4 1.0,7.543221098955163E-4 1.0,0.0018702817623950708 1.0,0.0028854422607770785 1.0,0.0018219635045047672 
2.0,3.2951051324753473E-4 2.0,0.0018691479996787727 2.0,0.0028835371031947867 2.0,0.0018335506785549698 2.0,0.001173820995322877 
3.0,7.372333665690083E-4 3.0,0.002886071331209047 3.0,0.0018326071545233685 3.0,0.0011852234540532755 3.0,0.003988422699758004 
4.0,0.0012147847476988393 4.0,0.0018332212461001048 4.0,0.0011850129671632553 4.0,0.004013394192719233 4.0,0.004213006607785271 
5.0,7.464842240349976E-4 5.0,0.0011833996429877168 5.0,0.0040132387291778055 5.0,0.004248185942852963 5.0,0.0017903071272790398 
6.0,4.866227786763728E-4 6.0,0.0040028902000844154 6.0,0.00424517825885777 6.0,0.0018045573828759133 6.0,0.0023158735167601264 
7.0,0.001727987731568472 7.0,0.004250146297661571 7.0,0.0018026330888415145 7.0,0.0023262407408872507 7.0,0.003607658164886946 
8.0,0.001796246313121974 8.0,0.0018060553128110312 8.0,0.002325624052249315 8.0,0.003620202218430385 8.0,0.003916938961984736 
9.0,7.970439593316249E-4 9.0,0.002324357748399127 9.0,0.0036196732767813295 9.0,0.003931529644902707 9.0,0.0018125186677661433 
10.0,9.033741705903574E-4 10.0,0.0036137459500829062 10.0,0.003929401966422874 10.0,0.001823492093788028 10.0,0.002604098384996154 
11.0,0.0015216493852326085 11.0,0.003936230297619125 11.0,0.001822199305734665 11.0,0.00260996373567106 11.0,0.04119186601210754 
12.0,0.0017389929153432144 12.0,0.0018243385975168789 12.0,0.002609453291296326 12.0,0.040682447482881134 12.0,0.0037429485829857654 
13.0,7.858282207249608E-4 13.0,0.0026119981992425746 13.0,0.04072815622421219 13.0,0.0037562277978762434 13.0,0.0015988481717524275 
14.0,0.0011935064689269765 14.0,0.04066565276126541 14.0,0.0037535154168070878 14.0,0.0016044146051941708 14.0,0.0028719704658064123 
15.0,0.020424398762278542 15.0,0.003763740734583944 15.0,0.0016039239242576127 15.0,0.0028867472774417964 15.0,0.05080476854514944 
16.0,0.0016734177272420968 16.0,0.0016043039360662719 16.0,0.0028861101477444693 16.0,0.05045608394262202 16.0,0.00720128605767208 
17.0,6.7560585902835E-4 17.0,0.0028863027345895293 17.0,0.05046316227973677 17.0,0.007226923500957657 17.0,0.004066444923497939 
18.0,0.0012475466374828913 18.0,0.05036228098435254 18.0,0.007225539484030719 18.0,0.004107195178176926 18.0,0.006206932868860789 
19.0,0.021108087124051628 19.0,0.007215104039280941 19.0,0.004105003553466899 19.0,0.006245308724798586 19.0,0.0084806632535276 
20.0,0.0029498289420168784 20.0,0.004100979755088935 20.0,0.0062433671386998195 20.0,0.008504545245345557 20.0,0.007030226018189378 
21.0,0.0017338955864477285 21.0,0.006238581350034254 21.0,0.008504455626446418 21.0,0.007048976270697546 21.0,0.0032311814320241682 
22.0,0.002436834595202227 22.0,0.008491905306227853 22.0,0.007049321656758771 22.0,0.0032438295325015127 22.0,0.010648856956260697 
23.0,0.0032402633550672 23.0,0.007039134513001661 23.0,0.0032433428826051346 23.0,0.01069052297062152 23.0,0.02332730645890635 
24.0,0.0027812088475802294 24.0,0.0032392548625520927 24.0,0.010689356192795403 24.0,0.02318198520198357 24.0,0.004021224848591759 
25.0,0.0014017284858590503 25.0,0.010684937246312785 25.0,0.0232115816300112 25.0,0.004038598187205244 25.0,0.004263935368236439 
26.0,0.004466182020092039 26.0,0.023109183223322574 26.0,0.00403834466099141 26.0,0.004315215406092388 26.0,0.0055813885126017905 
27.0,0.008647771156362057 27.0,0.004033380000790687 27.0,0.00431265235087213 27.0,0.005602950548446592 27.0,0.018705341023302225 
28.0,0.0017339359805095178 28.0,0.004309129940635665 28.0,0.005603037168481569 28.0,0.018608555921909273 28.0,0.0038652891308984523 
29.0,0.0016995939996910263 29.0,0.005585757984327572 29.0,0.018608653562601784 29.0,0.0038886497182370502 29.0,0.0030042797207679352 
30.0,0.0023432743916373144 30.0,0.018681020946231624 30.0,0.0038885191815115506 30.0,0.0030153382903726263 30.0,0.017190436841370848 
31.0,0.009556010924592039 31.0,0.003881847192972821 31.0,0.003014932985616324 31.0,0.017260054511105887 31.0,0.007193921919593238 
32.0,0.0015466319140896795 32.0,0.0030063325033830492 32.0,0.0172675492577626 32.0,0.00724979091647051 32.0,0.004275642964328679 
33.0,0.0012599965312217309 33.0,0.017205970300870437 33.0,0.007248433263165401 33.0,0.004307858579500011 33.0,0.0018332805098568291 
34.0,0.0063925977600976895 34.0,0.007237799991226467 34.0,0.004306801683841833 34.0,0.0018456557055672375 34.0,0.012437550029521901 
35.0,0.0029392224508124707 35.0,0.004303665583973971 35.0,0.001845711651310012 35.0,0.0123302547610257 35.0,0.0093578017351729 
36.0,0.001744178050389958 36.0,0.0018426903181280607 36.0,0.012328073427209929 36.0,0.009402268973931545 36.0,0.0020931098353643017 
37.0,7.789402052921271E-4 37.0,0.012411237459954436 37.0,0.009400664011830713 37.0,0.002105322842733751 37.0,0.0026239399238596984 
38.0,0.005624287037901714 38.0,0.009397602444372512 38.0,0.0021045238821157425 38.0,0.0026497348720562544 38.0,0.00429714728751825 
39.0,0.003261937576247002 39.0,0.0021028845055074174 39.0,0.002648470387470478 39.0,0.004306019729260775 39.0,0.01198259829436147 
40.0,8.682541947468269E-4 40.0,0.002646410987353292 40.0,0.0043060185264800635 40.0,0.012092264590215677 40.0,0.0028803120368494305 
41.0,0.001045157170103215 41.0,0.004302946679156088 41.0,0.012092952172049708 41.0,0.002895281430102771 41.0,0.004189030205644607 
42.0,0.0016888899382389968 42.0,0.01207441959795391 42.0,0.0028948006097618342 42.0,0.004210971950733411 42.0,0.007381143576468638 
43.0,0.0053132051700846596 43.0,0.002891962216130921 43.0,0.004210562050434758 43.0,0.007427112880382424 43.0,0.004023140545300577 
44.0,0.0011868422214032478 44.0,0.0042084443806356155 44.0,0.007425077103067836 44.0,0.004059301739540725 44.0,0.0025583359847324593 
45.0,0.0018306359107580794 45.0,0.007377763717917395 45.0,0.004058485216740686 45.0,0.0025752237193248395 45.0,0.0026661992421426104 
46.0,0.003227108769427213 46.0,0.004051853511402649 46.0,0.002575320597528328 46.0,0.002685621537572694 46.0,0.007392156796276535 
47.0,0.0016070978080811621 47.0,0.0025721644258622925 47.0,0.002685511579783643 47.0,0.007507053870760976 47.0,0.004862376820717065 
48.0,0.00103591580365937 48.0,0.0026811933288082845 48.0,0.007500270587640995 48.0,0.004876345285053972 48.0,0.0020720712045741514 
49.0,0.0010925366168406043 49.0,0.007538755612371698 49.0,0.004875020782466246 49.0,0.0020786141512594983 49.0,0.007387916962815617 
