x:Traj Length y:f_k(x),
0.0,0.5999999999999989 0.0,-1.1722935989999472E-17 0.0,1.1614515772750892E-16 0.0,-2.976473776651593E-16 0.0,2.6245315870674417E-16 
1.0,-4.689174395999803E-18 1.0,1.1614515772750922E-16 1.0,-2.976473776651592E-16 1.0,2.6245315870674333E-16 1.0,-2.2524300133386286E-16 
2.0,4.645806309100382E-17 2.0,-2.9764737766516E-16 2.0,2.624531587067433E-16 2.0,-2.2524300133386217E-16 2.0,2.901596064114323E-16 
3.0,-1.1905895106606436E-16 3.0,2.6245315870674397E-16 3.0,-2.252430013338621E-16 3.0,2.9015960641143135E-16 3.0,-1.1187611167334765E-15 
4.0,1.0498126348269789E-16 4.0,-2.252430013338627E-16 4.0,2.9015960641143125E-16 4.0,-1.118761116733473E-15 4.0,1.1248597539537074E-16 
5.0,-9.009720053354534E-17 5.0,2.9015960641143204E-16 5.0,-1.1187611167334726E-15 5.0,1.124859753953704E-16 5.0,-1.4602848010664093E-16 
6.0,1.1606384256457315E-16 6.0,-1.1187611167334755E-15 6.0,1.1248597539537037E-16 6.0,-1.460284801066405E-16 6.0,1.3641973835298818E-15 
7.0,-4.475044466933916E-16 7.0,1.1248597539537067E-16 7.0,-1.4602848010664044E-16 7.0,1.3641973835298775E-15 7.0,-8.288386795472755E-16 
8.0,4.49943901581484E-17 8.0,-1.460284801066408E-16 8.0,1.364197383529877E-15 8.0,-8.288386795472728E-16 8.0,1.1314157889654558E-15 
9.0,-5.84113920426565E-17 9.0,1.3641973835298808E-15 9.0,-8.288386795472726E-16 9.0,1.1314157889654522E-15 9.0,-1.0536412237485661E-15 
10.0,5.456789534119539E-16 10.0,-8.288386795472748E-16 10.0,1.1314157889654518E-15 10.0,-1.0536412237485628E-15 10.0,8.647189951929676E-16 
11.0,-3.315354718189109E-16 11.0,1.1314157889654548E-15 11.0,-1.0536412237485626E-15 11.0,8.647189951929648E-16 11.0,0.19999999999999865 
12.0,4.525663155861833E-16 12.0,-1.0536412237485653E-15 12.0,8.647189951929646E-16 12.0,0.199999999999998 12.0,1.1221492485224936E-16 
13.0,-4.214564894994273E-16 13.0,8.647189951929669E-16 13.0,0.19999999999999796 13.0,1.1221492485224902E-16 13.0,5.700870548200326E-16 
14.0,3.4588759807718776E-16 14.0,0.19999999999999848 14.0,1.12214924852249E-16 14.0,5.7008705482003075E-16 14.0,7.859110497804277E-16 
15.0,0.07999999999999963 15.0,1.122149248522493E-16 15.0,5.700870548200307E-16 15.0,7.859110497804252E-16 15.0,0.29999999999999855 
16.0,4.4885969940899847E-17 16.0,5.700870548200321E-16 16.0,7.85911049780425E-16 16.0,0.2999999999999976 16.0,7.141758294774612E-16 
17.0,2.280348219280135E-16 17.0,7.859110497804271E-16 17.0,0.2999999999999975 17.0,7.141758294774589E-16 17.0,1.1731406319472025E-16 
18.0,3.143644199121717E-16 18.0,0.29999999999999827 18.0,7.141758294774587E-16 18.0,1.1731406319471988E-16 18.0,7.039690824630469E-16 
19.0,0.11999999999999966 19.0,7.141758294774606E-16 19.0,1.1731406319471983E-16 19.0,7.039690824630447E-16 19.0,-3.661977540864506E-16 
20.0,2.856703317909851E-16 20.0,1.1731406319472015E-16 20.0,7.039690824630445E-16 20.0,-3.661977540864494E-16 20.0,9.847689748073192E-16 
21.0,4.6925625277888196E-17 21.0,7.0396908246304635E-16 21.0,-3.661977540864493E-16 21.0,9.84768974807316E-16 21.0,-1.1496015863430056E-15 
22.0,2.8158763298521936E-16 22.0,-3.661977540864503E-16 22.0,9.847689748073158E-16 22.0,-1.1496015863430019E-15 22.0,-1.3181526725171382E-16 
23.0,-1.4647910163458054E-16 23.0,9.847689748073184E-16 23.0,-1.1496015863430015E-15 23.0,-1.318152672517134E-16 23.0,0.059999999999998714 
24.0,3.939075899229285E-16 24.0,-1.1496015863430046E-15 24.0,-1.3181526725171338E-16 24.0,0.05999999999999852 24.0,6.296885281535813E-16 
25.0,-4.598406345372032E-16 25.0,-1.3181526725171373E-16 25.0,0.059999999999998506 25.0,6.296885281535793E-16 25.0,5.664448131468391E-16 
26.0,-5.272610690068564E-17 26.0,0.059999999999998666 26.0,6.296885281535791E-16 26.0,5.664448131468374E-16 26.0,1.1728018187683008E-16 
27.0,0.023999999999999536 27.0,6.296885281535808E-16 27.0,5.664448131468372E-16 27.0,1.172801818768297E-16 27.0,0.08999999999999964 
28.0,2.51875411261433E-16 28.0,5.664448131468386E-16 28.0,1.1728018187682966E-16 28.0,0.08999999999999936 28.0,1.382188363329563E-16 
29.0,2.2657792525873613E-16 29.0,1.1728018187682998E-16 29.0,0.08999999999999933 29.0,1.3821883633295587E-16 29.0,1.7281166189882184E-16 
30.0,4.6912072750732127E-17 30.0,0.08999999999999957 30.0,1.3821883633295584E-16 30.0,1.728116618988213E-16 30.0,0.04000000000000022 
31.0,0.03599999999999993 31.0,1.382188363329562E-16 31.0,1.7281166189882125E-16 31.0,0.04000000000000009 31.0,-1.0542172061526991E-16 
32.0,5.528753453318264E-17 32.0,1.728116618988217E-16 32.0,0.040000000000000084 32.0,-1.0542172061526957E-16 32.0,8.692929731081408E-16 
33.0,6.912466475952888E-17 33.0,0.04000000000000019 33.0,-1.0542172061526954E-16 33.0,8.69292973108138E-16 33.0,-3.0189948306037684E-16 
34.0,0.016000000000000122 34.0,-1.0542172061526981E-16 34.0,8.692929731081377E-16 34.0,-3.0189948306037585E-16 34.0,0.05999999999999966 
35.0,-4.216868824610805E-17 35.0,8.6929297310814E-16 35.0,-3.018994830603758E-16 35.0,0.059999999999999463 35.0,0.017999999999999614 
36.0,3.4771718924325704E-16 36.0,-3.018994830603766E-16 36.0,0.05999999999999945 36.0,0.017999999999999558 36.0,4.3333570306819436E-16 
37.0,-1.20759793224151E-16 37.0,0.05999999999999961 37.0,0.01799999999999955 37.0,4.33335703068193E-16 37.0,4.2686940060929583E-16 
38.0,0.023999999999999914 38.0,0.0179999999999996 38.0,4.3333570306819284E-16 38.0,4.268694006092945E-16 38.0,-8.535974525955186E-17 
39.0,0.007199999999999861 39.0,4.33335703068194E-16 39.0,4.2686940060929435E-16 39.0,-8.535974525955159E-17 39.0,0.027000000000000194 
40.0,1.733342812272781E-16 40.0,4.268694006092955E-16 40.0,-8.535974525955156E-17 40.0,0.027000000000000107 40.0,-3.208476100904555E-16 
41.0,1.707477602437187E-16 41.0,-8.53597452595518E-17 41.0,0.0270000000000001 41.0,-3.2084761009045445E-16 41.0,-4.488427587500524E-17 
42.0,-3.4143898103820816E-17 42.0,0.027000000000000173 42.0,-3.2084761009045435E-16 42.0,-4.48842758750051E-17 42.0,0.02399999999999972 
43.0,0.0108000000000001 43.0,-3.208476100904552E-16 43.0,-4.4884275875005085E-17 43.0,0.023999999999999643 43.0,2.2989135932971685E-16 
44.0,-1.2833904403618245E-16 44.0,-4.48842758750052E-17 44.0,0.023999999999999636 44.0,2.298913593297161E-16 44.0,5.169018560619352E-16 
45.0,-1.7953710350002135E-17 45.0,0.0239999999999997 45.0,2.2989135932971606E-16 45.0,5.169018560619336E-16 45.0,-1.1582328520755268E-16 
46.0,0.009599999999999907 46.0,2.2989135932971665E-16 46.0,5.169018560619334E-16 46.0,-1.1582328520755231E-16 46.0,0.035999999999999775 
47.0,9.195654373188693E-17 47.0,5.169018560619348E-16 47.0,-1.158232852075523E-16 47.0,0.03599999999999966 47.0,0.00539999999999989 
48.0,2.0676074242477454E-16 48.0,-1.1582328520755258E-16 48.0,0.03599999999999965 48.0,0.005399999999999873 48.0,1.8858341537669686E-16 
49.0,-4.632931408302117E-17 49.0,0.03599999999999975 49.0,0.005399999999999871 49.0,1.8858341537669627E-16 49.0,0.008000000000000274 
