x:Traj Length y:fhat_k(x),
0.0,0.5941571116959449 0.0,6.153263975796718E-5 0.0,3.539949190582202E-4 0.0,5.253210554021485E-4 0.0,6.951958287276833E-4 
1.0,4.933258861301393E-5 1.0,3.534574973613906E-4 1.0,5.25201446707675E-4 1.0,7.103002250881904E-4 1.0,-8.035105909710485E-4 
2.0,1.4938181925606782E-4 2.0,5.221240806934176E-4 2.0,7.084760341453241E-4 2.0,-7.995009572073624E-4 2.0,2.919178197525655E-4 
3.0,1.2778837195705794E-4 3.0,7.134519117864618E-4 3.0,-7.989186787722676E-4 3.0,2.990158676343451E-4 3.0,0.0027718496167481836 
4.0,4.023667009025087E-4 4.0,-8.028359079337088E-4 4.0,2.9920555059223514E-4 4.0,0.002771855844633977 4.0,-0.0020561068685239054 
5.0,-3.515257539911285E-4 5.0,2.9757596607453673E-4 5.0,0.002772075635184585 5.0,-0.00208063425164467 5.0,9.010654810694381E-4 
6.0,1.2047316862567181E-4 6.0,0.002763790767665098 6.0,-0.00207756223442718 6.0,9.055776275042672E-4 6.0,-4.360680030628459E-4 
7.0,0.001305082894944607 7.0,-0.0020887154711082255 7.0,9.03528931111488E-4 7.0,-4.313676226246838E-4 7.0,-0.00201216159892807 
8.0,-9.024046005640861E-4 8.0,9.101323367518195E-4 8.0,-4.317835695802103E-4 8.0,-0.0020222796953591245 8.0,0.0024399989486662815 
9.0,4.217579006615688E-4 9.0,-4.329148768460331E-4 9.0,-0.0020215754756711672 9.0,0.0024532593787628186 9.0,-6.901911131025557E-4 
10.0,-2.3437705525068358E-4 10.0,-0.002025139960935824 10.0,0.0024503848692011654 10.0,-6.91711530951547E-4 10.0,7.844524022743947E-5 
11.0,-8.28105635418395E-4 11.0,0.0024599851582023436 11.0,-6.90222572922739E-4 11.0,6.983349283531105E-5 11.0,0.18745209167074253 
12.0,0.0011155803028774153 12.0,-6.96631542760134E-4 12.0,7.240251069862579E-5 12.0,0.18820078185196745 12.0,-0.0022144044683252507 
13.0,-3.2304927596473956E-4 13.0,6.793327206658068E-5 13.0,0.1881866728884925 13.0,-0.002220157342543302 13.0,7.524459160251983E-4 
14.0,2.5071923442001646E-5 14.0,0.18807620490366833 14.0,-0.0022172769597240925 14.0,7.516882073248911E-4 14.0,3.138761550245701E-4 
15.0,0.07658123132755444 15.0,-0.002232267297696889 15.0,7.515073070977227E-4 15.0,3.096933687529476E-4 15.0,0.2986738608151235 
16.0,-0.0010390959340268327 16.0,7.530788637970085E-4 16.0,3.084001562339106E-4 16.0,0.2997782250038526 16.0,7.555664316611671E-4 
17.0,3.4786384997980725E-4 17.0,3.089030797705E-4 17.0,0.29974087972026453 17.0,7.506719051036761E-4 17.0,-0.00155739123860029 
18.0,1.9284925156580956E-4 18.0,0.29948118654284633 18.0,7.479156383843365E-4 18.0,-0.0016010389588750357 18.0,-0.0018934441221763812 
19.0,0.12037065697026467 19.0,7.656071129102296E-4 19.0,-0.001596336715545407 19.0,-0.0019222488606953497 19.0,0.004622263886464344 
20.0,2.9609406835364805E-4 20.0,-0.0016005668218990851 20.0,-0.001919058193344013 20.0,0.0046391032659135155 20.0,0.002219077664076162 
21.0,-6.05121726218869E-4 21.0,-0.0019209028965997206 21.0,0.004640387246109797 21.0,0.002224585957657421 21.0,-1.607556652081909E-4 
22.0,-6.586257695437975E-4 22.0,0.004635237133637802 22.0,0.0022264390601307495 22.0,-1.5172772062393722E-4 22.0,-5.855591970511826E-4 
23.0,0.0014742728904655108 23.0,0.002219894181829149 23.0,-1.5435735098799403E-4 23.0,-5.460891239718497E-4 23.0,0.05484141055641968 
24.0,8.946978657617005E-4 24.0,-1.443052218123883E-4 24.0,-5.522267738973297E-4 24.0,0.055043712506952204 24.0,-0.0012767867215652871 
25.0,-1.1287371070201237E-4 25.0,-5.322274350909498E-4 25.0,0.05504211571491624 25.0,-0.001283136229303458 25.0,-9.778548399841772E-6 
26.0,-5.340519167268596E-4 26.0,0.05497690670060919 26.0,-0.0012830293560296697 26.0,-2.9017725651046237E-5 26.0,-0.00448130841481593 
27.0,0.02227344143468773 27.0,-0.0012888052551311131 27.0,-3.062266717487935E-5 27.0,-0.004501738129982196 27.0,0.08220343545870823 
28.0,-6.454093112519961E-4 28.0,-2.527209447881155E-5 28.0,-0.004501352666021005 28.0,0.08258489113717844 28.0,0.0010397594203685908 
29.0,1.1798649943331242E-4 29.0,-0.004483304468550844 29.0,0.08257034264395663 29.0,0.0010545306245880969 29.0,0.001421519025728512 
30.0,-0.001918116905272755 30.0,0.08251170827099288 30.0,0.0010552484452543366 30.0,0.0014274374227903263 30.0,0.04139633167232195 
31.0,0.03363161115056187 31.0,0.0010529489216290035 31.0,0.001427087690968871 31.0,0.041620886339462884 31.0,0.0057802391947222595 
32.0,4.708275902829747E-4 32.0,0.0014216384884057865 32.0,0.04161687577211248 32.0,0.00582975184182554 32.0,-9.642113486159652E-5 
33.0,6.188608337660322E-4 33.0,0.04155023717283929 33.0,0.005828422618382102 33.0,-7.902998775679359E-5 33.0,-2.825787785498204E-4 
34.0,0.016704897560903573 34.0,0.005817531292587574 34.0,-7.965950957477503E-5 34.0,-2.8898142788892E-4 34.0,0.0642940597348045 
35.0,0.0025579436703855045 35.0,-7.883642421968301E-5 35.0,-2.8829517009387203E-4 35.0,0.06451667818184226 35.0,0.013266568766650342 
36.0,-1.3879684969929902E-4 36.0,-2.931446748385275E-4 36.0,0.06450724091914291 36.0,0.01329994357767493 36.0,-0.0010522708323830135 
37.0,-7.366345370669869E-5 37.0,0.06447386482854664 37.0,0.013296710291749232 37.0,-0.0010614975276170948 37.0,4.723058262263663E-4 
38.0,0.02621328950396499 38.0,0.013285169178683946 38.0,-0.0010600555462197251 38.0,4.881862724557492E-4 38.0,6.182497473209741E-5 
39.0,0.005241410225728716 39.0,-0.001060963376840077 39.0,4.8792590423377797E-4 39.0,5.883427877991445E-5 39.0,0.025268537401099203 
40.0,-4.6388709761807623E-4 40.0,4.846747241453716E-4 40.0,5.9194184865862116E-5 40.0,0.02540900203062814 40.0,3.661298158762846E-4 
41.0,1.5259675954409064E-4 41.0,6.546753057998277E-5 41.0,0.02540600171487059 41.0,3.551981067799828E-4 41.0,-0.0017179254665018976 
42.0,4.6312445178093756E-5 42.0,0.025376387937060374 42.0,3.544361919875282E-4 42.0,-0.0017245651420106515 42.0,0.02294631917836594 
43.0,0.010514746045979817 43.0,3.641411684081866E-4 43.0,-0.00172713267253018 43.0,0.023042164200198237 43.0,0.002653424881044316 
44.0,1.7791623591417228E-4 44.0,-0.0017188433387611017 44.0,0.023039937105735 44.0,0.0026863250432670295 44.0,1.2101299923983362E-4 
45.0,-7.609341557323407E-4 45.0,0.023002982295920047 45.0,0.0026848023355619238 45.0,1.36929364359027E-4 45.0,-8.37887046189083E-5 
46.0,0.00934002515332497 46.0,0.002680160757695193 46.0,1.3566978031007328E-4 46.0,-6.782452207295112E-5 46.0,0.03500294402876897 
47.0,0.0011517367983394416 47.0,1.3706225444305096E-4 47.0,-6.803352627516073E-5 47.0,0.03518640709851858 47.0,0.003146415596398418 
48.0,-1.3676816705699173E-6 48.0,-6.546715673816902E-5 48.0,0.03517937866339902 48.0,0.003162313643457067 48.0,-3.997941303541433E-4 
49.0,-1.1341496332256405E-4 49.0,0.035160357483819196 49.0,0.0031602808663628553 49.0,-3.9969435537441715E-4 49.0,0.009097634968947181 
