X: Data, Y:ArgMin_over_#states,
25.0,0.95 25.0,9.5 25.0,9.5 25.0,9.5 25.0,9.5 25.0,9.5 25.0,9.5 25.0,9.5 
50.0,0.95 50.0,9.5 50.0,9.5 50.0,9.5 50.0,9.5 50.0,9.5 50.0,9.5 50.0,9.5 
100.0,0.95 100.0,9.5 100.0,9.5 100.0,9.5 100.0,9.5 100.0,9.5 100.0,9.5 100.0,9.5 
200.0,0.95 200.0,9.5 200.0,9.5 200.0,9.5 200.0,9.5 200.0,9.5 200.0,9.5 200.0,9.5 
500.0,0.95 500.0,9.5 500.0,10.4 500.0,10.4 500.0,10.4 500.0,10.4 500.0,9.5 500.0,9.5 
1000.0,0.95 1000.0,9.5 1000.0,10.4 1000.0,10.4 1000.0,10.4 1000.0,10.4 1000.0,10.4 1000.0,10.4 
2000.0,0.95 2000.0,9.5 2000.0,10.4 2000.0,10.4 2000.0,10.4 2000.0,10.4 2000.0,10.4 2000.0,10.4 
4000.0,0.95 4000.0,9.5 4000.0,10.4 4000.0,10.4 4000.0,10.4 4000.0,10.4 4000.0,10.4 4000.0,10.4 
8000.0,0.95 8000.0,9.5 8000.0,10.4 8000.0,10.4 8000.0,10.4 8000.0,10.4 8000.0,10.4 8000.0,10.4 
16000.0,0.95 16000.0,9.5 16000.0,10.4 16000.0,10.4 16000.0,10.4 16000.0,10.4 16000.0,10.4 16000.0,10.4 
