X: Data, Y:ArgMin_over_#states,
25.0,19.88 25.0,18.93 25.0,18.89 25.0,18.9 25.0,18.9 25.0,19.03 25.0,19.04 25.0,19.04 
50.0,19.95 50.0,19.0 50.0,19.02 50.0,19.03 50.0,18.96 50.0,18.98 50.0,19.01 50.0,19.01 
100.0,19.83 100.0,19.0 100.0,19.06 100.0,19.04 100.0,19.0 100.0,19.0 100.0,19.01 100.0,19.01 
200.0,19.68 200.0,19.01 200.0,19.08 200.0,19.0 200.0,19.0 200.0,19.0 200.0,19.0 200.0,19.0 
500.0,19.06 500.0,19.0 500.0,19.0 500.0,19.0 500.0,19.0 500.0,19.0 500.0,19.0 500.0,19.0 
1000.0,19.0 1000.0,19.0 1000.0,19.0 1000.0,19.0 1000.0,19.0 1000.0,19.0 1000.0,19.0 1000.0,19.0 
2000.0,19.02 2000.0,19.0 2000.0,19.0 2000.0,19.0 2000.0,19.0 2000.0,19.0 2000.0,19.0 2000.0,19.0 
4000.0,19.0 4000.0,19.0 4000.0,19.0 4000.0,19.0 4000.0,19.0 4000.0,19.0 4000.0,19.0 4000.0,19.0 
8000.0,19.0 8000.0,19.0 8000.0,19.0 8000.0,19.0 8000.0,19.0 8000.0,19.0 8000.0,19.0 8000.0,19.0 
16000.0,19.0 16000.0,19.0 16000.0,19.0 16000.0,19.0 16000.0,19.0 16000.0,19.0 16000.0,19.0 16000.0,19.0 
