X:Sigma Y: Error,
0.0,0.03951123763198182 0.0,0.03951123763198182 0.0,0.03951123763198182 0.0,0.03951123763198182 0.0,0.03951123763198182 0.0,0.03951123763198182 0.0,0.03951123763198182 
1.0,3.9091460773685023E-4 1.0,3.9091460773685023E-4 1.0,3.9091460773685023E-4 1.0,3.9091460773685023E-4 1.0,3.9091460773685023E-4 1.0,3.9091460773685023E-4 1.0,3.9091460773685023E-4 
2.0,3.633717701299574E-4 2.0,2.113348766881493E-4 2.0,2.113348766881493E-4 2.0,2.113348766881493E-4 2.0,2.113348766881493E-4 2.0,2.113348766881493E-4 2.0,2.113348766881493E-4 
3.0,6.313742734531559E-4 3.0,6.036945673367363E-4 3.0,6.036945673367363E-4 3.0,6.036945673367363E-4 3.0,6.036945673367363E-4 3.0,6.036945673367363E-4 3.0,6.036945673367363E-4 
4.0,8.252558136542618E-4 4.0,8.088171341246221E-4 4.0,6.45246543637665E-4 4.0,6.45246543637665E-4 4.0,6.45246543637665E-4 4.0,6.45246543637665E-4 4.0,6.45246543637665E-4 
5.0,6.993392986340248E-4 5.0,6.665748600536317E-4 5.0,6.512983748565146E-4 5.0,6.512983748565146E-4 5.0,6.512983748565146E-4 5.0,6.512983748565146E-4 5.0,6.512983748565146E-4 
6.0,5.9710236927349E-4 6.0,4.6295536645185256E-4 6.0,4.2360840402148956E-4 6.0,4.2360840402148956E-4 6.0,4.2360840402148956E-4 6.0,4.2360840402148956E-4 6.0,4.2360840402148956E-4 
7.0,0.0016781275659225419 7.0,0.0016205451994042923 7.0,0.001459435148055672 7.0,0.001459435148055672 7.0,0.001459435148055672 7.0,0.001459435148055672 7.0,0.001459435148055672 
8.0,0.0013840871380474977 8.0,0.0013274466985520844 8.0,0.0011340256331591858 8.0,9.351759767944689E-4 8.0,9.351759767944689E-4 8.0,9.351759767944689E-4 8.0,9.351759767944689E-4 
9.0,7.00277137828034E-4 9.0,6.523421550822095E-4 9.0,6.251935191725977E-4 9.0,5.047521969321498E-4 9.0,5.047521969321498E-4 9.0,5.047521969321498E-4 9.0,5.047521969321498E-4 
10.0,9.006433400241672E-4 10.0,7.800301803576393E-4 10.0,6.21705327720105E-4 10.0,5.228305355266073E-4 10.0,5.228305355266073E-4 10.0,5.228305355266073E-4 10.0,5.228305355266073E-4 
11.0,0.0015282754464015311 11.0,0.0014769927793461533 11.0,0.0012703240157062561 11.0,0.0010367215072530466 11.0,0.0010367215072530466 11.0,0.0010367215072530466 11.0,0.0010367215072530466 
12.0,0.0016978798599392869 12.0,0.001662819560462593 12.0,0.0014708961997544072 12.0,0.0013474440158365646 12.0,0.0013474440158365646 12.0,0.0013474440158365646 12.0,0.0013474440158365646 
13.0,7.40946645931366E-4 13.0,6.818868030773132E-4 13.0,6.686106447461252E-4 13.0,5.878426946228078E-4 13.0,5.878426946228078E-4 13.0,5.878426946228078E-4 13.0,5.878426946228078E-4 
14.0,0.001316510385998552 14.0,9.571574323927058E-4 14.0,8.790184781638903E-4 14.0,7.363616567870854E-4 14.0,7.363616567870854E-4 14.0,7.363616567870854E-4 14.0,7.363616567870854E-4 
15.0,0.02256219501063429 15.0,0.022483876877362856 15.0,0.02237054046000668 15.0,0.022313764581337367 15.0,0.022313764581337367 15.0,0.022313764581337367 15.0,0.022313764581337367 
16.0,0.0013958903220823535 16.0,0.0013733391204371985 16.0,0.0012337799844782324 16.0,0.001065790184215417 16.0,7.241954501988903E-4 16.0,7.241954501988903E-4 16.0,7.241954501988903E-4 
17.0,9.43632047299145E-4 17.0,8.423420435985558E-4 17.0,8.376059381672925E-4 17.0,6.876252639707134E-4 17.0,5.895894857147393E-4 17.0,5.895894857147393E-4 17.0,5.895894857147393E-4 
18.0,0.0013711327429584029 18.0,0.0010998014574388096 18.0,9.69622037520333E-4 18.0,7.962857219624768E-4 18.0,6.299535677486824E-4 18.0,6.299535677486824E-4 18.0,6.299535677486824E-4 
19.0,0.023316024502579906 19.0,0.0230662615748293 19.0,0.022699633727576083 19.0,0.022537013300269863 19.0,0.02233093599116308 19.0,0.02233093599116308 19.0,0.02233093599116308 
20.0,0.00273870944343736 20.0,0.0028269404250508817 20.0,0.0027468947735009653 20.0,0.0026131053458325823 20.0,0.0025950068526399282 20.0,0.0025950068526399282 20.0,0.0025950068526399282 
21.0,0.001244346875818413 21.0,0.0011521899144019564 21.0,0.0010002152448147172 21.0,8.979649296127697E-4 21.0,7.0875155095007E-4 21.0,7.0875155095007E-4 21.0,7.0875155095007E-4 
22.0,0.0024706964734661978 22.0,0.002173061765979676 22.0,0.001580618638955256 22.0,0.001502714024138023 22.0,0.0011316033912809223 22.0,0.0011316033912809223 22.0,0.0011316033912809223 
23.0,0.0033253371715878245 23.0,0.0030306280668612176 23.0,0.002786644505401504 23.0,0.0020377799449995708 23.0,0.0016319230261506844 23.0,0.0016319230261506844 23.0,0.0016319230261506844 
24.0,0.003111244485105602 24.0,0.003077144643780875 24.0,0.0030667406516475546 24.0,0.002973722961120874 24.0,0.002878473192113314 24.0,0.002878473192113314 24.0,0.002878473192113314 
25.0,0.001206416194672286 25.0,0.0011048452084009128 25.0,0.0010454640172916157 25.0,8.337326091229471E-4 25.0,6.976767450214963E-4 25.0,6.976767450214963E-4 25.0,6.976767450214963E-4 
26.0,0.004860928478724818 26.0,0.002695482258351784 26.0,0.002681459060389439 26.0,0.0021924712359716707 26.0,0.0019134529335260717 26.0,0.0019134529335260717 26.0,0.0019134529335260717 
27.0,0.008763490618531197 27.0,0.008715211267738492 27.0,0.008741509037821624 27.0,0.009527303572514727 27.0,0.010468769772026904 27.0,0.010468769772026904 27.0,0.010468769772026904 
28.0,0.001479028663527608 28.0,0.0014524117164861777 28.0,0.0014878779934948154 28.0,0.001434982838006788 28.0,0.0012494026050135906 28.0,0.0012494026050135906 28.0,0.0012494026050135906 
29.0,0.0012948029540437037 29.0,0.0012143727155352628 29.0,0.0011839963401725547 29.0,0.001032280717125797 29.0,9.182388721202005E-4 29.0,9.182388721202005E-4 29.0,9.182388721202005E-4 
30.0,0.00217334815084829 30.0,0.0017093115444536205 30.0,0.0016558561102734146 30.0,0.0017873358173523875 30.0,0.0015190955708504637 30.0,0.0015190955708504637 30.0,0.0015190955708504637 
31.0,0.010124936792958387 31.0,0.010226133538539805 31.0,0.010319451307661653 31.0,0.01055211323808317 31.0,0.011677296201321045 31.0,0.011677296201321045 31.0,0.011677296201321045 
32.0,0.0015112146088026473 32.0,0.001477010096769988 32.0,0.0014984160631528424 32.0,0.0015490074359946603 32.0,0.0015066451930774028 32.0,0.00125681148733157 32.0,0.00125681148733157 
33.0,0.0013997125872783032 33.0,0.0012227272844101123 33.0,0.0011966465557077892 33.0,0.0012516506064920172 33.0,0.0010089922048296333 33.0,7.138422181548313E-4 33.0,7.138422181548313E-4 
34.0,0.006967531992592817 34.0,0.006982985114143052 34.0,0.006973748985420785 34.0,0.007197520079405806 34.0,0.008549410288059299 34.0,0.008808728635616235 34.0,0.008808728635616235 
35.0,0.002365474363028877 35.0,0.002174573292425778 35.0,0.0020985687648197573 35.0,0.0019364395971512404 35.0,0.0016531650620016036 35.0,0.001070305114842522 35.0,0.001070305114842522 
36.0,0.0016865028972442543 36.0,0.0016257372499636784 36.0,0.0017541336645680908 36.0,0.0016131397927417338 36.0,0.001713789902144564 36.0,0.001533888402661295 36.0,0.001533888402661295 
37.0,0.0011413615379230872 37.0,0.0010298716973553901 37.0,9.899188291305659E-4 37.0,9.792235184218736E-4 37.0,8.761679343301022E-4 37.0,6.881941900806746E-4 37.0,6.881941900806746E-4 
38.0,0.00801908780008077 38.0,0.008750668010091592 38.0,0.008718289402392148 38.0,0.00877972660446814 38.0,0.009207112497235858 38.0,0.010608813621556737 38.0,0.010608813621556737 
39.0,0.0043093409628416094 39.0,0.0041556587854796835 39.0,0.004115310808787784 39.0,0.005224945350510416 39.0,0.004933401299993621 39.0,0.005510735520030586 39.0,0.005510735520030586 
40.0,0.0011125840476872118 40.0,0.0010850673069834613 40.0,0.0010610011142404383 40.0,0.0013585211182269997 40.0,9.794378027852856E-4 40.0,6.792695608478689E-4 40.0,6.792695608478689E-4 
41.0,0.0013432238074854354 41.0,0.0012247347311546866 41.0,0.0011926370424268765 41.0,0.00206655105247644 41.0,0.0018091484224368017 41.0,0.0011580052633628918 41.0,0.0011580052633628918 
42.0,0.0017058377563388774 42.0,0.0015754709185923615 42.0,0.0014702788438855832 42.0,0.0023461082970669513 42.0,0.0018706412741199018 42.0,0.0012034515396111207 42.0,0.0012034515396111207 
43.0,0.005137189425066648 43.0,0.005204374812795427 43.0,0.005237733627955231 43.0,0.00514411709398203 43.0,0.006467480515911094 43.0,0.007351761991402043 43.0,0.007351761991402043 
44.0,8.83646592704612E-4 44.0,8.22756934685245E-4 44.0,8.967220219735275E-4 44.0,8.627243057638139E-4 44.0,9.072065424742511E-4 44.0,7.220403267824819E-4 44.0,7.220403267824819E-4 
45.0,0.0020264213049741714 45.0,0.001383739996656941 45.0,0.001341598901154502 45.0,0.0012496278189592447 45.0,0.002296523157008063 45.0,0.0014901606650680967 45.0,0.0014901606650680967 
46.0,0.004224229855981225 46.0,0.004074326242336132 46.0,0.004213363284688022 46.0,0.004243787408085236 46.0,0.005779929198615122 46.0,0.006351408262769351 46.0,0.006351408262769351 
47.0,0.0016166220525549093 47.0,0.0015198509402320664 47.0,0.0014697123093742929 47.0,0.0016822962305303732 47.0,0.0017152424570406762 47.0,0.0011329622513675192 47.0,0.0011329622513675192 
48.0,0.0010297793244019656 48.0,9.74368633798146E-4 48.0,0.0010250224011393646 48.0,0.0011701262552353366 48.0,0.0012453766783115765 48.0,9.330287137085623E-4 48.0,9.330287137085623E-4 
49.0,0.0010779245330423124 49.0,9.875402812692222E-4 49.0,0.0010641383767024217 49.0,0.0011791051235318826 49.0,0.0016263536513265843 49.0,9.9395228295607E-4 49.0,9.9395228295607E-4 
50.0,0.004816975156232956 50.0,0.005804250847201654 50.0,0.005778570041930012 50.0,0.005724602839828756 50.0,0.007528514718559185 50.0,0.007930925621209298 50.0,0.007930925621209298 
51.0,0.0020608681677330787 51.0,0.001994377020825565 51.0,0.0019257182790494852 51.0,0.0018967042605390943 51.0,0.0019106240879145605 51.0,0.0019812815361529876 51.0,0.0019812815361529876 
52.0,9.018732434075799E-4 52.0,8.521238731939555E-4 52.0,8.616916232849213E-4 52.0,7.209150221063059E-4 52.0,6.19894091536221E-4 52.0,6.949773842339715E-4 52.0,6.949773842339715E-4 
53.0,0.002689923041040603 53.0,0.002541875823043787 53.0,0.002508542606457664 53.0,0.0024209632997151233 53.0,0.002716871635898033 53.0,0.002844563634613513 53.0,0.002844563634613513 
54.0,0.0012766784916302704 54.0,0.0012816535615942514 54.0,0.0011856452889472883 54.0,0.0013384085355490224 54.0,0.0012037463731631724 54.0,0.001265900969811094 54.0,0.001265900969811094 
55.0,0.00226348970683437 55.0,0.0022894899785558414 55.0,0.002262554359175959 55.0,0.0023576188660328883 55.0,0.0023712177191881727 55.0,0.0024440704803564126 55.0,0.0024440704803564126 
56.0,6.199531299873943E-4 56.0,6.031386000558988E-4 56.0,6.172719221037662E-4 56.0,7.888264209463201E-4 56.0,6.455951009524938E-4 56.0,6.870735091365884E-4 56.0,6.870735091365884E-4 
57.0,0.002662754914855027 57.0,0.002635338251986475 57.0,0.003075981940759021 57.0,0.003000911005906213 57.0,0.002930953004954727 57.0,0.003207662654849248 57.0,0.003207662654849248 
58.0,0.0027467697966445047 58.0,0.0026303004261500093 58.0,0.002525684838804588 58.0,0.002595685978683352 58.0,0.0028536632964073355 58.0,0.00309084149130159 58.0,0.00309084149130159 
59.0,9.042512669768016E-4 59.0,8.268171450702176E-4 59.0,8.288948848245827E-4 59.0,7.958160255367666E-4 59.0,9.080364671418097E-4 59.0,8.790769453863862E-4 59.0,8.790769453863862E-4 
60.0,7.678096412067438E-4 60.0,6.74409068936958E-4 60.0,6.999318115256185E-4 60.0,7.217022773897468E-4 60.0,8.969281917526972E-4 60.0,9.166102057173121E-4 60.0,9.166102057173121E-4 
61.0,9.34352309348302E-4 61.0,8.23813595577344E-4 61.0,8.716874033089774E-4 61.0,8.994728213909182E-4 61.0,0.001110734664998909 61.0,0.0011465725916625677 61.0,0.0011465725916625677 
62.0,0.003168919729198256 62.0,0.0034816217195599883 62.0,0.003447676473448913 62.0,0.0033456382264737787 62.0,0.003565249387161978 62.0,0.0037790304576263254 62.0,0.0037790304576263254 
63.0,9.722950447594406E-4 63.0,9.438423220637832E-4 63.0,9.021447458272765E-4 63.0,9.755558084674104E-4 63.0,9.83072274026147E-4 63.0,0.001019583055830258 63.0,0.001019583055830258 
64.0,7.944123276265444E-4 64.0,6.489697822428321E-4 64.0,7.088589851824623E-4 64.0,6.70870337420247E-4 64.0,0.0011009251038057498 64.0,0.0010569818358637437 64.0,1.8168491658104995E-4 
65.0,0.002152157086792864 65.0,0.0020491530102667555 65.0,0.0021425713675031046 65.0,0.0020411269605178986 65.0,0.002449997341896577 65.0,0.0027409796040527277 65.0,0.0038198406552881568 
66.0,0.0010052378122903237 66.0,9.968337010471079E-4 66.0,9.101696291894277E-4 66.0,9.842155204696464E-4 66.0,0.0010783486290251493 66.0,0.0010635390491014812 66.0,4.8431975436354655E-4 
67.0,0.0010573505578863435 67.0,0.0010470975983165424 67.0,0.0010231304098896135 67.0,0.0010494145898374667 67.0,0.0010299210312754996 67.0,0.0013514602273100337 67.0,0.001937869805818412 
68.0,5.486103813057008E-4 68.0,5.432875395158521E-4 68.0,5.620854571354009E-4 68.0,5.168056946910579E-4 68.0,5.402417701846159E-4 68.0,6.604758878427482E-4 68.0,3.0856910332003885E-4 
69.0,0.0020903338672165965 69.0,0.0022773742457898793 69.0,0.002700299258915689 69.0,0.0026802094229072563 69.0,0.002720034925286327 69.0,0.0033456584759398835 69.0,0.0046591040371240355 
70.0,0.0015564227849904906 70.0,0.0014796943528889357 70.0,0.0014359847324691812 70.0,0.001450569426756 70.0,0.0013887813134974552 70.0,0.0016560032253869021 70.0,0.0028092261959796546 
71.0,5.919818571172677E-4 71.0,5.370261568518317E-4 71.0,5.250915678839238E-4 71.0,4.981295826542344E-4 71.0,4.4327816362443845E-4 71.0,5.656968254762454E-4 71.0,3.11455216110543E-4 
72.0,9.578622227247739E-4 72.0,9.237382454489372E-4 72.0,9.322308517755328E-4 72.0,9.359097926420748E-4 72.0,9.346155092196375E-4 72.0,0.0010341109769576983 72.0,0.0013435384007247993 
73.0,7.84732744913426E-4 73.0,7.367493607243143E-4 73.0,8.133347252297572E-4 73.0,9.802508483167556E-4 73.0,9.720608213355769E-4 73.0,0.0010241617548737284 73.0,5.653428940384829E-4 
74.0,0.0017401480953545211 74.0,0.001827549058222342 74.0,0.0018084897092408318 74.0,0.0017725521799592367 74.0,0.002044149079342042 74.0,0.0020343058526813146 74.0,0.0032883375310724557 
75.0,5.525074445163194E-4 75.0,5.254509629637537E-4 75.0,5.016363324717E-4 75.0,5.038810427038602E-4 75.0,5.370294743806721E-4 75.0,5.121872079243204E-4 75.0,5.88040261783281E-4 
76.0,9.020168634886833E-4 76.0,9.339837350970436E-4 76.0,0.0010020990106894133 76.0,9.66140118425473E-4 76.0,0.0011097474918685098 76.0,0.0012601044762729162 76.0,0.0017121450044802532 
77.0,0.00143926998529306 77.0,0.0013825652559853352 77.0,0.0014322614336577685 77.0,0.0013896553925521033 77.0,0.0017877875784235186 77.0,0.0018109766235054918 77.0,0.002438199544017844 
78.0,6.916461584726842E-4 78.0,6.656384295591987E-4 78.0,6.31453900842367E-4 78.0,6.202685855711017E-4 78.0,6.794359096240052E-4 78.0,6.037831367130561E-4 78.0,4.4132570864350857E-4 
79.0,5.356908158045153E-4 79.0,5.198733394532962E-4 79.0,5.18752912646648E-4 79.0,5.65617005875052E-4 79.0,6.088220253545586E-4 79.0,6.022337759877742E-4 79.0,7.585365709778628E-4 
80.0,4.7769401456238084E-4 80.0,4.6724312936879866E-4 80.0,4.767543096841749E-4 80.0,5.174731275213132E-4 80.0,7.149575070101336E-4 80.0,6.249194127869771E-4 80.0,4.307992211920618E-4 
81.0,0.0015265712687281474 81.0,0.0016249186250310637 81.0,0.0018709012489312234 81.0,0.001778096411518377 81.0,0.002216375545607996 81.0,0.0020274510993403246 81.0,0.0033400459705225354 
82.0,8.346266599840675E-4 82.0,8.065486153827475E-4 82.0,7.895064534005145E-4 82.0,8.044294627358348E-4 82.0,8.550111280522693E-4 82.0,8.210356273146861E-4 82.0,0.0011764494078431486 
83.0,4.3020868905830126E-4 83.0,3.7992393517675234E-4 83.0,3.7920054661271115E-4 83.0,3.3076808928464196E-4 83.0,3.5683269372994666E-4 83.0,3.304640156217679E-4 83.0,3.0713083200819283E-4 
84.0,8.57760578262645E-4 84.0,8.340477880291604E-4 84.0,8.626678940274334E-4 84.0,8.150773591894658E-4 84.0,8.307458251599561E-4 84.0,8.401006558975272E-4 84.0,9.9182686283721E-4 
85.0,6.050046995416255E-4 85.0,5.779968925724609E-4 85.0,6.017203812549593E-4 85.0,6.015568611821488E-4 85.0,5.640716790913005E-4 85.0,5.253181357595721E-4 85.0,5.136623707236458E-4 
86.0,9.121920888215793E-4 86.0,9.2709914293174E-4 86.0,9.264634530688788E-4 86.0,8.694794475792431E-4 86.0,8.998980158523163E-4 86.0,8.571034094163034E-4 86.0,0.0011099077357877786 
87.0,3.4293686784816964E-4 87.0,3.1510329129533546E-4 87.0,3.167166484545782E-4 87.0,3.499002216759488E-4 87.0,3.1861148655370385E-4 87.0,3.2941605979352453E-4 87.0,3.7181978193215104E-4 
88.0,8.113746264014456E-4 88.0,9.179213148284279E-4 88.0,0.0010249683405398398 88.0,0.0010244323023007526 88.0,9.860264807437093E-4 88.0,9.784256913441067E-4 88.0,0.0011829427442031262 
89.0,8.914269295481381E-4 89.0,8.563744063370925E-4 89.0,8.941537659102953E-4 89.0,8.319611629434118E-4 89.0,9.152394575168923E-4 89.0,8.70158015889742E-4 89.0,0.001039731870794207 
90.0,4.4745593816742475E-4 90.0,4.0743646952130563E-4 90.0,3.8660451930719585E-4 90.0,3.8940493628973264E-4 90.0,4.104940211151545E-4 90.0,3.6207824238231967E-4 90.0,3.868499348746407E-4 
91.0,4.290924633561299E-4 91.0,4.0043057058435587E-4 91.0,4.0491833801658503E-4 91.0,3.890085729550654E-4 91.0,4.513328277826844E-4 91.0,4.6275345195521196E-4 91.0,5.56147710191619E-4 
92.0,4.220784724104933E-4 92.0,4.151465976840394E-4 92.0,4.5219448209972635E-4 92.0,4.7455432318068997E-4 92.0,5.46501152485585E-4 92.0,5.154210883988132E-4 92.0,4.589379020116724E-4 
93.0,9.798384808863908E-4 93.0,0.001005753727349236 93.0,0.0011185332855535865 93.0,0.001055991393010959 93.0,0.0012162216703610542 93.0,0.0011033955268799126 93.0,0.001268006310843175 
94.0,4.545339003794185E-4 94.0,4.33471674164928E-4 94.0,4.1902835985264947E-4 94.0,4.122387438901503E-4 94.0,4.4641504744991176E-4 94.0,4.4544572290838435E-4 94.0,5.46818177152248E-4 
95.0,3.404816788665366E-4 95.0,3.2260058090380795E-4 95.0,3.207485933770699E-4 95.0,3.4882242358580395E-4 95.0,4.656568791727565E-4 95.0,4.934804570733798E-4 95.0,4.7007272859124873E-4 
96.0,6.631346642019519E-4 96.0,6.689554053297006E-4 96.0,6.99296486410322E-4 96.0,6.562463574889957E-4 96.0,7.871826090656044E-4 96.0,8.685665256436488E-4 96.0,8.712530653422661E-4 
97.0,4.378431291652792E-4 97.0,4.1869681563520974E-4 97.0,4.531375524406173E-4 97.0,4.585443059964062E-4 97.0,4.7709149264100987E-4 97.0,4.364787650930755E-4 97.0,4.090449932455159E-4 
98.0,4.4784387304419576E-4 98.0,4.518750324007705E-4 98.0,4.3621437667267654E-4 98.0,4.4657218667815786E-4 98.0,4.959091151526907E-4 98.0,4.952219671146141E-4 98.0,5.408311919283584E-4 
99.0,2.7704696583928776E-4 99.0,2.534678480772482E-4 99.0,2.3930542945659188E-4 99.0,2.3277675707110624E-4 99.0,2.377540321125026E-4 99.0,3.175668411177434E-4 99.0,3.212753279491448E-4 
100.0,6.536670825176863E-4 100.0,7.465241573951983E-4 100.0,8.41919400256441E-4 100.0,8.105236755600596E-4 100.0,8.349900805976544E-4 100.0,8.715177035373712E-4 100.0,9.522974314869962E-4 
101.0,5.163861184984813E-4 101.0,5.017322369704622E-4 101.0,5.270949931590343E-4 101.0,5.037518894849643E-4 101.0,4.979659707653556E-4 101.0,5.497059356997296E-4 101.0,5.958855259303515E-4 
102.0,2.9530329514266705E-4 102.0,2.8062250013710714E-4 102.0,2.658368506824012E-4 102.0,2.3075431531177987E-4 102.0,2.1596361608196754E-4 102.0,2.4439435257030655E-4 102.0,2.730886744128503E-4 
103.0,3.560054022810371E-4 103.0,3.3485179882927264E-4 103.0,3.363874334417524E-4 103.0,3.397407766815851E-4 103.0,3.583150381913199E-4 103.0,4.0027720305854653E-4 103.0,4.5927898177442643E-4 
104.0,3.342160338900018E-4 104.0,3.372578384687101E-4 104.0,3.708790605172098E-4 104.0,3.829809868286578E-4 104.0,3.713802578424864E-4 104.0,4.1835658262128373E-4 104.0,3.6430262441772835E-4 
105.0,5.880585522268694E-4 105.0,5.860683173665922E-4 105.0,6.243363686862215E-4 105.0,5.951224708737499E-4 105.0,6.72435658542723E-4 105.0,6.437831610883451E-4 105.0,6.611383436209829E-4 
106.0,2.525505265118872E-4 106.0,2.460476969778894E-4 106.0,2.423339936794034E-4 106.0,2.5034518746510644E-4 106.0,2.4871107352811576E-4 106.0,2.4447602158696993E-4 106.0,3.0854935314560513E-4 
107.0,3.1432533483198984E-4 107.0,3.253264528555264E-4 107.0,3.421443255815411E-4 107.0,3.364463256820216E-4 107.0,3.7865019097798675E-4 107.0,4.3995204580065495E-4 107.0,4.781169523777198E-4 
108.0,4.3035358429826886E-4 108.0,4.4095430872441677E-4 108.0,4.6904550584307E-4 108.0,4.3515546713024345E-4 108.0,5.606058150959117E-4 108.0,5.576155019520713E-4 108.0,6.174398172680548E-4 
109.0,2.93654742215803E-4 109.0,2.7580045350569516E-4 109.0,2.8608939130071915E-4 109.0,2.652269746119548E-4 109.0,2.860232134536806E-4 109.0,2.786229225036108E-4 109.0,2.8512826224437704E-4 
110.0,2.7355284263455657E-4 110.0,2.7154289043687305E-4 110.0,2.648530147805942E-4 110.0,2.550073128302562E-4 110.0,2.7805498362619684E-4 110.0,2.944098801740837E-4 110.0,3.369599227763815E-4 
111.0,2.2900974011868082E-4 111.0,2.1995665374346585E-4 111.0,2.1918834274304964E-4 111.0,2.3530570493915072E-4 111.0,2.922080282988448E-4 111.0,2.859386299004044E-4 111.0,3.3084657376626793E-4 
112.0,4.624813621445471E-4 112.0,5.241496471901692E-4 112.0,5.738431360513797E-4 112.0,5.46399152114507E-4 112.0,6.901799662707379E-4 112.0,6.279539786282146E-4 112.0,6.421541165662902E-4 
113.0,2.986703408849399E-4 113.0,2.901695336965446E-4 113.0,3.003692318580832E-4 113.0,2.896675883333914E-4 113.0,3.2434491564420354E-4 113.0,3.2394813904083886E-4 113.0,3.924168853356948E-4 
114.0,1.9244438987508613E-4 114.0,1.8867666294895133E-4 114.0,1.8418014909729453E-4 114.0,1.7576579925336467E-4 114.0,1.931783047519195E-4 114.0,1.9849300401292286E-4 114.0,2.293920012294512E-4 
115.0,2.815428181743115E-4 115.0,2.7683498116991013E-4 115.0,2.819959712450332E-4 115.0,2.7043726287657684E-4 115.0,2.881057628206022E-4 115.0,2.698789778582099E-4 115.0,2.85176447132321E-4 
116.0,2.5080829708494485E-4 116.0,2.610523055500509E-4 116.0,2.868962838872432E-4 116.0,2.681800658479905E-4 116.0,2.326990274492786E-4 116.0,2.0248922904513435E-4 116.0,1.7775352653133888E-4 
117.0,3.1907996454371367E-4 117.0,3.1138213048079367E-4 117.0,3.278284085065321E-4 117.0,3.104226989987899E-4 117.0,3.3159319125873827E-4 117.0,3.007972462459431E-4 117.0,2.809621366109656E-4 
118.0,1.6337458366134098E-4 118.0,1.5727820692182956E-4 118.0,1.5178791345330598E-4 118.0,1.4981285169723133E-4 118.0,1.5091995957742344E-4 118.0,1.463465683977896E-4 118.0,1.5547131868927334E-4 
119.0,2.7341652105656005E-4 119.0,2.860588329093948E-4 119.0,3.0605284993307505E-4 119.0,3.2234521879332675E-4 119.0,3.2571859149034234E-4 119.0,3.221760199767025E-4 119.0,3.309058396516028E-4 
120.0,2.878459298187444E-4 120.0,3.011086980521196E-4 120.0,3.175456372146497E-4 120.0,2.927498377134592E-4 120.0,2.9680331141753363E-4 120.0,2.764254494223042E-4 120.0,2.7740892601139385E-4 
121.0,1.9596764141494906E-4 121.0,1.850075899702474E-4 121.0,1.9179295346593927E-4 121.0,1.767601401333135E-4 121.0,1.8113549906602288E-4 121.0,1.5447864600435837E-4 121.0,1.528214237376155E-4 
122.0,1.890007379174949E-4 122.0,1.8621304437555435E-4 122.0,1.8248824935561164E-4 122.0,1.8248001934819687E-4 122.0,1.9601330197208173E-4 122.0,1.764610384069712E-4 122.0,1.8503584093316125E-4 
123.0,1.7888831904933392E-4 123.0,1.7625145927797263E-4 123.0,1.7582376096996158E-4 123.0,1.670929252688919E-4 123.0,2.021249224262343E-4 123.0,1.7720418564833712E-4 123.0,1.6887725135884208E-4 
124.0,3.1892511633329354E-4 124.0,3.456201619122748E-4 124.0,3.671215900332757E-4 124.0,3.3529179949134226E-4 124.0,3.869005177312879E-4 124.0,3.5246882648292516E-4 124.0,3.2588453446430243E-4 
125.0,1.6512136075878128E-4 125.0,1.5842780274426854E-4 125.0,1.7802700820561138E-4 125.0,1.7143787704431695E-4 125.0,1.887684543040385E-4 125.0,1.6416626729580912E-4 125.0,1.7281262134441044E-4 
126.0,1.4369636820926783E-4 126.0,1.5782395675526672E-4 126.0,1.596003860295659E-4 126.0,1.4711247640630972E-4 126.0,1.640639716203233E-4 126.0,1.5926739062660966E-4 126.0,1.650061200319482E-4 
127.0,1.966449832775767E-4 127.0,1.962923832666383E-4 127.0,2.0258553638910994E-4 127.0,2.0165174501530318E-4 127.0,2.4572115202246505E-4 127.0,2.2025519513469902E-4 127.0,2.140582137167773E-4 
