X:log(Data) Y:log(Error),
25.0,0.4377879878445682 25.0,0.4350318719244345 25.0,0.4299901225768905 25.0,0.4345301345461211 25.0,0.44187573211003867 25.0,0.4698412277281114 25.0,0.46627711964360874 25.0,0.46627711964360874 
50.0,0.3497346197066946 50.0,0.3295994848142372 50.0,0.33111344675761323 50.0,0.3414293662364975 50.0,0.35965947644362134 50.0,0.36576902396832656 50.0,0.3466253046058321 50.0,0.3466253046058321 
100.0,0.24868410529842394 100.0,0.25825913449768323 100.0,0.26254431433506376 100.0,0.2640477697793134 100.0,0.2508711827670668 100.0,0.2627281828216059 100.0,0.26355896486144725 100.0,0.26355896486144725 
200.0,0.20429487311831332 200.0,0.1895375768350855 200.0,0.18888351674632559 200.0,0.18745290377284257 200.0,0.19184624014611004 200.0,0.18666436243198237 200.0,0.20174478558745584 200.0,0.20174478558745584 
500.0,0.09912981795835626 500.0,0.09358789138272787 500.0,0.09001274808105472 500.0,0.09195205073742711 500.0,0.10133810518829481 500.0,0.10242726823729092 500.0,0.11029515272563568 500.0,0.11029515272563568 
1000.0,0.06414145456952577 1000.0,0.0643338992695094 1000.0,0.06492454233552683 1000.0,0.06499526957828686 1000.0,0.07341587788480385 1000.0,0.07664500822542994 1000.0,0.07994655898067793 1000.0,0.07994655898067793 
2000.0,0.05002894521046857 2000.0,0.05021082932366508 2000.0,0.051062364265864794 2000.0,0.052274694300708795 2000.0,0.057888618658495344 2000.0,0.05824681838959577 2000.0,0.059982774454622745 2000.0,0.059982774454622745 
4000.0,0.026653753804946587 4000.0,0.026931132484747808 4000.0,0.027440816400070074 4000.0,0.028163453107210436 4000.0,0.03076088490541832 4000.0,0.031403412631408424 4000.0,0.033134691635794064 4000.0,0.033134691635794064 
8000.0,0.022853796050303424 8000.0,0.022891319994014135 8000.0,0.023540324162556397 8000.0,0.023819061265223918 8000.0,0.02448903994711428 8000.0,0.0246006899078758 8000.0,0.027348272889414223 8000.0,0.027348272889414223 
16000.0,0.016154058162757366 16000.0,0.016939139628897232 16000.0,0.017203927014202765 16000.0,0.017549963400902827 16000.0,0.018426529616132316 16000.0,0.018136524755414142 16000.0,0.01828607216443712 16000.0,0.01828607216443712 
