X:Sigma Y:a0(A16A1-A1A16)aI,
0.0,0.0 0.0,0.0 
1.0,1.2061749168901237E-18 1.0,1.0787811616230769E-19 
2.0,1.832572722043624E-18 2.0,1.7211709488207382E-19 
3.0,7.97532341816759E-17 3.0,-8.268261292646018E-18 
4.0,5.86770215749155E-18 4.0,1.9748742571823463E-18 
5.0,7.04124258898986E-17 5.0,2.24310587465526E-17 
6.0,1.0587911840678754E-16 6.0,1.6473638859287875E-17 
7.0,1.0245927370422514E-16 7.0,-2.7109391120827552E-17 
8.0,3.672057232936843E-18 8.0,-5.758468788613636E-19 
9.0,5.940885804134322E-17 9.0,5.836802395575713E-18 
10.0,7.51764102357999E-17 10.0,7.719519468096792E-18 
11.0,1.3617308235874813E-16 11.0,-2.757397175173759E-17 
12.0,5.56033084159191E-17 12.0,-9.855397747893235E-19 
13.0,9.149961604365541E-17 13.0,-2.2329143742338963E-18 
14.0,9.633461563185452E-17 14.0,3.947634320128346E-17 
15.0,1.3752887717544127E-16 15.0,-4.5380366131553274E-17 
16.0,2.4456890505841767E-18 16.0,5.773376568485311E-20 
17.0,5.97560737870817E-17 17.0,-4.933933036438409E-18 
18.0,6.159826880340613E-17 18.0,3.00219647319383E-17 
19.0,1.1823875212257917E-16 19.0,-2.997602166487923E-17 
20.0,6.75062219665512E-17 20.0,-1.0908700158462902E-17 
21.0,6.131136180351215E-17 21.0,5.970430313334552E-18 
22.0,6.16235442665522E-17 22.0,1.8909908903498585E-17 
23.0,8.338219437825645E-17 23.0,-3.8194816233405596E-17 
24.0,5.330100510264613E-17 24.0,1.4383568121278944E-17 
25.0,6.525487615538506E-17 25.0,1.7990708749138218E-17 
26.0,7.045470977462554E-17 26.0,4.5146178462296405E-18 
27.0,9.396997069366364E-17 27.0,8.239936510889833E-19 
28.0,5.1743955257685384E-17 28.0,-1.980119085191745E-17 
29.0,7.051461194465536E-17 29.0,-3.8787332720668922E-19 
30.0,5.676394684156482E-17 30.0,2.6698478497455547E-17 
31.0,9.230463615672591E-17 31.0,-4.192826641435943E-17 
32.0,5.823182105783864E-19 32.0,7.586027075609514E-20 
33.0,1.567268450436421E-17 33.0,1.7509865085640895E-18 
34.0,2.323662096070933E-17 34.0,9.083445801083556E-18 
35.0,2.4980898968331168E-17 35.0,9.815417792782832E-19 
36.0,1.782374161457545E-17 36.0,-5.967448757360216E-18 
37.0,2.0227553356247374E-17 37.0,-1.985851804178762E-18 
38.0,2.995867443011946E-17 38.0,8.656270145124268E-18 
39.0,2.7338022253950434E-17 39.0,4.546195234503281E-18 
40.0,1.4954468327728342E-17 40.0,-7.051854217753062E-18 
41.0,2.0506193314576148E-17 41.0,-1.1787039443447722E-17 
42.0,2.208238610414484E-17 42.0,5.325499427295127E-18 
43.0,2.469595708487482E-17 43.0,2.7040002181788482E-18 
44.0,2.5679599505862293E-17 44.0,-4.489003569904671E-18 
45.0,2.0775753079710358E-17 45.0,1.6872896309305663E-18 
46.0,2.323445255636436E-17 46.0,9.022730479424368E-18 
47.0,2.591121219495951E-17 47.0,-1.9657940639877804E-18 
48.0,2.036753402111062E-17 48.0,1.6238807444991094E-18 
49.0,1.853450390127548E-17 49.0,-2.5961898646523207E-18 
50.0,2.6066388630896496E-17 50.0,2.3917499925030226E-18 
51.0,1.451055530073131E-17 51.0,2.7285302923313328E-18 
52.0,9.880334397860401E-18 52.0,-5.169475958410885E-18 
53.0,1.1266215824839997E-17 53.0,-1.2996873542669985E-18 
54.0,1.9278469879507876E-17 54.0,5.989945952439291E-18 
55.0,1.8608703987454954E-17 55.0,4.096115807650236E-18 
56.0,1.1673774197740876E-17 56.0,-4.810232344821391E-18 
57.0,1.1825393095299396E-17 57.0,2.1694885471434945E-18 
58.0,1.6944089428522386E-17 58.0,-2.7735670341368436E-18 
59.0,1.1581756773515907E-17 59.0,-2.9314836216581994E-18 
60.0,1.2966786932383511E-17 60.0,-4.967814354328581E-18 
61.0,9.853906969906068E-18 61.0,3.4680916992380073E-19 
62.0,1.493434282490158E-17 62.0,3.7367027874712914E-18 
63.0,1.5524792551773607E-17 63.0,-1.802045654624579E-18 
64.0,1.6330795223062912E-19 64.0,2.087089182034596E-20 
65.0,7.76348047805929E-18 65.0,3.0557391198556688E-18 
66.0,5.189821689803934E-18 66.0,2.0055199092140068E-18 
67.0,7.107893917543407E-18 67.0,7.466087210278305E-19 
68.0,6.983024320459178E-18 68.0,-1.7230344213046976E-19 
69.0,8.549764222336512E-18 69.0,-1.30392251900327E-19 
70.0,7.404423211718192E-18 70.0,-9.685991158442375E-19 
71.0,9.949587811627913E-18 71.0,1.0872514910956198E-18 
72.0,6.812923163991569E-18 72.0,-1.5775819236021893E-18 
73.0,7.373184636623453E-18 73.0,-2.413637323860074E-18 
74.0,6.847753158782665E-18 74.0,-1.967081554067607E-18 
75.0,8.622490471187765E-18 75.0,-1.2568952497717113E-18 
76.0,7.742186069765317E-18 76.0,-1.0343627538690615E-18 
77.0,9.884806731821905E-18 77.0,2.6115719829744587E-19 
78.0,7.3192455785423E-18 78.0,-1.458929548350807E-19 
79.0,6.553100042586048E-18 79.0,2.8686041308187764E-19 
80.0,5.291042127000823E-18 80.0,-8.653288589149932E-19 
81.0,7.909864712003778E-18 81.0,-2.964615315390051E-19 
82.0,6.14942531574833E-18 82.0,-3.584982245959101E-19 
83.0,5.559246639419424E-18 83.0,1.8553409676658194E-19 
84.0,4.524172377874669E-18 84.0,1.4892194465446208E-18 
85.0,5.5626517118673865E-18 85.0,1.1936896512475953E-18 
86.0,3.99447185397972E-18 86.0,-3.732365978781349E-19 
87.0,3.7587934067356835E-18 87.0,1.1418004128987969E-18 
88.0,4.470919416480791E-18 88.0,7.541219032699761E-19 
89.0,4.964748095059521E-18 89.0,8.745953993579552E-19 
90.0,4.143786821921708E-18 90.0,6.138955988520267E-19 
91.0,4.459730111247562E-18 91.0,-5.91296759819282E-19 
92.0,4.222230543166928E-18 92.0,1.0518031622530274E-18 
93.0,5.755809105159257E-18 93.0,-7.054937417681067E-19 
94.0,4.5918672510192326E-18 94.0,-7.128629284092191E-20 
95.0,4.553750768392789E-18 95.0,8.066802976471055E-19 
96.0,3.594130201789447E-18 96.0,9.508453052697873E-19 
97.0,2.9635607593707197E-18 97.0,8.194916709743268E-19 
98.0,1.8392134603500977E-18 98.0,8.151845084375386E-19 
99.0,3.1990740351900417E-18 99.0,3.2661590446125823E-19 
100.0,2.9483184014848786E-18 100.0,3.250912451562005E-19 
101.0,3.571497481438812E-18 101.0,7.45524518855345E-19 
102.0,2.1665408724870496E-18 102.0,-6.277869391869972E-19 
103.0,3.547433275407317E-18 103.0,-7.756195994712903E-19 
104.0,2.17210587895051E-18 104.0,-1.4822229544003002E-19 
105.0,2.155614147467469E-18 105.0,-1.365586517563383E-19 
106.0,2.6241250112527675E-18 106.0,1.346274166365985E-19 
107.0,2.1043347728406937E-18 107.0,-2.3818566476790926E-20 
108.0,2.799257543427067E-18 108.0,-6.876213465810411E-20 
109.0,1.880853600037119E-18 109.0,4.497067323562531E-19 
110.0,2.0232059571526766E-18 110.0,6.90958656393223E-19 
111.0,2.3983144978442435E-18 111.0,1.6507825109039058E-19 
112.0,2.0180051748565353E-18 112.0,-1.3603349132904063E-19 
113.0,2.205347686965505E-18 113.0,-1.5197888656110285E-19 
114.0,1.764107048917059E-18 114.0,-4.131233793643399E-19 
115.0,1.8004278216953233E-18 115.0,-4.565592288995404E-19 
116.0,1.2399461204971525E-18 116.0,1.0270274485458392E-19 
117.0,1.3879820686887868E-18 117.0,3.0574501264091223E-19 
118.0,1.2793416228739502E-18 118.0,8.129822227746775E-20 
119.0,1.4343655928804323E-18 119.0,-3.1685808490888866E-19 
120.0,9.37157252842158E-19 120.0,2.687466135048444E-19 
121.0,9.905753856607503E-19 121.0,3.344636647175693E-19 
122.0,1.1456777062148535E-18 122.0,-4.982036037512981E-20 
123.0,1.0985736746224498E-18 123.0,-1.5227375990586574E-19 
124.0,1.3237092086511304E-18 124.0,1.5656556997048488E-19 
125.0,1.3652180582313275E-18 125.0,4.181505199062942E-19 
126.0,1.3909848004868032E-18 126.0,-1.1229539298223886E-19 
127.0,1.2529311355785611E-18 127.0,-4.860613864524077E-19 
