X:Sigma Y:(A16A1-A1A16).Fnorm,
0.0,0.0 
1.0,0.0 
2.0,0.0 
3.0,0.2303004388268672 
4.0,0.0 
5.0,0.28577354213559303 
6.0,0.30457559636889336 
7.0,0.3584135700093534 
8.0,0.0 
9.0,0.3315696830550096 
10.0,0.3925819056209476 
11.0,0.45614937144203066 
12.0,0.3856047369578947 
13.0,0.4445628356400589 
14.0,0.44675270543848805 
15.0,0.47146810528661326 
16.0,0.0 
17.0,0.3879556436954149 
18.0,0.4818967269760663 
19.0,0.5754789379910039 
20.0,0.5526729296376696 
21.0,0.5896064409442533 
22.0,0.6076619371406575 
23.0,0.6202141014846003 
24.0,0.555196166428989 
25.0,0.5716574090846741 
26.0,0.5718500282070197 
27.0,0.5664385541000996 
28.0,0.5442929237583926 
29.0,0.5209125587020241 
30.0,0.4984996728116544 
31.0,0.46764620799327905 
32.0,0.0 
33.0,0.2530996277872698 
34.0,0.3325490886805555 
35.0,0.3823885489084731 
36.0,0.41151327939473825 
37.0,0.4317459188060686 
38.0,0.4462401529761257 
39.0,0.44980667914851596 
40.0,0.44362036573316804 
41.0,0.438314217587095 
42.0,0.4357757283715698 
43.0,0.42901930548879313 
44.0,0.42354383901435405 
45.0,0.40250130238202514 
46.0,0.3860665903898477 
47.0,0.36247078783595016 
48.0,0.3485538489919535 
49.0,0.3127811779494688 
50.0,0.27860137302038185 
51.0,0.24652685299278299 
52.0,0.24036433678579688 
53.0,0.23370250814054452 
54.0,0.23048156480960436 
55.0,0.22497540188420112 
56.0,0.2194386039292675 
57.0,0.21096599670389773 
58.0,0.20597626838717428 
59.0,0.1964572557376516 
60.0,0.18803127304891598 
61.0,0.1751392821724424 
62.0,0.167748502489825 
63.0,0.1591762638808208 
64.0,0.0 
65.0,0.11634131220165676 
66.0,0.14843993270537162 
67.0,0.17001892016888417 
68.0,0.18260980684809464 
69.0,0.19215058420499057 
70.0,0.1959388126405638 
71.0,0.19708270423390617 
72.0,0.1984328905993659 
73.0,0.19633413887086276 
74.0,0.19331068135129906 
75.0,0.1900720587721694 
76.0,0.1861799023831749 
77.0,0.1784846296695837 
78.0,0.16806837712732173 
79.0,0.1584760606837466 
80.0,0.15494325149417712 
81.0,0.13933740897212424 
82.0,0.11918786600161073 
83.0,0.1037072519397503 
84.0,0.10173104037067404 
85.0,0.0994174482618695 
86.0,0.09680312436386869 
87.0,0.09513200678709467 
88.0,0.09379084852218547 
89.0,0.09052902134471993 
90.0,0.08707748908028191 
91.0,0.08408301152884001 
92.0,0.08093787503035817 
93.0,0.075814346530014 
94.0,0.07037900873540942 
95.0,0.06642380039784643 
96.0,0.08059520907111448 
97.0,0.07622207647937962 
98.0,0.0725027821560976 
99.0,0.06940707681622987 
100.0,0.066329591472397 
101.0,0.0621847998506407 
102.0,0.05816028321416956 
103.0,0.0560171789148463 
104.0,0.055283335142367454 
105.0,0.053441717557483025 
106.0,0.05169157990303904 
107.0,0.04976833309699709 
108.0,0.04862985650042009 
109.0,0.04650043150505756 
110.0,0.04411313158128235 
111.0,0.041818004062361046 
112.0,0.04288776222973433 
113.0,0.039289760006043804 
114.0,0.03564265246143214 
115.0,0.033026863738827704 
116.0,0.03183173273084903 
117.0,0.030552231125999474 
118.0,0.02943145513762886 
119.0,0.02823418071698078 
120.0,0.027658195070210584 
121.0,0.026460798022474703 
122.0,0.025422226613634552 
123.0,0.024358335186655485 
124.0,0.02353770933687919 
125.0,0.022290478239807655 
126.0,0.021104380091879635 
127.0,0.020195129283632637 
