x:Traj Length y:f_k(x),
0.0,0.5999999999999934 0.0,2.2764963394927783E-16 0.0,2.873245184060601E-16 0.0,-3.128749413155304E-16 0.0,5.352310356851126E-16 
1.0,9.105985357971259E-17 1.0,2.8732451840606086E-16 1.0,-3.128749413155301E-16 1.0,5.352310356851095E-16 1.0,1.639338371758267E-16 
2.0,1.1492980736242617E-16 2.0,-3.128749413155309E-16 2.0,5.352310356851089E-16 2.0,1.6393383717582573E-16 2.0,6.499545969141381E-16 
3.0,-1.2514997652621435E-16 3.0,5.352310356851102E-16 3.0,1.6393383717582553E-16 3.0,6.499545969141342E-16 3.0,-1.2210347084853567E-15 
4.0,2.1409241427404753E-16 4.0,1.6393383717582598E-16 4.0,6.499545969141335E-16 4.0,-1.2210347084853494E-15 4.0,2.2795971110989955E-16 
5.0,6.557353487033144E-17 5.0,6.499545969141352E-16 5.0,-1.2210347084853482E-15 5.0,2.2795971110989817E-16 5.0,-3.3417646347666234E-16 
6.0,2.599818387656582E-16 6.0,-1.2210347084853513E-15 6.0,2.279597111098979E-16 6.0,-3.3417646347666037E-16 6.0,1.62411216811585E-15 
7.0,-4.884138833941484E-16 7.0,2.279597111098985E-16 7.0,-3.3417646347666E-16 7.0,1.6241121681158403E-15 7.0,-4.551868006665555E-16 
8.0,9.118388444396086E-17 8.0,-3.3417646347666086E-16 8.0,1.6241121681158385E-15 8.0,-4.551868006665527E-16 8.0,1.150095177827714E-15 
9.0,-1.3367058539066648E-16 9.0,1.6241121681158429E-15 9.0,-4.551868006665523E-16 9.0,1.1500951778277072E-15 9.0,-1.2448246106492603E-15 
10.0,6.496448672463475E-16 10.0,-4.551868006665534E-16 10.0,1.150095177827706E-15 10.0,-1.2448246106492528E-15 10.0,9.671899155133424E-16 
11.0,-1.820747202666243E-16 11.0,1.150095177827709E-15 11.0,-1.2448246106492514E-15 11.0,9.671899155133367E-16 11.0,0.1999999999999951 
12.0,4.600380711310909E-16 12.0,-1.2448246106492548E-15 12.0,9.671899155133357E-16 12.0,0.1999999999999939 12.0,4.929687457234499E-16 
13.0,-4.979298442597099E-16 13.0,9.67189915513338E-16 13.0,0.19999999999999368 13.0,4.929687457234469E-16 13.0,1.018894446115962E-15 
14.0,3.868759662053414E-16 14.0,0.1999999999999942 14.0,4.929687457234463E-16 14.0,1.018894446115956E-15 14.0,1.5689542336819665E-15 
15.0,0.07999999999999896 15.0,4.929687457234476E-16 15.0,1.0188944461159548E-15 15.0,1.568954233681957E-15 15.0,0.29999999999999327 
16.0,1.971874982893822E-16 16.0,1.0188944461159574E-15 16.0,1.5689542336819552E-15 16.0,0.2999999999999915 16.0,1.2474711086066963E-15 
17.0,4.075577784463895E-16 17.0,1.5689542336819594E-15 17.0,0.29999999999999116 17.0,1.2474711086066888E-15 17.0,3.4029875336434583E-16 
18.0,6.275816934727938E-16 18.0,0.29999999999999194 18.0,1.2474711086066874E-15 18.0,3.402987533643438E-16 18.0,1.504918128224004E-15 
19.0,0.1199999999999987 19.0,1.2474711086066907E-15 19.0,3.402987533643434E-16 19.0,1.504918128223995E-15 19.0,4.2862836139028286E-16 
20.0,4.989884434426843E-16 20.0,3.4029875336434435E-16 20.0,1.5049181282239934E-15 20.0,4.2862836139028035E-16 20.0,1.137102474462568E-15 
21.0,1.361195013457399E-16 21.0,1.5049181282239974E-15 21.0,4.2862836139027986E-16 21.0,1.1371024744625613E-15 21.0,-1.1090021627671058E-15 
22.0,6.019672512896085E-16 22.0,4.28628361390281E-16 22.0,1.13710247446256E-15 22.0,-1.1090021627670993E-15 22.0,-4.9984918846384347E-17 
23.0,1.7145134455611513E-16 23.0,1.137102474462563E-15 23.0,-1.109002162767098E-15 23.0,-4.998491884638405E-17 23.0,0.05999999999999798 
24.0,4.548409897850325E-16 24.0,-1.1090021627671009E-15 24.0,-4.9984918846383995E-17 24.0,0.05999999999999762 24.0,8.16860993841058E-16 
25.0,-4.4360086510684745E-16 25.0,-4.9984918846384125E-17 25.0,0.059999999999997555 25.0,8.168609938410531E-16 25.0,9.45996987783065E-16 
26.0,-1.999396753855397E-17 26.0,0.059999999999997715 26.0,8.168609938410522E-16 26.0,9.459969877830594E-16 26.0,5.925862166474244E-16 
27.0,0.023999999999999466 27.0,8.168609938410543E-16 27.0,9.459969877830582E-16 27.0,5.925862166474208E-16 27.0,0.08999999999999818 
28.0,3.2674439753642694E-16 28.0,9.459969877830608E-16 28.0,5.925862166474202E-16 28.0,0.08999999999999764 28.0,3.9030793745033874E-16 
29.0,3.7839879511323035E-16 29.0,5.925862166474217E-16 29.0,0.08999999999999754 29.0,3.9030793745033643E-16 29.0,5.195534241006272E-16 
30.0,2.3703448665897247E-16 30.0,0.08999999999999778 30.0,3.90307937450336E-16 30.0,5.195534241006241E-16 30.0,0.03999999999999993 
31.0,0.035999999999999685 31.0,3.90307937450337E-16 31.0,5.195534241006235E-16 31.0,0.03999999999999969 31.0,4.471050449539296E-16 
32.0,1.561231749801373E-16 32.0,5.195534241006249E-16 32.0,0.03999999999999965 32.0,4.47105044953927E-16 32.0,1.040246875819742E-15 
33.0,2.078213696402533E-16 33.0,0.03999999999999975 33.0,4.471050449539265E-16 33.0,1.0402468758197356E-15 33.0,-5.4617323018190004E-17 
34.0,0.016000000000000156 34.0,4.4710504495392765E-16 34.0,1.0402468758197344E-15 34.0,-5.461732301818968E-17 34.0,0.05999999999999868 
35.0,1.7884201798157391E-16 35.0,1.0402468758197372E-15 35.0,-5.4617323018189616E-17 35.0,0.059999999999998326 35.0,0.017999999999999773 
36.0,4.1609875032790155E-16 36.0,-5.461732301818976E-17 36.0,0.059999999999998256 36.0,0.017999999999999666 36.0,5.978600325059757E-16 
37.0,-2.1846929207276254E-17 37.0,0.059999999999998416 37.0,0.017999999999999648 37.0,5.978600325059722E-16 37.0,8.987254253632716E-16 
38.0,0.023999999999999747 38.0,0.017999999999999693 38.0,5.978600325059715E-16 38.0,8.987254253632663E-16 38.0,4.4211876299158336E-16 
39.0,0.007199999999999993 39.0,5.978600325059731E-16 39.0,8.987254253632653E-16 39.0,4.421187629915807E-16 39.0,0.0269999999999998 
40.0,2.3914401300239306E-16 40.0,8.987254253632676E-16 40.0,4.421187629915802E-16 40.0,0.02699999999999964 40.0,-1.7164228887624723E-16 
41.0,3.594901701453128E-16 41.0,4.421187629915814E-16 41.0,0.026999999999999608 41.0,-1.716422888762462E-16 41.0,1.7793601677806432E-16 
42.0,1.7684750519663537E-16 42.0,0.02699999999999968 42.0,-1.71642288876246E-16 42.0,1.7793601677806326E-16 42.0,0.023999999999999622 
43.0,0.010800000000000044 43.0,-1.7164228887624646E-16 43.0,1.7793601677806306E-16 43.0,0.023999999999999477 43.0,5.083479475783146E-16 
44.0,-6.865691555049968E-17 44.0,1.7793601677806353E-16 44.0,0.023999999999999452 44.0,5.083479475783115E-16 44.0,7.295996615643998E-16 
45.0,7.117440671122655E-17 45.0,0.023999999999999515 45.0,5.083479475783111E-16 45.0,7.295996615643955E-16 45.0,1.1266744222197665E-16 
46.0,0.00959999999999996 46.0,5.083479475783123E-16 46.0,7.295996615643947E-16 46.0,1.1266744222197596E-16 46.0,0.03599999999999927 
47.0,2.0333917903132818E-16 47.0,7.295996615643966E-16 47.0,1.1266744222197584E-16 47.0,0.035999999999999054 47.0,0.0054000000000001 
48.0,2.918398646257633E-16 48.0,1.1266744222197614E-16 48.0,0.03599999999999901 48.0,0.005400000000000068 48.0,4.026126722247315E-16 
49.0,4.506697688879118E-17 49.0,0.03599999999999911 49.0,0.005400000000000062 49.0,4.0261267222472907E-16 49.0,0.00800000000000043 
