x:Traj Length y:|f_k(x)-fhat_k(x)|,
0.0,0.0032483941559392627 0.0,2.498773370830082E-5 0.0,2.4209513885759725E-5 0.0,2.9392386559172722E-5 0.0,2.784490780330192E-5 
1.0,9.99830952920073E-6 1.0,2.4210023787640074E-5 1.0,2.9392151411596276E-5 1.0,2.7847143963490512E-5 1.0,4.458655003523993E-5 
2.0,9.70017280474075E-6 2.0,2.939290251669475E-5 2.0,2.7846897670417312E-5 2.0,4.458910041055287E-5 2.0,1.9304045758429652E-5 
3.0,1.174717382470927E-5 3.0,2.7847750529085976E-5 3.0,4.4588748924719896E-5 3.0,1.9305141246618523E-5 3.0,7.187133739360164E-5 
4.0,1.1131960976548518E-5 4.0,4.458958104682919E-5 4.0,1.9305077709127374E-5 4.0,7.187043756239098E-5 4.0,8.994884690316418E-5 
5.0,1.7783974617097644E-5 5.0,1.9306011794241264E-5 5.0,7.186955374877565E-5 5.0,8.995169888433615E-5 5.0,7.077962567281863E-5 
6.0,7.727006652496442E-6 6.0,7.186911792402753E-5 6.0,8.995081596202691E-5 6.0,7.078442173327675E-5 6.0,8.350823674531579E-5 
7.0,2.876171813932353E-5 7.0,8.995171327434026E-5 7.0,7.078304479180722E-5 7.0,8.351555200091941E-5 7.0,9.091161625660961E-5 
8.0,3.596341750441261E-5 8.0,7.078340194941653E-5 8.0,8.351485230012567E-5 8.0,9.091880554038414E-5 8.0,1.2715502747818227E-4 
9.0,2.8352863981970313E-5 9.0,8.351653692629905E-5 9.0,9.091782823629272E-5 9.0,1.271636373799654E-4 9.0,6.621630366500776E-5 
10.0,3.3393270681665596E-5 10.0,9.091973517573054E-5 10.0,1.271627333510054E-4 10.0,6.622110416094452E-5 10.0,9.363703119659351E-5 
11.0,3.634646704327034E-5 11.0,1.2716482089740675E-4 11.0,6.622096262835512E-5 11.0,9.364143499740116E-5 11.0,0.004733160907649825 
12.0,5.0716925030265684E-5 12.0,6.622267967926306E-5 12.0,9.363998290413971E-5 12.0,0.0047265296087642 12.0,7.283702068089887E-5 
13.0,2.6513717317289404E-5 13.0,9.364061211472938E-5 13.0,0.004725948819822442 13.0,7.284054263075079E-5 13.0,7.6081801929459E-5 
14.0,3.7493912202265555E-5 14.0,0.004726306971315912 14.0,7.283927761984219E-5 14.0,7.609014506560405E-5 14.0,8.849936058610841E-5 
15.0,0.0018599501209501867 15.0,7.28390541853878E-5 15.0,7.608973761612668E-5 15.0,8.850632971727992E-5 15.0,0.00419909767995208 
16.0,2.9137918449776528E-5 16.0,7.609156535058002E-5 16.0,8.850516361041818E-5 16.0,0.00418283242131799 16.0,2.1321184413641527E-4 
17.0,3.045763950954878E-5 17.0,8.850620666172335E-5 17.0,0.004184875699648939 17.0,2.1322031335001845E-4 17.0,1.905752270792879E-4 
18.0,3.540651958993771E-5 18.0,0.004174268336801607 18.0,2.132186414340472E-4 18.0,1.9058491610795535E-4 18.0,2.665273230139497E-4 
19.0,0.0019486235467784639 19.0,2.1321851106627048E-4 19.0,1.9058194748697058E-4 19.0,2.6655114272359023E-4 19.0,2.2834106456071077E-4 
20.0,8.532459777050554E-5 20.0,1.905829665543632E-4 20.0,2.665492137882597E-4 20.0,2.2835983020118886E-4 20.0,4.0018734131226386E-4 
21.0,7.635236010730378E-5 21.0,2.665576692226619E-4 21.0,2.283574367879468E-4 21.0,4.002034653330021E-4 21.0,1.6666390512405795E-4 
22.0,1.0646841448636302E-4 22.0,2.2836455813034318E-4 22.0,4.0020049863899795E-4 22.0,1.666700047077732E-4 22.0,3.0699440328001864E-4 
23.0,9.128657533812807E-5 23.0,4.002054317700757E-4 23.0,1.6666933358995615E-4 23.0,3.069911689494828E-4 23.0,0.0025414861098005987 
24.0,1.5977993384117814E-4 24.0,1.6667532052825482E-4 24.0,3.0698727619139424E-4 24.0,0.0025397525380160503 24.0,3.173933390712509E-4 
25.0,6.676790760046832E-5 25.0,3.0698593853535687E-4 25.0,0.0025400150062110218 25.0,3.1741479540820726E-4 25.0,3.539753308442653E-4 
26.0,1.229245506003948E-4 26.0,0.0025381894032439466 26.0,3.174088633399957E-4 26.0,3.5400162583375933E-4 26.0,4.116292910212385E-4 
27.0,0.0010281493731483541 27.0,3.174053723448603E-4 27.0,3.539992550663046E-4 27.0,4.1166062938253724E-4 27.0,0.0021898932136932333 
28.0,1.270677969983826E-4 28.0,3.5400508682956205E-4 28.0,4.116555749285552E-4 28.0,0.0021918668748011232 28.0,3.4726255279399025E-4 
29.0,1.4148087773414983E-4 29.0,4.116608052850187E-4 29.0,0.0021915472883080067 29.0,3.472902673574367E-4 29.0,3.355512121490281E-4 
30.0,1.6464758217336623E-4 30.0,0.0021873437765621744 30.0,3.4728920238724447E-4 30.0,3.355841595520921E-4 30.0,0.0016150964515826167 
31.0,9.915770218069096E-4 31.0,3.4729188268231814E-4 31.0,3.35579163505506E-4 31.0,0.0016161932664104795 31.0,2.517465884695256E-4 
32.0,1.3907384320409536E-4 32.0,3.355776349496965E-4 32.0,0.0016165006161556028 32.0,2.5176130003771747E-4 32.0,3.317238483968411E-4 
33.0,1.3435887191149524E-4 33.0,0.0016173845430754001 33.0,2.517584781283123E-4 33.0,3.317615920515786E-4 33.0,2.347566620239872E-4 
34.0,6.418988670644743E-4 34.0,2.5175543175584813E-4 34.0,3.317613882993179E-4 34.0,2.3477647826403037E-4 34.0,0.0016814978409709672 
35.0,1.0071769928373606E-4 35.0,3.317700836139591E-4 35.0,2.3477369870355283E-4 35.0,0.001682393154230225 35.0,0.0011327734541208417 
36.0,1.3251084643321322E-4 36.0,2.3477350016537236E-4 36.0,0.0016824308127095888 36.0,0.0011318734019374105 36.0,3.86442356124892E-4 
37.0,9.40965316796856E-5 37.0,0.001684799153540319 37.0,0.0011318951881692208 37.0,3.864679382673968E-4 37.0,5.04163842431124E-4 
38.0,7.265236524324878E-4 38.0,0.0011311829090730476 38.0,3.8646233838238354E-4 38.0,5.041868874551596E-4 38.0,4.6576185696405205E-4 
39.0,4.5972490418459233E-4 39.0,3.8646388087376453E-4 39.0,5.04184263656811E-4 39.0,4.657972021757364E-4 39.0,0.0012180790090714191 
40.0,1.547484624699288E-4 40.0,5.041921239374771E-4 40.0,4.657915905987082E-4 40.0,0.001217965572480681 40.0,3.400983068443252E-4 
41.0,2.0150563503518648E-4 41.0,4.6580185380643875E-4 41.0,0.0012177862379135552 41.0,3.4011104896075866E-4 41.0,3.2402478738957624E-4 
42.0,1.8614315685501554E-4 42.0,0.0012173359386622928 42.0,3.4011031340278394E-4 42.0,3.240411997196526E-4 42.0,0.0010726671876335081 
43.0,5.070010208529576E-4 43.0,3.4012073893472365E-4 43.0,3.240384557825384E-4 43.0,0.0010728188166312107 43.0,2.9756875565545277E-4 
44.0,1.3616429409674412E-4 44.0,3.240389368673233E-4 44.0,0.001072784306438436 44.0,2.975931628786703E-4 44.0,3.982481255425313E-4 
45.0,1.2978662587429006E-4 45.0,0.0010723827859593946 45.0,2.9758945840579E-4 45.0,3.982706519222621E-4 45.0,2.794819359680497E-4 
46.0,4.3005953767173043E-4 46.0,2.9758713372069547E-4 46.0,3.982678192070755E-4 46.0,2.794988980917181E-4 46.0,9.828164540105256E-4 
47.0,1.1920074766218036E-4 47.0,3.9827621439724424E-4 47.0,2.7949503407504806E-4 47.0,9.831394422772678E-4 47.0,5.621797312376637E-4 
48.0,1.5928765762546052E-4 48.0,2.7950168759066147E-4 48.0,9.83262354764691E-4 48.0,5.621678298174984E-4 48.0,2.6228982406324074E-4 
49.0,1.1176681895102733E-4 49.0,9.846963305391928E-4 49.0,5.621371355604516E-4 49.0,2.623074070384157E-4 49.0,5.045159301089828E-4 
