x:Traj Length y:fhat_k(x),
0.0,0.6011375737535425 0.0,3.093355607539714E-5 0.0,-1.676429441004673E-4 0.0,-5.794591328663973E-4 0.0,-2.2028385846339961E-4 
1.0,1.4354104361003016E-5 1.0,-1.7006651280601054E-4 1.0,-5.797281474068181E-4 1.0,-2.2128414271006933E-4 1.0,-6.876722821124928E-4 
2.0,-6.829418756458212E-5 2.0,-5.830967544026501E-4 2.0,-2.2125530993381086E-4 2.0,-6.896199813672137E-4 2.0,4.645228817204527E-4 
3.0,-2.2065823739460106E-4 3.0,-2.1920527982787245E-4 3.0,-6.89965480231729E-4 3.0,4.700416736200959E-4 3.0,0.0025541629802014513 
4.0,-9.894733010128441E-5 4.0,-6.925103376943114E-4 4.0,4.7044951420884364E-4 4.0,0.002564848328377075 4.0,-5.169978022618651E-4 
5.0,-2.678080236776688E-4 5.0,4.73574440467992E-4 5.0,0.0025652564834993466 5.0,-5.162258759755524E-4 5.0,4.356561904331099E-4 
6.0,1.8456667559496175E-4 6.0,0.002571269540463737 6.0,-5.164916164329499E-4 6.0,4.348522786546726E-4 6.0,-6.849026161587187E-4 
7.0,0.0010696407771355408 7.0,-5.13845243961031E-4 7.0,4.349064514644716E-4 7.0,-6.819167922442304E-4 7.0,-0.002310429295889618 
8.0,-1.847022817798768E-4 8.0,4.362790690046313E-4 8.0,-6.82501016330916E-4 8.0,-0.0023197349905430056 8.0,0.0012441560039859298 
9.0,1.8248172395794057E-4 9.0,-6.870325838242102E-4 9.0,-0.0023201458231388527 9.0,0.0012391513243830963 9.0,-6.276653595544627E-4 
10.0,-2.667137116806531E-4 10.0,-0.0023272099472383223 10.0,0.0012399485714408819 10.0,-6.257999897797864E-4 10.0,7.791612502833929E-4 
11.0,-9.008506635187261E-4 11.0,0.001243508531312465 11.0,-6.262746121438682E-4 11.0,7.840724262210448E-4 11.0,0.21073200289988833 
12.0,5.041423016129212E-4 12.0,-6.29686414098553E-4 12.0,7.840575331677359E-4 12.0,0.21098469092735236 12.0,-0.0012204075476281652 
13.0,-2.535169379735686E-4 13.0,7.863946680410254E-4 13.0,0.21100561713777957 13.0,-0.0012221310592439166 13.0,6.699636101172459E-4 
14.0,3.272345600942272E-4 14.0,0.2112109298163 14.0,-0.0012225415018258775 14.0,6.658051216188426E-4 14.0,-9.570124604324535E-4 
15.0,0.08342897180543259 15.0,-0.00122805537450772 15.0,6.667805363062365E-4 15.0,-9.69164961895788E-4 15.0,0.29400632817744515 
16.0,-4.5518019640811055E-4 16.0,6.681641749164975E-4 16.0,-9.69462189897745E-4 16.0,0.2942905674519772 16.0,0.0011519148041482486 
17.0,2.689985252061288E-4 17.0,-9.779688461711293E-4 17.0,0.2943100758111676 17.0,0.0011493991654318917 17.0,-1.6884329203625123E-4 
18.0,-3.637923165220466E-4 18.0,0.29449571684756864 18.0,0.0011503722990104596 18.0,-1.7609986587792357E-4 18.0,0.0015776099299471187 
19.0,0.1164263044161563 19.0,0.0011443118007501871 19.0,-1.7425744616645915E-4 19.0,0.0015614832475189429 19.0,0.004584928698125861 
20.0,4.301568099498823E-4 20.0,-1.7239155717676432E-4 20.0,0.001562274766665542 20.0,0.004590168626168917 20.0,0.0017724554462814355 
21.0,-7.184396282781387E-5 21.0,0.001563935339124642 21.0,0.004590491396845043 21.0,0.0017936414931877176 21.0,1.8216255778017468E-4 
22.0,5.911288393105786E-4 22.0,0.00459152448157641 22.0,0.0017934108247432419 22.0,1.8854874672188577E-4 22.0,-7.396814335487125E-4 
23.0,0.0018143324774015984 23.0,0.0017957474596690902 23.0,1.874697170771195E-4 23.0,-7.299262924924222E-4 23.0,0.055018037798319507 
24.0,6.23066702077707E-4 24.0,1.9242214470837092E-4 24.0,-7.296929210295835E-4 24.0,0.05511187927504809 24.0,-7.25034658154999E-4 
25.0,8.948492228135083E-5 25.0,-7.227660668883018E-4 25.0,0.05511489186775828 25.0,-7.212159732006362E-4 25.0,-1.2654808480455645E-4 
26.0,-4.895587735942036E-4 26.0,0.05515610252347565 26.0,-7.215911095705755E-4 26.0,-1.2773684259483048E-4 26.0,-5.746983289011626E-4 
27.0,0.021984402400323542 27.0,-7.20363209193098E-4 27.0,-1.273757260415295E-4 27.0,-5.738893434891876E-4 27.0,0.08237628440496073 
28.0,-2.8937095183384986E-4 28.0,-1.2382723199180263E-4 28.0,-5.743510843357654E-4 28.0,0.0824996488856886 28.0,0.0010180453810505108 
29.0,-7.264174545572024E-5 29.0,-5.702521663569495E-4 29.0,0.08250558313719715 29.0,0.001018798760205434 29.0,6.285798236054467E-4 
30.0,-2.672465426753171E-4 30.0,0.0825765140039292 30.0,0.0010194118423673367 30.0,6.345065668307336E-4 30.0,0.03904129946684086 
31.0,0.033009356084945825 31.0,0.0010198040198102951 31.0,6.339682465715985E-4 31.0,0.03909318426362594 31.0,0.0032110564492532113 
32.0,3.761136269692539E-4 32.0,6.350244035010854E-4 32.0,0.03909711963156766 32.0,0.0032267796734056506 32.0,2.2419821681307525E-4 
33.0,2.605691055855147E-4 33.0,0.039130423868460565 33.0,0.0032275633254576397 33.0,2.2568286938762024E-4 33.0,-5.418829144194529E-4 
34.0,0.015618615191580655 34.0,0.0032298697391852696 34.0,2.2485391070465645E-4 34.0,-5.46166926919138E-4 34.0,0.061806592518429154 
35.0,0.001251897135345583 35.0,2.2237541637581788E-4 35.0,-5.456707029354254E-4 35.0,0.06187435918948769 35.0,0.01351534042802488 
36.0,9.571764290869063E-5 36.0,-5.486512568836266E-4 36.0,0.06187888876575052 36.0,0.013536769882341123 36.0,-8.389362671370862E-4 
37.0,-1.921166289241977E-4 37.0,0.06192153803486498 37.0,0.013536900517886148 37.0,-8.433670136538788E-4 37.0,9.143556240465735E-4 
38.0,0.024841206504583487 38.0,0.013543381814735607 38.0,-8.432840222344372E-4 38.0,9.1258497833571E-4 38.0,0.0015848452843689328 
39.0,0.00546206149098544 39.0,-8.437294299685989E-4 39.0,9.129736385974443E-4 39.0,0.001583997652906144 39.0,0.02593959408718165 
40.0,-3.5843325617902847E-4 40.0,9.118294464954188E-4 40.0,0.0015841722929527044 40.0,0.026000999444093526 40.0,2.9897511941848084E-4 
41.0,3.6355225370959484E-4 41.0,0.0015883600917216954 41.0,0.026002313054959307 41.0,2.996930645403188E-4 41.0,-8.874110424826965E-4 
42.0,6.241412898421373E-4 42.0,0.02602858942878971 42.0,2.997826019204896E-4 42.0,-8.856051596488997E-4 42.0,0.020915791922843444 
43.0,0.010436284313063033 43.0,3.0070746446215157E-4 43.0,-8.860525799196116E-4 43.0,0.02094173162216984 43.0,0.0021241063247088524 
44.0,1.279424203662706E-4 44.0,-8.855500043278156E-4 44.0,0.020943036710913084 44.0,0.002131532261835574 44.0,-2.5613861557684324E-4 
45.0,-4.3142310938249244E-4 45.0,0.020952358970928734 45.0,0.002132022132736547 45.0,-2.5879696777178637E-4 45.0,7.246856810130895E-4 
46.0,0.008455931630906695 46.0,0.002135119413683392 46.0,-2.58955146979999E-4 46.0,7.251718105110399E-4 46.0,0.033038286796498305 
47.0,8.386752604101796E-4 47.0,-2.624675959689802E-4 47.0,7.253081907523779E-4 47.0,0.03308744564744566 47.0,0.0034515227494483713 
48.0,-1.1451488585961148E-4 48.0,7.275186597623081E-4 48.0,0.0330899143817007 48.0,0.0034545064748696726 48.0,-3.5593326091163877E-4 
49.0,2.4689909606834417E-4 49.0,0.033118366311280546 49.0,0.0034544588676646997 49.0,-3.569261861169353E-4 49.0,0.007532086642568466 
