X: Data, Y:Min_over_#states,
25.0,25.55704690649066 25.0,25.124371632839512 25.0,25.024079407359267 25.0,24.95467509513102 25.0,25.918414128323352 25.0,26.2721319328934 25.0,25.72060724763407 25.0,25.72060724763407 
50.0,18.61458603472532 50.0,18.219314212344155 50.0,18.095267177398284 50.0,18.21002028725533 50.0,18.891052561455034 50.0,18.994994930218557 50.0,18.94252125035 50.0,18.94252125035 
100.0,12.701630630019409 100.0,12.489964334669901 100.0,12.453299566977714 100.0,12.429826817667111 100.0,12.9352694513053 100.0,13.03155031643887 100.0,13.387118613309868 100.0,13.387118613309868 
200.0,8.917944308364069 200.0,8.65210408388347 200.0,8.541854278053872 200.0,8.562334628048893 200.0,9.011848638037055 200.0,8.949662525659946 200.0,9.424819263479293 200.0,9.424819263479293 
500.0,4.967465644303643 500.0,4.898325232286544 500.0,4.899282778383159 500.0,4.993295359824098 500.0,5.2543414411298395 500.0,5.271186376714871 500.0,5.652798318805369 500.0,5.652798318805369 
1000.0,3.3946021236686543 1000.0,3.3764685400704293 1000.0,3.4047486911144165 1000.0,3.42891671535471 1000.0,3.704422536727181 1000.0,3.737033434197621 1000.0,4.013265327286453 1000.0,4.013265327286453 
2000.0,2.5024533736269343 2000.0,2.479254445100092 2000.0,2.5006781180177082 2000.0,2.513665877499792 2000.0,2.6823419400917747 2000.0,2.693635847854191 2000.0,2.8306690971136272 2000.0,2.8306690971136272 
4000.0,1.6738416515164456 4000.0,1.6638330669398307 4000.0,1.6868787669770333 4000.0,1.7190130707899671 4000.0,1.805891288151114 4000.0,1.8166705387117872 4000.0,1.9293078976480664 4000.0,1.9293078976480664 
8000.0,1.246623519747168 8000.0,1.2394812474837062 8000.0,1.2557139137255358 8000.0,1.272458581009688 8000.0,1.3103256802249776 8000.0,1.3145194527425696 8000.0,1.4239661378173174 8000.0,1.4239661378173174 
16000.0,0.8458378984458444 16000.0,0.8391198426554844 16000.0,0.8510947749245169 16000.0,0.8673218333978506 16000.0,0.9205720291468862 16000.0,0.9228373632117168 16000.0,0.9786268065526613 16000.0,0.9786268065526613 
