X:Sigma Y:|f(x)-fhat(x)|,
0.0,0.03951123763198182 0.0,0.03951123763198182 
1.0,3.9091460773685023E-4 1.0,3.9091460773685023E-4 
2.0,2.113348766881493E-4 2.0,3.633717701299574E-4 
3.0,6.036945673367363E-4 3.0,6.313742734531559E-4 
4.0,6.45246543637665E-4 4.0,8.252558136542618E-4 
5.0,6.512983748565146E-4 5.0,6.993392986340248E-4 
6.0,4.2360840402148956E-4 6.0,5.9710236927349E-4 
7.0,0.001459435148055672 7.0,0.0016781275659225419 
8.0,9.351759767944689E-4 8.0,0.0013840871380474977 
9.0,5.047521969321498E-4 9.0,7.00277137828034E-4 
10.0,5.228305355266073E-4 10.0,9.006433400241672E-4 
11.0,0.0010367215072530466 11.0,0.0015282754464015311 
12.0,0.0013474440158365646 12.0,0.0016978798599392869 
13.0,5.878426946228078E-4 13.0,7.40946645931366E-4 
14.0,7.363616567870854E-4 14.0,0.001316510385998552 
15.0,0.022313764581337367 15.0,0.02256219501063429 
16.0,7.241954501988903E-4 16.0,0.0013958903220823535 
17.0,5.895894857147393E-4 17.0,9.43632047299145E-4 
18.0,6.299535677486824E-4 18.0,0.0013711327429584029 
19.0,0.02233093599116308 19.0,0.023316024502579906 
20.0,0.0025950068526399282 20.0,0.00273870944343736 
21.0,7.0875155095007E-4 21.0,0.001244346875818413 
22.0,0.0011316033912809223 22.0,0.0024706964734661978 
23.0,0.0016319230261506844 23.0,0.0033253371715878245 
24.0,0.002878473192113314 24.0,0.003111244485105602 
25.0,6.976767450214963E-4 25.0,0.001206416194672286 
26.0,0.0019134529335260717 26.0,0.004860928478724818 
27.0,0.010468769772026904 27.0,0.008763490618531197 
28.0,0.0012494026050135906 28.0,0.001479028663527608 
29.0,9.182388721202005E-4 29.0,0.0012948029540437037 
30.0,0.0015190955708504637 30.0,0.00217334815084829 
31.0,0.011677296201321045 31.0,0.010124936792958387 
32.0,0.00125681148733157 32.0,0.0015112146088026473 
33.0,7.138422181548313E-4 33.0,0.0013997125872783032 
34.0,0.008808728635616235 34.0,0.006967531992592817 
35.0,0.001070305114842522 35.0,0.002365474363028877 
36.0,0.001533888402661295 36.0,0.0016865028972442543 
37.0,6.881941900806746E-4 37.0,0.0011413615379230872 
38.0,0.010608813621556737 38.0,0.00801908780008077 
39.0,0.005510735520030586 39.0,0.0043093409628416094 
40.0,6.792695608478689E-4 40.0,0.0011125840476872118 
41.0,0.0011580052633628918 41.0,0.0013432238074854354 
42.0,0.0012034515396111207 42.0,0.0017058377563388774 
43.0,0.007351761991402043 43.0,0.005137189425066648 
44.0,7.220403267824819E-4 44.0,8.83646592704612E-4 
45.0,0.0014901606650680967 45.0,0.0020264213049741714 
46.0,0.006351408262769351 46.0,0.004224229855981225 
47.0,0.0011329622513675192 47.0,0.0016166220525549093 
48.0,9.330287137085623E-4 48.0,0.0010297793244019656 
49.0,9.9395228295607E-4 49.0,0.0010779245330423124 
50.0,0.007930925621209298 50.0,0.004816975156232956 
51.0,0.0019812815361529876 51.0,0.0020608681677330787 
52.0,6.949773842339715E-4 52.0,9.018732434075799E-4 
53.0,0.002844563634613513 53.0,0.002689923041040603 
54.0,0.001265900969811094 54.0,0.0012766784916302704 
55.0,0.0024440704803564126 55.0,0.00226348970683437 
56.0,6.870735091365884E-4 56.0,6.199531299873943E-4 
57.0,0.003207662654849248 57.0,0.002662754914855027 
58.0,0.00309084149130159 58.0,0.0027467697966445047 
59.0,8.790769453863862E-4 59.0,9.042512669768016E-4 
60.0,9.166102057173121E-4 60.0,7.678096412067438E-4 
61.0,0.0011465725916625677 61.0,9.34352309348302E-4 
62.0,0.0037790304576263254 62.0,0.003168919729198256 
63.0,0.001019583055830258 63.0,9.722950447594406E-4 
64.0,1.8168491658104995E-4 64.0,7.944123276265444E-4 
65.0,0.0038198406552881568 65.0,0.002152157086792864 
66.0,4.8431975436354655E-4 66.0,0.0010052378122903237 
67.0,0.001937869805818412 67.0,0.0010573505578863435 
68.0,3.0856910332003885E-4 68.0,5.486103813057008E-4 
69.0,0.0046591040371240355 69.0,0.0020903338672165965 
70.0,0.0028092261959796546 70.0,0.0015564227849904906 
71.0,3.11455216110543E-4 71.0,5.919818571172677E-4 
72.0,0.0013435384007247993 72.0,9.578622227247739E-4 
73.0,5.653428940384829E-4 73.0,7.84732744913426E-4 
74.0,0.0032883375310724557 74.0,0.0017401480953545211 
75.0,5.88040261783281E-4 75.0,5.525074445163194E-4 
76.0,0.0017121450044802532 76.0,9.020168634886833E-4 
77.0,0.002438199544017844 77.0,0.00143926998529306 
78.0,4.4132570864350857E-4 78.0,6.916461584726842E-4 
79.0,7.585365709778628E-4 79.0,5.356908158045153E-4 
80.0,4.307992211920618E-4 80.0,4.7769401456238084E-4 
81.0,0.0033400459705225354 81.0,0.0015265712687281474 
82.0,0.0011764494078431486 82.0,8.346266599840675E-4 
83.0,3.0713083200819283E-4 83.0,4.3020868905830126E-4 
84.0,9.9182686283721E-4 84.0,8.57760578262645E-4 
85.0,5.136623707236458E-4 85.0,6.050046995416255E-4 
86.0,0.0011099077357877786 86.0,9.121920888215793E-4 
87.0,3.7181978193215104E-4 87.0,3.4293686784816964E-4 
88.0,0.0011829427442031262 88.0,8.113746264014456E-4 
89.0,0.001039731870794207 89.0,8.914269295481381E-4 
90.0,3.868499348746407E-4 90.0,4.4745593816742475E-4 
91.0,5.56147710191619E-4 91.0,4.290924633561299E-4 
92.0,4.589379020116724E-4 92.0,4.220784724104933E-4 
93.0,0.001268006310843175 93.0,9.798384808863908E-4 
94.0,5.46818177152248E-4 94.0,4.545339003794185E-4 
95.0,4.7007272859124873E-4 95.0,3.404816788665366E-4 
96.0,8.712530653422661E-4 96.0,6.631346642019519E-4 
97.0,4.090449932455159E-4 97.0,4.378431291652792E-4 
98.0,5.408311919283584E-4 98.0,4.4784387304419576E-4 
99.0,3.212753279491448E-4 99.0,2.7704696583928776E-4 
100.0,9.522974314869962E-4 100.0,6.536670825176863E-4 
101.0,5.958855259303515E-4 101.0,5.163861184984813E-4 
102.0,2.730886744128503E-4 102.0,2.9530329514266705E-4 
103.0,4.5927898177442643E-4 103.0,3.560054022810371E-4 
104.0,3.6430262441772835E-4 104.0,3.342160338900018E-4 
105.0,6.611383436209829E-4 105.0,5.880585522268694E-4 
106.0,3.0854935314560513E-4 106.0,2.525505265118872E-4 
107.0,4.781169523777198E-4 107.0,3.1432533483198984E-4 
108.0,6.174398172680548E-4 108.0,4.3035358429826886E-4 
109.0,2.8512826224437704E-4 109.0,2.93654742215803E-4 
110.0,3.369599227763815E-4 110.0,2.7355284263455657E-4 
111.0,3.3084657376626793E-4 111.0,2.2900974011868082E-4 
112.0,6.421541165662902E-4 112.0,4.624813621445471E-4 
113.0,3.924168853356948E-4 113.0,2.986703408849399E-4 
114.0,2.293920012294512E-4 114.0,1.9244438987508613E-4 
115.0,2.85176447132321E-4 115.0,2.815428181743115E-4 
116.0,1.7775352653133888E-4 116.0,2.5080829708494485E-4 
117.0,2.809621366109656E-4 117.0,3.1907996454371367E-4 
118.0,1.5547131868927334E-4 118.0,1.6337458366134098E-4 
119.0,3.309058396516028E-4 119.0,2.7341652105656005E-4 
120.0,2.7740892601139385E-4 120.0,2.878459298187444E-4 
121.0,1.528214237376155E-4 121.0,1.9596764141494906E-4 
122.0,1.8503584093316125E-4 122.0,1.890007379174949E-4 
123.0,1.6887725135884208E-4 123.0,1.7888831904933392E-4 
124.0,3.2588453446430243E-4 124.0,3.1892511633329354E-4 
125.0,1.7281262134441044E-4 125.0,1.6512136075878128E-4 
126.0,1.650061200319482E-4 126.0,1.4369636820926783E-4 
127.0,2.140582137167773E-4 127.0,1.966449832775767E-4 
