X:Sigma Y: Green:Absolute,
0.0,0.04777482031779568 0.0,0.010520259293250955 
1.0,3.3809757790811474E-4 1.0,-1.0122868111793917E-5 
2.0,3.0926537012268383E-4 2.0,-9.564335499298412E-5 
3.0,6.381500670576918E-4 3.0,1.2618568963096248E-4 
4.0,0.001200449067432814 4.0,-6.561152035343682E-5 
5.0,7.539772751537612E-4 5.0,1.2610675930731523E-4 
6.0,4.4854221492000287E-4 6.0,-1.7909007344883043E-4 
7.0,0.0018369814961122636 7.0,-0.0013063170075778452 
8.0,0.0016478045533841706 8.0,2.610185899426511E-4 
9.0,7.479953013766075E-4 9.0,-2.1905339425751683E-4 
10.0,9.669212548221943E-4 10.0,4.8163808681520243E-4 
11.0,0.0015309259003310558 11.0,0.0011255314939732197 
12.0,0.0019301464552427437 12.0,-6.894880906575172E-4 
13.0,8.004496292545952E-4 13.0,5.110833414442299E-5 
14.0,0.0013577922430895947 14.0,-4.0349544210691827E-4 
15.0,0.023436275795750486 15.0,-0.0017205597628025615 
16.0,0.001480392415651323 16.0,4.8551718228615127E-4 
17.0,8.426645891772003E-4 17.0,-4.85530049239269E-5 
18.0,0.001279583682360744 18.0,2.879958988356351E-4 
19.0,0.021799878786862195 19.0,-0.0014996756039558964 
20.0,0.0026232141547071464 20.0,-2.5992556273195705E-4 
21.0,0.0015315288506233043 21.0,5.021443999914061E-4 
22.0,0.002779985827018476 22.0,-4.4887499526082686E-4 
23.0,0.003571368890164634 23.0,-0.0024485647411440587 
24.0,0.0031634631060702455 24.0,-5.51481201551613E-4 
25.0,0.0011838073842139873 25.0,-2.8297440302193984E-4 
26.0,0.00467583931204699 26.0,7.250435660516373E-4 
27.0,0.008471565309703565 27.0,0.0012997312505475358 
28.0,0.0015602935976753163 28.0,4.72681227670768E-4 
29.0,0.001621155999935554 29.0,9.097277477281746E-5 
30.0,0.002051045847186462 30.0,0.0012410562665488723 
31.0,0.009751610914961227 31.0,0.0019334571137963907 
32.0,0.0014810371421298469 32.0,1.704450869223249E-4 
33.0,0.001504103067965829 33.0,-2.6662650204763063E-4 
34.0,0.006840565851129736 34.0,1.2730901965399733E-4 
35.0,0.002272595038194724 35.0,-0.0012532545525711348 
36.0,0.002006284483021114 36.0,-1.4625891008389664E-5 
37.0,8.371428417797E-4 37.0,6.867104600738048E-5 
38.0,0.006632886499289825 38.0,-0.0027770547751636643 
39.0,0.003488705876146111 39.0,0.0013550706986966434 
40.0,0.001019572733115716 40.0,2.323459248536454E-4 
41.0,0.0011970242080534077 41.0,-6.496366153889451E-4 
42.0,0.0021184995363293492 42.0,-9.496644462201392E-4 
43.0,0.005160830131969461 43.0,2.2629714027330266E-5 
44.0,9.333186759345482E-4 44.0,-6.56646874265891E-6 
45.0,0.0020251144532318645 45.0,6.863786433444692E-4 
46.0,0.004007248059616966 46.0,7.26596346685116E-4 
47.0,0.0015284843063441194 47.0,-5.044940094648045E-4 
48.0,0.001193322154688857 48.0,1.848296621434849E-5 
49.0,0.001207653367730852 49.0,-2.602206745498033E-4 
50.0,0.0039129478706632905 50.0,-1.4331502085183058E-4 
51.0,0.0019213342306344456 51.0,6.518687272236439E-4 
52.0,8.924309387083967E-4 52.0,9.082313714182494E-5 
53.0,0.0028904594917029823 53.0,-1.4499894687392098E-4 
54.0,0.0013320597149722685 54.0,-0.001091691865597373 
55.0,0.002226344351726988 55.0,-3.222136194245962E-4 
56.0,6.694279113175603E-4 56.0,2.0556472954823266E-4 
57.0,0.0024812418780482226 57.0,-9.615668790800275E-4 
58.0,0.002429235152676144 58.0,8.840247943335128E-4 
59.0,7.404221256148579E-4 59.0,-2.4230751913661335E-4 
60.0,6.679415296810656E-4 60.0,-1.7654139552344066E-4 
61.0,0.001156587104656394 61.0,-5.60054027271936E-4 
62.0,0.003086969337411628 62.0,-7.762663435160627E-5 
63.0,9.059919701058868E-4 63.0,2.915376212417009E-4 
64.0,9.854599335926341E-4 64.0,3.2547739533095326E-4 
65.0,0.0019272287678757096 65.0,7.321536799884873E-5 
66.0,0.0011489242750513254 66.0,-8.646068351016322E-4 
67.0,0.0011380930813752056 67.0,-2.0816991557616606E-4 
68.0,5.331580323286212E-4 68.0,-2.4569956085923134E-4 
69.0,0.0018394125499559305 69.0,-2.7340472069129705E-4 
70.0,0.0015898827972807208 70.0,4.615262942490439E-4 
71.0,4.949296709970425E-4 71.0,-1.566165808290881E-4 
72.0,0.0010607178613635394 72.0,-1.5909759667530194E-4 
73.0,9.742224113928115E-4 73.0,-8.17463725563962E-4 
74.0,0.0017711261539412478 74.0,-2.8656350212699405E-4 
75.0,4.83434817324605E-4 75.0,1.7091113907854096E-4 
76.0,0.001009808019553365 76.0,-2.2378375407412966E-4 
77.0,0.0012543928865779291 77.0,3.10053007573719E-4 
78.0,6.293838807907438E-4 78.0,-4.2630751470387784E-4 
79.0,4.822097428580804E-4 79.0,-1.594659723142231E-4 
80.0,4.3534526213392043E-4 80.0,-2.3739041322021675E-4 
81.0,0.0014942230251472196 81.0,-1.67075052237829E-4 
82.0,7.802750435295089E-4 82.0,2.1041623893455625E-4 
83.0,3.841346496012666E-4 83.0,8.276640570737082E-5 
84.0,7.668980740017911E-4 84.0,-7.022975679454578E-5 
85.0,6.632834610582859E-4 85.0,-5.893874322138095E-4 
86.0,9.481035053959404E-4 86.0,-1.6857614946273132E-4 
87.0,2.7810607865845515E-4 87.0,-8.639930346328954E-5 
88.0,9.099738283356172E-4 88.0,-2.1382485403905092E-4 
89.0,8.408055931496728E-4 89.0,1.585458587702781E-4 
90.0,4.928206563405986E-4 90.0,-3.370532651149178E-4 
91.0,4.581832497688112E-4 91.0,-1.028749747088462E-4 
92.0,4.955744292725919E-4 92.0,-3.460867930800847E-4 
93.0,0.0010093399216506733 93.0,-1.6688095656590307E-4 
94.0,4.5494623137601884E-4 94.0,1.083373579203641E-4 
95.0,3.861000635672465E-4 95.0,-8.773503385411284E-5 
96.0,5.384677273841987E-4 96.0,-3.7724160169397455E-6 
97.0,4.914953343189673E-4 97.0,-4.308723521424179E-4 
98.0,4.1610004630926423E-4 98.0,-1.2386983360527737E-4 
99.0,2.3009433991629018E-4 99.0,-1.108821949519207E-4 
100.0,6.638075119439575E-4 100.0,-1.2112090055000415E-4 
101.0,5.430548552687387E-4 101.0,9.990054566459442E-5 
102.0,2.4369375798968568E-4 102.0,-8.466162469409885E-5 
103.0,3.389928131223217E-4 103.0,-8.902043128685772E-5 
104.0,3.1615544591329645E-4 104.0,-2.901665231214756E-4 
105.0,6.431644006606141E-4 105.0,-1.5767524869947998E-4 
106.0,2.219837714411235E-4 106.0,-3.216570156829037E-5 
107.0,3.567676231159955E-4 107.0,-1.0582331698914681E-4 
108.0,4.08672373786358E-4 108.0,1.7772633232611443E-5 
109.0,3.151845958810502E-4 109.0,-2.6054524822920254E-4 
110.0,2.498660759484687E-4 110.0,-5.88897571433834E-5 
111.0,2.1214154441797094E-4 111.0,-1.330898765245191E-4 
112.0,5.318701509669803E-4 112.0,-1.4689896555745283E-4 
113.0,2.93822678310938E-4 113.0,2.862018153290341E-5 
114.0,2.058231117879281E-4 114.0,-1.0713886059420026E-4 
115.0,2.404199526705812E-4 115.0,-3.959945765967736E-5 
116.0,2.4188642509484617E-4 116.0,-2.259549657844377E-4 
117.0,3.1832480774042444E-4 117.0,-7.585426483923898E-5 
118.0,1.5861924394903782E-4 118.0,-4.521234643315312E-5 
119.0,2.8562058609519825E-4 119.0,-9.6516992095514E-5 
120.0,2.764469292574198E-4 120.0,-7.04005850540026E-6 
121.0,2.1720528195206393E-4 121.0,-1.5816862166201544E-4 
122.0,1.774023592665225E-4 122.0,-6.346812045278073E-5 
123.0,1.6127066919770163E-4 123.0,-1.2946262298668286E-4 
124.0,3.3994855002339404E-4 124.0,-1.0484345257625577E-4 
125.0,1.6291357941850104E-4 125.0,-1.0539948203388857E-5 
126.0,1.566885367814736E-4 126.0,-7.112328097903644E-5 
127.0,1.822492818687689E-4 127.0,-3.016843528502058E-5 
