X:Sigma Y: Green:Absolute,
0.0,0.0033423461596394266 0.0,-6.374950873844432E-5 
1.0,1.0005524616509448E-5 1.0,2.582872708114422E-6 
2.0,9.1979031444073E-6 2.0,-2.6953218629922908E-6 
3.0,1.1201173255291E-5 3.0,-1.9045242141470416E-6 
4.0,9.84677992152382E-6 4.0,-2.719597806437419E-6 
5.0,1.4087095284517023E-5 5.0,-6.944363564612718E-7 
6.0,7.389601518148281E-6 6.0,-1.9389973340194265E-6 
7.0,2.816079020396675E-5 7.0,-3.7726555289320708E-6 
8.0,2.8939208531380374E-5 8.0,1.1190148685549046E-5 
9.0,2.0263259511612844E-5 9.0,-5.636647188801835E-6 
10.0,2.721286220795286E-5 10.0,-6.680028598663856E-6 
11.0,2.6269078075550042E-5 11.0,-5.683127132438912E-6 
12.0,3.2231899915253905E-5 12.0,-8.995679995062869E-7 
13.0,2.0577784679639045E-5 13.0,-1.2802926178551393E-6 
14.0,2.423471955409588E-5 14.0,-1.3704384470433025E-6 
15.0,0.0018257308933958833 15.0,-5.4310137599916094E-5 
16.0,1.910926381110116E-5 16.0,1.6940885779435212E-6 
17.0,1.804524654584172E-5 17.0,-2.03882749021236E-6 
18.0,1.5635184890173476E-5 18.0,1.9538619872389657E-6 
19.0,0.001930817238118132 19.0,-1.975030967505176E-4 
20.0,7.771751863775364E-5 20.0,-8.371213401265107E-6 
21.0,6.675524050647877E-5 21.0,1.6176769660173856E-5 
22.0,7.879763993591632E-5 22.0,1.375451527065377E-5 
23.0,6.551947210142853E-5 23.0,2.4480394259754224E-5 
24.0,8.586905869798564E-5 24.0,-1.8397794324230786E-6 
25.0,6.13845317844208E-5 25.0,1.745667287669254E-5 
26.0,5.311130433458713E-5 26.0,5.3610767342892735E-6 
27.0,0.0010574855959968865 27.0,2.1780128796405367E-4 
28.0,4.651805633301302E-5 28.0,-2.520522047093686E-6 
29.0,6.27877406240395E-5 29.0,2.486388630563752E-6 
30.0,5.085180605748437E-5 30.0,-1.1590387197824156E-5 
31.0,0.0010924664252086472 31.0,-3.729485470010424E-5 
32.0,6.781602167683692E-5 32.0,-2.1304460724658157E-5 
33.0,4.640235201772504E-5 33.0,5.557907654178802E-6 
34.0,7.955456965123927E-4 34.0,5.919353851954575E-5 
35.0,3.7471782209289366E-5 35.0,-1.3646355980140944E-6 
36.0,7.541033136511841E-5 36.0,5.6382966375396416E-6 
37.0,3.660562426076191E-5 37.0,1.0747183620781493E-5 
38.0,7.500835942710906E-4 38.0,-2.735588297642505E-5 
39.0,5.55769191500699E-4 39.0,1.9226143238381372E-4 
40.0,5.401417321965996E-5 40.0,7.79279839611611E-6 
41.0,6.875082085151694E-5 41.0,3.604643657478658E-6 
42.0,5.022658209500327E-5 42.0,-6.865404829756955E-6 
43.0,6.937448055159821E-4 43.0,5.007791055339657E-5 
44.0,6.808013728758859E-5 44.0,1.2585726467317914E-5 
45.0,7.008706708525449E-5 45.0,-5.770199413358263E-7 
46.0,6.637294430320949E-4 46.0,3.9056415754663735E-5 
47.0,5.101018260951961E-5 47.0,-6.394729334071461E-7 
48.0,7.649521451848368E-5 48.0,9.684932587999019E-6 
49.0,5.437612737623357E-5 49.0,1.215602573253605E-5 
50.0,5.218831996321859E-4 50.0,-9.408921657735631E-5 
51.0,2.316686222109736E-4 51.0,-1.5208871516783334E-5 
52.0,1.1610037066466391E-4 52.0,-4.5290495662098E-5 
53.0,2.6931970393375955E-4 53.0,3.613925587991459E-5 
54.0,1.2048605454235503E-4 54.0,1.3360841918533902E-5 
55.0,2.4186319723807248E-4 55.0,-4.288031474878312E-5 
56.0,1.277914833403139E-4 56.0,-3.594695569027675E-5 
57.0,2.605568112163082E-4 57.0,-5.5508494872900936E-5 
58.0,3.016439222385001E-4 58.0,-1.0906820202415331E-5 
59.0,1.1716100946738147E-4 59.0,1.239117450595339E-5 
60.0,1.7392729437293032E-4 60.0,7.507961588835326E-6 
61.0,1.1035067496559992E-4 61.0,-9.834389822231584E-7 
62.0,3.1436571525509066E-4 62.0,-1.5913080335402483E-5 
63.0,1.439754562735795E-4 63.0,-3.2809466880062237E-5 
64.0,2.056519321256413E-5 64.0,-9.98479416382261E-7 
65.0,2.5478185842116584E-4 65.0,6.257596628051992E-5 
66.0,1.9760726904254722E-5 66.0,-4.685062162636052E-6 
67.0,1.5979895320495733E-4 67.0,1.4150892378497874E-5 
68.0,1.9499251827899338E-5 68.0,7.423510113872459E-6 
69.0,4.410976882957361E-4 69.0,-4.222736174260597E-5 
70.0,2.4147397913060545E-4 70.0,-3.086145691595692E-5 
71.0,1.943418100882348E-5 71.0,-1.2340722011893718E-6 
72.0,1.2075756811019725E-4 72.0,1.4261954622367354E-5 
73.0,2.0124553391341763E-5 73.0,-1.6073258388277104E-6 
74.0,2.548653886387127E-4 74.0,-8.419511795205188E-6 
75.0,1.0046033355434045E-4 75.0,-2.533065083931377E-6 
76.0,2.03887964679889E-4 76.0,1.1674518966380365E-5 
77.0,2.424357508482882E-4 77.0,-1.4186131647119009E-5 
78.0,1.8179715416068915E-5 78.0,-5.262563579024392E-7 
79.0,8.701603496386506E-5 79.0,9.563129473922404E-6 
80.0,1.7666456141752564E-5 80.0,-2.8824056273732153E-6 
81.0,2.7431901682187687E-4 81.0,-5.714995544649822E-6 
82.0,1.2514738794114087E-4 82.0,1.460836804401037E-5 
83.0,5.070281295470285E-5 83.0,-6.248672440709885E-6 
84.0,1.2115934995886816E-4 84.0,3.007463813848508E-5 
85.0,5.469501261385624E-5 85.0,4.740607262473468E-7 
86.0,1.281580117957619E-4 86.0,4.132431340364458E-6 
87.0,5.144896581389908E-5 87.0,-1.8617004319386769E-7 
88.0,1.2042415166376894E-4 88.0,-8.2427723102401E-6 
89.0,1.0036934750568615E-4 89.0,2.680089776986908E-6 
90.0,3.696151240968165E-5 90.0,1.968364920470771E-6 
91.0,5.921198748413939E-5 91.0,-4.6183850608628125E-6 
92.0,3.390077506740728E-5 92.0,-1.911928215841266E-6 
93.0,1.1311841167890914E-4 93.0,-9.56990901175241E-6 
94.0,5.19477771353866E-5 94.0,-3.823977921294883E-6 
95.0,5.924136188407897E-5 95.0,-1.67972744606042E-5 
96.0,7.779313667401548E-5 96.0,1.8888330069060272E-5 
97.0,3.1088269408885105E-5 97.0,9.364379482797656E-6 
98.0,6.132152894257312E-5 98.0,-5.920386307995275E-7 
99.0,3.0490406251754643E-5 99.0,-4.092738939600398E-6 
100.0,9.678515951492949E-5 100.0,-2.0425367108201363E-5 
101.0,5.4885720898208737E-5 101.0,4.871719604094647E-6 
102.0,2.6079853538751354E-5 102.0,1.4023960808752917E-6 
103.0,3.842135244658525E-5 103.0,1.1136658708710214E-5 
104.0,1.7188271773785316E-5 104.0,-1.6397767509700786E-6 
105.0,5.050522082397249E-5 105.0,-9.24748112866733E-6 
106.0,2.444956248134123E-5 106.0,-7.252682892942703E-6 
107.0,4.632161905449768E-5 107.0,-4.951129409528453E-6 
108.0,4.219564900116059E-5 108.0,-7.77394840696722E-6 
109.0,1.985942078113249E-5 109.0,3.310107382186035E-6 
110.0,3.1546079506660796E-5 110.0,3.930445368637931E-6 
111.0,1.8848421573920558E-5 111.0,-4.864706184895002E-6 
112.0,5.5705687058448975E-5 112.0,1.4637977912171644E-6 
113.0,2.990432431668391E-5 113.0,-6.62247238268973E-6 
114.0,2.5443590925289214E-5 114.0,6.543838545029275E-6 
115.0,2.3868592827835578E-5 115.0,2.172087803306736E-6 
116.0,1.806723684076375E-5 116.0,1.3306790600399722E-6 
117.0,2.91045307258641E-5 117.0,-5.512139473984707E-6 
118.0,1.5569597021702315E-5 118.0,-1.0746428370664566E-6 
119.0,3.5331569070131395E-5 119.0,2.8406903203220324E-6 
120.0,2.898425804997714E-5 120.0,-4.677801646738583E-6 
121.0,1.3391657639857823E-5 121.0,-2.3376526875071733E-6 
122.0,1.7340046835171158E-5 122.0,3.862664019434338E-6 
123.0,1.4847804467751173E-5 123.0,-4.470072616163609E-6 
124.0,2.7966772451887566E-5 124.0,-1.1552383994225445E-6 
125.0,1.667046429487221E-5 125.0,1.223196524507792E-6 
126.0,1.9461844055141158E-5 126.0,7.195077343445788E-7 
127.0,2.088839018528238E-5 127.0,2.903482622671396E-6 
