X: Data, Y:ArgMin_over_#states,
50.0,4.3 50.0,3.5 50.0,3.4 50.0,3.2 50.0,3.0 50.0,3.3 
70.0,4.3 70.0,3.8 70.0,3.7 70.0,3.1 70.0,3.8 70.0,3.8 
100.0,4.2 100.0,4.0 100.0,3.8 100.0,3.8 100.0,3.2 100.0,3.6 
150.0,4.3 150.0,4.4 150.0,4.4 150.0,3.9 150.0,3.7 150.0,4.0 
200.0,4.3 200.0,4.2 200.0,4.3 200.0,3.7 200.0,3.9 200.0,3.6 
500.0,4.4 500.0,4.2 500.0,4.2 500.0,4.1 500.0,4.3 500.0,4.3 
1000.0,4.4 1000.0,4.2 1000.0,4.4 1000.0,4.6 1000.0,4.2 1000.0,4.2 
10000.0,4.3 10000.0,4.0 10000.0,4.4 10000.0,4.0 10000.0,4.1 10000.0,4.1 
100000.0,4.3 100000.0,4.3 100000.0,4.4 100000.0,4.2 100000.0,4.2 100000.0,4.1 
