X:Sigma Y: Error,
0.0,0.01011421122824363 0.0,0.01011421122824363 0.0,0.01011421122824363 0.0,0.01011421122824363 0.0,0.01011421122824363 
1.0,3.967204667249581E-5 1.0,3.967204667249581E-5 1.0,3.967204667249581E-5 1.0,3.967204667249581E-5 1.0,3.967204667249581E-5 
2.0,4.440146787627045E-4 2.0,1.7034826476829192E-4 2.0,1.7034826476829192E-4 2.0,1.7034826476829192E-4 2.0,1.7034826476829192E-4 
3.0,0.013382948495972213 3.0,0.013563917677590187 3.0,0.013563917677590187 3.0,0.013563917677590187 3.0,0.013563917677590187 
4.0,0.007310196811514472 4.0,0.007239080750672339 4.0,0.006939140823377071 4.0,0.006939140823377071 4.0,0.006939140823377071 
5.0,2.4688142305794887E-4 5.0,3.904341246758473E-4 5.0,5.561443336141794E-4 5.0,5.561443336141794E-4 5.0,5.561443336141794E-4 
6.0,0.0035193741197776345 6.0,0.001969980342542768 6.0,0.001807100890610286 6.0,0.001807100890610286 6.0,0.001807100890610286 
7.0,0.012761047743607992 7.0,0.014063092170116483 7.0,0.015248458119356705 7.0,0.015248458119356705 7.0,0.015248458119356705 
8.0,0.006397782556567658 8.0,0.007698673521178836 8.0,0.006923642805369095 8.0,0.003527665382650806 8.0,0.003527665382650806 
9.0,4.9633416812297666E-5 9.0,0.0010959174206849635 9.0,0.001251099810266579 9.0,0.002552051318697824 9.0,0.002552051318697824 
10.0,0.008556272756262145 10.0,0.007503696487903444 10.0,0.007564609503674772 10.0,0.0045812272634212885 10.0,0.0045812272634212885 
11.0,1.1768161888477818E-4 11.0,0.0010731522627663755 11.0,0.0019143346361921096 11.0,0.0037074196918810247 11.0,0.0037074196918810247 
12.0,0.002183870124322018 12.0,9.00892588537208E-4 12.0,1.911038810272726E-4 12.0,2.0963795974184452E-4 12.0,2.0963795974184452E-4 
13.0,0.0039024201502050665 13.0,0.0043141179342222925 13.0,0.004954113924786228 13.0,0.004486483603551739 13.0,0.004486483603551739 
14.0,0.002758251086816132 14.0,5.981193000233094E-4 14.0,6.942442390725032E-4 14.0,0.002285649109064102 14.0,0.002285649109064102 
15.0,7.005483109609927E-4 15.0,5.146162792530684E-4 15.0,5.356680108247096E-4 15.0,6.531059754173469E-5 15.0,6.531059754173469E-5 
16.0,6.587183805582516E-4 16.0,6.088600507746711E-4 16.0,0.0018865633004571984 16.0,0.002345003831150087 16.0,0.0015346217000067539 
17.0,0.002133150156544281 17.0,9.46121699425137E-4 17.0,5.367387734536407E-4 17.0,0.0019907185567087623 17.0,0.0014174357879418952 
18.0,6.525442105112253E-4 18.0,0.0011811878595141554 18.0,0.0017076188157685763 18.0,6.288451201277162E-4 18.0,0.0020046888237278057 
19.0,1.5258192877235649E-5 19.0,4.2977250531377794E-5 19.0,6.724233334370045E-4 19.0,6.658044327815529E-4 19.0,0.001739744730263228 
20.0,8.527015367725422E-4 20.0,8.047577904141947E-4 20.0,9.426409628629918E-5 20.0,8.65601833244245E-6 20.0,2.277315532239841E-5 
21.0,8.305207621585515E-4 21.0,9.819743371131434E-4 21.0,9.474009515643596E-4 21.0,4.142748265635115E-4 21.0,5.751784740320861E-4 
22.0,1.8721447993071474E-4 22.0,3.3506481889140774E-5 22.0,1.0587516299507757E-4 22.0,5.530591202522201E-4 22.0,0.0011642657385222176 
23.0,2.4774698251394344E-4 23.0,2.819682831250249E-4 23.0,2.260701777247996E-4 23.0,2.268915438875137E-4 23.0,2.4246575818625562E-4 
24.0,4.8063394736885736E-4 24.0,4.380071660558853E-4 24.0,6.567838770286168E-4 24.0,3.1341927055952975E-4 24.0,2.3520058512204172E-4 
25.0,2.8892007457577515E-4 25.0,1.0737857308237332E-4 25.0,2.941863217716202E-4 25.0,3.044215335058942E-4 25.0,8.615160865267356E-4 
26.0,1.2675745874103102E-4 26.0,2.6350615995613183E-4 26.0,5.317740261897045E-5 26.0,3.230986111503974E-5 26.0,1.4146980405594961E-5 
27.0,2.0271540192951063E-4 27.0,2.1102257668982025E-4 27.0,2.907183310706067E-4 27.0,5.2165506187188424E-5 27.0,4.1482381514635697E-4 
28.0,2.1166875844103261E-4 28.0,1.409470082405055E-4 28.0,1.1635559332085274E-4 28.0,2.4345790575022464E-4 28.0,4.787666346282004E-4 
29.0,1.1650377745865551E-4 29.0,1.6413510715926075E-4 29.0,5.4013965190849444E-5 29.0,1.2275538011465194E-4 29.0,2.179169426518043E-4 
30.0,9.128876371295163E-5 30.0,5.8782154884231695E-5 30.0,1.48301852226291E-4 30.0,4.6811741629165804E-5 30.0,1.8827323156693664E-4 
31.0,1.1166106717786723E-4 31.0,7.93696234512173E-5 31.0,6.607661876805452E-6 31.0,1.8957590283942468E-4 31.0,3.4197046042159986E-4 
