X:Sigma Y:a0(A16A1-A1A16)aI,
0.0,0.0 0.0,0.0 
1.0,1.0139266722949726E-18 1.0,-1.5983511714688646E-19 
2.0,1.0243734119777756E-18 2.0,2.263554379379242E-19 
3.0,8.237312826335713E-17 3.0,-1.595248913299546E-17 
4.0,8.372751277019307E-18 4.0,-2.160950455035171E-18 
5.0,5.578318997948434E-17 5.0,-3.721608660351219E-18 
6.0,1.3377434152098712E-16 6.0,-2.3813088997065347E-17 
7.0,1.0274029664857885E-16 7.0,-3.6042550689522936E-17 
8.0,4.150574379272372E-18 8.0,-6.928729508540177E-19 
9.0,4.8815581658665187E-17 9.0,-2.4001807937713605E-17 
10.0,6.631590350643368E-17 10.0,-2.2758532977733743E-17 
11.0,9.114498028929899E-17 11.0,-1.1284568205363842E-17 
12.0,6.244456765543948E-17 12.0,2.083153302273021E-17 
13.0,8.051895196599379E-17 13.0,1.1460242838624383E-17 
14.0,7.441082797675358E-17 14.0,3.170613728162297E-18 
15.0,1.2628786905111155E-16 15.0,1.1564823173178714E-17 
16.0,1.7101030516432821E-18 16.0,-3.6162659961443596E-19 
17.0,4.7187019645410915E-17 17.0,1.858203939027539E-17 
18.0,6.981098732225752E-17 18.0,-5.733961302006411E-18 
19.0,1.1194748831636995E-16 19.0,-6.47630097698008E-18 
20.0,7.011761324916358E-17 20.0,-1.4179105661584387E-17 
21.0,7.967649299665466E-17 21.0,-3.701675151659168E-17 
22.0,6.357626014183438E-17 22.0,5.894897561984728E-18 
23.0,9.247069978947827E-17 23.0,1.0753478547435395E-17 
24.0,3.965921196770935E-17 24.0,7.571345171190439E-18 
25.0,6.021658865984491E-17 25.0,-2.399700808434583E-18 
26.0,5.47964812992278E-17 26.0,-1.9324096720933306E-17 
27.0,1.170360105125686E-16 27.0,-3.8857805861880476E-17 
28.0,7.612273803201767E-17 28.0,5.774280070295716E-18 
29.0,7.65696890838522E-17 29.0,-3.8920034549072096E-18 
30.0,6.083537446224576E-17 30.0,-1.836920824506196E-17 
31.0,9.853229343548264E-17 31.0,9.251858538542971E-19 
