X:Sigma Y:(A16A1-A1A16).Fnorm,
0.0,0.0 
1.0,0.0 
2.0,0.0 
3.0,0.48863752127674326 
4.0,0.0 
5.0,0.6455582691286698 
6.0,0.6590850071598104 
7.0,0.7773795016965969 
8.0,0.0 
9.0,0.762717322450366 
10.0,0.8425771654008741 
11.0,1.0024112786627906 
12.0,0.8597288239490652 
13.0,0.9948221364389535 
14.0,0.9922242093837056 
15.0,1.027516533243891 
16.0,0.0 
17.0,0.8507060949515188 
18.0,0.9586522000087315 
19.0,1.1331149324308778 
20.0,1.0626947376542253 
21.0,1.2101281109783875 
22.0,1.243725839414549 
23.0,1.302475604364036 
24.0,1.095390033586495 
25.0,1.1926239882200502 
26.0,1.1822395585777377 
27.0,1.2056825423423458 
28.0,1.1390755035799651 
29.0,1.159383353481819 
30.0,1.1399708049797783 
31.0,1.12751866264266 
