x:Traj Length y:|f_k(x)-fhat_k(x)|,
0.0,0.046195604809196184 0.0,2.164607729709578E-5 0.0,3.2735852788790096E-5 0.0,4.242703856557903E-5 0.0,2.9366277701283088E-5 
1.0,8.771614289987072E-6 1.0,4.897262691002305E-5 1.0,4.242733620061152E-5 1.0,5.964024523362988E-5 1.0,3.962950901837259E-5 
2.0,1.3205798076928199E-5 2.0,4.248149137458296E-5 2.0,5.8946359591993234E-5 2.0,6.723813739875575E-5 2.0,4.6129422491180704E-5 
3.0,1.7681891258453076E-5 3.0,5.7175271053385575E-5 3.0,5.851426401261256E-5 3.0,7.069399879928099E-5 3.0,5.9160504936735296E-5 
4.0,1.1833297783813624E-5 4.0,3.954292626643274E-5 4.0,4.61253470526988E-5 4.0,5.8319866747429934E-5 4.0,6.177307280257996E-5 
5.0,1.5836186192803656E-5 5.0,5.80080857563394E-5 5.0,5.4756411050738744E-5 5.0,6.147962685749087E-5 5.0,6.290347204036273E-5 
6.0,1.885566749691377E-5 6.0,5.48329008983219E-5 6.0,6.858352033298758E-5 6.0,7.199937328348608E-5 6.0,6.648500276131938E-5 
7.0,2.449749486449286E-5 7.0,6.654033466084934E-5 7.0,6.847442389227959E-5 7.0,8.522837810477799E-5 7.0,7.486828750876017E-5 
8.0,1.0455110160339805E-5 8.0,3.8468331352288535E-5 8.0,4.658724074840532E-5 8.0,5.589875021950697E-5 8.0,5.784980586726344E-5 
9.0,1.527656049712842E-5 9.0,6.228913178487907E-5 9.0,5.916939318405633E-5 9.0,7.451554715684438E-5 9.0,0.01621690768862109 
