x:Traj Length y:Probability,
0.0,0.013153859836668925 0.0,2.1398648440946167E-4 0.0,3.054036277983262E-4 0.0,0.018555435880977467 0.0,0.006851379644749745 
1.0,8.565722485849497E-5 1.0,6.780084439655556E-4 1.0,0.01856988572890127 1.0,0.004925776769106994 1.0,0.02191215412252582 
2.0,1.2183697132697277E-4 2.0,0.01847324532268691 2.0,0.004961349020528031 2.0,0.01574283764521793 2.0,0.01595261523289821 
3.0,0.00807153570807329 3.0,0.004905211463758999 3.0,0.015718865662168832 3.0,0.011454103802887815 3.0,0.005392353082524193 
4.0,0.0019650939449495867 4.0,0.015761614576693297 4.0,0.011411459333331419 4.0,0.0038410089525830753 4.0,0.01810994555781875 
5.0,0.006648777119711042 5.0,0.011597770184617726 5.0,0.004119209785262623 5.0,0.011943491181506087 5.0,0.009223322408003557 
6.0,0.0045669295591355 6.0,0.004118352373825188 6.0,0.01209095216180139 6.0,0.007026543520281551 6.0,0.010804800038927453 
7.0,0.0015277390017582214 7.0,0.011885464956413428 7.0,0.006725166928735735 7.0,0.007506183475869702 7.0,0.009260545971195614 
8.0,0.0054218681355001725 8.0,0.006538564036542515 8.0,0.008217691390611782 8.0,0.0074125148466164265 8.0,0.005645531567800073 
9.0,0.002605138793375419 9.0,0.008082637079229394 9.0,0.007083547160132198 9.0,0.004046233713020933 9.0,0.009134254672477912 
