x:Traj Length y:fhat_k(x),
0.0,0.5439970699361646 
1.0,1.1144711895730857E-4 
2.0,-3.689582585497503E-4 
3.0,4.071897076161565E-4 
4.0,-4.058363971262922E-4 
5.0,-4.957437099443927E-5 
6.0,-1.7498926915138685E-4 
7.0,9.656693065484656E-4 
8.0,-1.0175642131282202E-4 
9.0,-8.194790722161246E-4 
10.0,-1.9577668981683152E-4 
11.0,-1.4365887468715464E-4 
12.0,1.126704734126688E-4 
13.0,0.0014922397326630748 
14.0,0.0013568421401300415 
15.0,0.0296850807202653 
16.0,0.04435429240991427 
17.0,-4.331195505145331E-4 
18.0,0.04653074765951268 
19.0,0.04698350752935122 
20.0,0.03271152162858943 
21.0,0.011509402675632028 
22.0,-0.0017005222688587986 
23.0,-0.0021058993795893205 
24.0,4.6990662958949986E-4 
25.0,0.0030548186300564466 
26.0,0.0018409597885831017 
27.0,-0.002559513001659062 
28.0,0.013760148817624718 
29.0,0.015017345770275801 
30.0,0.014978805668345613 
31.0,-8.454510325492135E-5 
32.0,0.01632415055437401 
33.0,-0.001389034280948054 
34.0,0.0258696780926859 
35.0,0.015187292429800716 
36.0,0.010697546114739795 
37.0,0.014714704718569012 
38.0,0.02822752679703126 
39.0,0.003116862853483623 
40.0,0.004631479988656899 
41.0,0.0055737227734727075 
42.0,5.727670705231707E-4 
43.0,-0.0031765323991563756 
44.0,0.0028546919115888265 
45.0,0.0014974869101823714 
46.0,0.0017761436852462148 
47.0,-0.0023584431169410424 
48.0,0.01229036250320303 
49.0,8.143446733378902E-4 
