x:Traj Length y:f_k(x),
0.0,0.6000000000000092 
1.0,-3.987674366279605E-17 
2.0,-2.03568961514557E-16 
3.0,-7.026489999184506E-17 
4.0,-1.626662275382237E-16 
5.0,-2.443970879079701E-16 
6.0,-2.3013234892239305E-16 
7.0,-1.6910509606111844E-16 
8.0,-1.7501737179035672E-16 
9.0,1.3278817726462505E-16 
10.0,-2.0264185873766597E-16 
11.0,1.0925469593987085E-16 
12.0,2.572256804918936E-16 
13.0,0.04550400738211846 
14.0,0.025027204060165554 
15.0,0.07235137173756784 
16.0,0.040532694575621704 
17.0,0.012929110497490277 
18.0,0.0029930687455658085 
19.0,5.588873286685601E-4 
20.0,8.920235887134722E-5 
21.0,1.2616835691987378E-5 
22.0,1.6203744175602338E-6 
23.0,1.9226552277955883E-7 
24.0,2.1349981525593304E-8 
25.0,0.008603664378508341 
26.0,0.008603662361792568 
27.0,0.01677714119017914 
28.0,0.019447144320799515 
29.0,0.01321180150328674 
30.0,0.013229340426879213 
31.0,0.010661165203026549 
32.0,0.005923280372145551 
33.0,0.002446429334093431 
34.0,8.06231390862464E-4 
35.0,2.2272691217635964E-4 
36.0,5.3379181908418184E-5 
37.0,0.0016381113856678794 
38.0,0.0023609625922821117 
39.0,0.004087563167474793 
40.0,0.0062508645464721515 
41.0,0.006035816863655196 
42.0,0.00666255857657258 
43.0,0.006921964244102943 
44.0,0.005465334635348522 
45.0,0.004042206980425396 
46.0,0.0029380673669814534 
47.0,0.0018890401714804401 
48.0,0.0010137677824555511 
49.0,7.617566186950506E-4 
