X: Data, Y:Min_over_#states,
50.0,28.0 50.0,28.0 50.0,28.0 50.0,28.0 50.0,28.0 50.0,28.0 
70.0,28.0 70.0,28.0 70.0,28.0 70.0,28.0 70.0,28.0 70.0,28.0 
100.0,28.0 100.0,28.0 100.0,28.0 100.0,28.0 100.0,28.0 100.0,28.0 
150.0,28.0 150.0,28.0 150.0,28.0 150.0,28.0 150.0,28.0 150.0,28.0 
200.0,28.0 200.0,28.0 200.0,28.0 200.0,28.0 200.0,28.0 200.0,28.0 
500.0,28.0 500.0,28.0 500.0,28.0 500.0,28.0 500.0,28.0 500.0,28.0 
1000.0,28.0 1000.0,28.0 1000.0,28.0 1000.0,28.0 1000.0,28.0 1000.0,28.0 
2000.0,28.0 2000.0,28.0 2000.0,28.0 2000.0,28.0 2000.0,28.0 2000.0,28.0 
4000.0,28.0 4000.0,28.0 4000.0,28.0 4000.0,28.0 4000.0,28.0 4000.0,28.0 
