X: ModelSize Y:Error,
1.0,0.28184790535116083 1.0,0.2814759640427721 1.0,0.3103458537704562 1.0,0.3102011293748374 1.0,0.2721989971020476 1.0,0.3690502403667898 1.0,0.2723899741424839 1.0,0.30883694957296126 1.0,0.27017222775048905 1.0,0.3292032552221581 
2.0,0.41916049911451214 2.0,0.41836465161892394 2.0,0.4113286842070646 2.0,0.434174976710045 2.0,0.4133420231328263 2.0,0.5131937732680049 2.0,0.3674671206539741 2.0,0.45028878116417076 2.0,0.3631144713369106 2.0,0.49552148698492454 
3.0,0.45440055023417214 3.0,0.44984085394867224 3.0,0.430007310016253 3.0,0.4598147445139114 3.0,0.43949984136365317 3.0,0.5558317057874921 3.0,0.3859815801227337 3.0,0.4919389087127727 3.0,0.38733776778748724 3.0,0.5326269057037019 
4.0,0.42094040812328765 4.0,0.4247229941208266 4.0,0.4547053304245023 4.0,0.44280589968936984 4.0,0.4514639650521782 4.0,0.5801259422408283 4.0,0.44456383753270295 4.0,0.489949724726321 4.0,0.4370696339170706 4.0,0.4978694526732852 
5.0,0.373514611263591 5.0,0.3655609395636889 5.0,0.44030922935887346 5.0,0.3675047036640716 5.0,0.35618023317516295 5.0,0.4739378778893422 5.0,0.3423440989088923 5.0,0.4503083483811139 5.0,0.3479538065273064 5.0,0.4263244031518988 
6.0,0.40958749285629825 6.0,0.39107636428697656 6.0,0.4434529118086408 6.0,0.38564282222288115 6.0,0.34950249979520975 6.0,0.4636282355272767 6.0,0.36610785212578084 6.0,0.4659758891076796 6.0,0.3815421033733848 6.0,0.4622693473045849 
7.0,0.40322460110803593 7.0,0.3783181154282722 7.0,0.43774769951218195 7.0,0.40752413388667447 7.0,0.38317153300021645 7.0,0.5458535787105272 7.0,0.38817930398998507 7.0,0.47792644541723733 7.0,0.3901665657475664 7.0,0.4716145080600412 
8.0,0.39325948484977397 8.0,0.3787780241417159 8.0,0.4459940283179318 8.0,0.4097157277778065 8.0,0.4246829922391798 8.0,0.5194337234040839 8.0,0.3905017482509927 8.0,0.46523818158782954 8.0,0.4172050016053358 8.0,0.47486157138033125 
9.0,0.41882249336395094 9.0,0.36985099037974356 9.0,0.46158141547814613 9.0,0.4046143529333838 9.0,0.40996800869199346 9.0,0.5402008151990869 9.0,0.4176022124601671 9.0,0.4665696210816274 9.0,0.4075121792978111 9.0,0.3930333606530945 
10.0,0.3880595004670302 10.0,0.37839681803607733 10.0,0.4632334953202828 10.0,0.41020324972888167 10.0,0.42485102630020627 10.0,0.5254762971321493 10.0,0.412467034294111 10.0,0.44512666142663343 10.0,0.40520864158472125 10.0,0.43123031852853383 
11.0,0.40854616427050705 11.0,0.3450370056561532 11.0,0.4290631102800586 11.0,0.3782520085406536 11.0,0.4051093879792588 11.0,0.5162709378075832 11.0,0.4008479532755005 11.0,0.46304787933778213 11.0,0.3536760791698632 11.0,0.4503086041397836 
12.0,0.3890880139480657 12.0,0.3732541104230438 12.0,0.42153467614107076 12.0,0.408435266411454 12.0,0.40678306207670323 12.0,0.5477923976494574 12.0,0.3514656924127066 12.0,0.4622161519833123 12.0,0.3413666955437471 12.0,0.4357353316709393 
13.0,0.33695136622010785 13.0,0.3390632266727478 13.0,0.4656994224693819 13.0,0.39216630675901143 13.0,0.3796748683251512 13.0,0.5745871673451399 13.0,0.32496341315970473 13.0,0.4373843368564643 13.0,0.366932910912533 13.0,0.46665608846933654 
14.0,0.3536936506627317 14.0,0.3188327927906101 14.0,0.43200667055229547 14.0,0.3948137736229792 14.0,0.4007550841745597 14.0,0.535349876763654 14.0,0.3157576929585053 14.0,0.3676182723611384 14.0,0.34363779205740347 14.0,0.4031457396499295 
15.0,0.2791719256817773 15.0,0.2533278822920009 15.0,0.3066731127081468 15.0,0.2407993927373362 15.0,0.22838885441323417 15.0,0.43396131858244297 15.0,0.22837658744506553 15.0,0.25132224219857574 15.0,0.22763441176338178 15.0,0.3008179257856053 
16.0,0.2748323221595503 16.0,0.2517367984420214 16.0,0.29733437114154593 16.0,0.2404706381929327 16.0,0.21289452883537796 16.0,0.4345029833681191 16.0,0.23951491170437159 16.0,0.2420377610461752 16.0,0.22407234988517258 16.0,0.29749022137140113 
17.0,0.22105797368392743 17.0,0.20598988463274237 17.0,0.24455113842855597 17.0,0.22660964431469244 17.0,0.19543992634449048 17.0,0.3667265777684092 17.0,0.2338778183876022 17.0,0.1959627779596504 17.0,0.20289115774063696 17.0,0.2539637714672937 
18.0,0.18522743284560025 18.0,0.2193714017637166 18.0,0.2320055850541598 18.0,0.24467609809088126 18.0,0.23628977898399284 18.0,0.3776718319783218 18.0,0.20129626158712474 18.0,0.17650847657674457 18.0,0.1753028806784669 18.0,0.2503783929304036 
19.0,0.14132800709922907 19.0,0.2175999226236911 19.0,0.1858711865228772 19.0,0.21134811699824624 19.0,0.11409418062353431 19.0,0.2499871880941715 19.0,0.09781202900851713 19.0,0.12932028976922327 19.0,0.05425821712997401 19.0,0.15591320846376824 
20.0,0.1220930566712663 20.0,0.20051955356273438 20.0,0.19239982097734742 20.0,0.207864532116997 20.0,0.10982528062559725 20.0,0.2552128763612948 20.0,0.09463296593856758 20.0,0.13679441370911358 20.0,0.05634346357510757 20.0,0.15546318997434924 
21.0,0.1286021472442258 21.0,0.1244279282263169 21.0,0.1877173817150522 21.0,0.1973274649014401 21.0,0.10821561529280097 21.0,0.2556899702065568 21.0,0.1051944656143832 21.0,0.14149283898897624 21.0,0.06811028536089878 21.0,0.15441702469611945 
22.0,0.12156767829013136 22.0,0.12321767251589691 22.0,0.18113932983199155 22.0,0.1906266424363674 22.0,0.11303391965837731 22.0,0.2535194367755199 22.0,0.08843338847183102 22.0,0.13909733656002896 22.0,0.07209425906092418 22.0,0.15532945302482887 
23.0,0.1240390190154603 23.0,0.12844319611876948 23.0,0.18379384451575087 23.0,0.20420639512077232 23.0,0.10972999710342884 23.0,0.24915079581418773 23.0,0.09019090906651583 23.0,0.13933714626474708 23.0,0.08149073763341871 23.0,0.14992981129644795 
24.0,0.11874430886467188 24.0,0.12908138131511532 24.0,0.18221945247648402 24.0,0.19971060632123605 24.0,0.10952134366038276 24.0,0.24917856996234947 24.0,0.08811108211104375 24.0,0.14540624258421403 24.0,0.08122918293145638 24.0,0.1498631654209824 
25.0,0.11966390230515131 25.0,0.12588011277350314 25.0,0.1516999588623561 25.0,0.21668930416608048 25.0,0.1091949911769435 25.0,0.2495676220048529 25.0,0.08977375363685906 25.0,0.14244144689890004 25.0,0.08158388540179184 25.0,0.14735901250860473 
26.0,0.11998617493607097 26.0,0.1300719395634242 26.0,0.1487430979977457 26.0,0.219130095110784 26.0,0.10791937604160137 26.0,0.2511204034446484 26.0,0.0905091183294309 26.0,0.1435228312157982 26.0,0.07945833318946517 26.0,0.14508281466970138 
27.0,0.11962975127520596 27.0,0.1307187540688586 27.0,0.14997432166702282 27.0,0.21208268494591476 27.0,0.10743439573796727 27.0,0.2414622966389069 27.0,0.08872728686528966 27.0,0.12012184330988102 27.0,0.07911415731448412 27.0,0.14784081226684512 
28.0,0.11656882006686017 28.0,0.13415714969666875 28.0,0.1488320990991831 28.0,0.2075112799720301 28.0,0.11077227848936538 28.0,0.24283799744715848 28.0,0.08733692056213212 28.0,0.1211462834054047 28.0,0.07872895255782304 28.0,0.1461438159480377 
29.0,0.10613144132972271 29.0,0.11656635312840535 29.0,0.1431641868943701 29.0,0.19237963223272775 29.0,0.11185163254204769 29.0,0.23629485127672545 29.0,0.0839079636564902 29.0,0.12554496320791003 29.0,0.08047334965059866 29.0,0.14588495064349924 
30.0,0.10455731887112607 30.0,0.1165787372752202 30.0,0.13975407909488588 30.0,0.19215382000922696 30.0,0.11123746806340365 30.0,0.23759792582081554 30.0,0.08404110070627106 30.0,0.11558186194613715 30.0,0.07303791040791187 30.0,0.1456834302195612 
