X:Sigma Y:(A16A1-A1A16).Fnorm,
0.0,0.0 
1.0,0.0 
2.0,0.0 
3.0,0.871325485702005 
4.0,0.0 
5.0,1.2082074007508439 
6.0,1.3150506489399316 
7.0,1.5630087248096647 
8.0,0.0 
9.0,1.46726537099244 
10.0,1.734219920915448 
11.0,2.0843468861273875 
12.0,1.8988696350970262 
13.0,2.2180848311279004 
14.0,2.321312050463034 
15.0,2.49111717238964 
16.0,0.0 
17.0,1.7780190525562514 
18.0,2.1943213845582226 
19.0,2.575942683532565 
20.0,2.7112310846197496 
21.0,2.9741230750649352 
22.0,3.159824530405221 
23.0,3.3573873208861325 
24.0,3.1101452126152695 
25.0,3.2952339099968015 
26.0,3.436228642085536 
27.0,3.6037432593536676 
28.0,3.6523952735500207 
29.0,3.799351342361737 
30.0,3.9993358139809168 
31.0,4.178783422964921 
32.0,0.0 
33.0,1.7381627381974096 
34.0,2.1508875119095885 
35.0,2.4545832683190456 
36.0,2.713753261199023 
37.0,2.9097142469971673 
38.0,3.0992888236816722 
39.0,3.2282326843344387 
40.0,3.5182618464916637 
41.0,3.5398297461905632 
42.0,3.664468468710999 
43.0,3.7051960562758883 
44.0,3.885025480816748 
45.0,3.9187073152313037 
46.0,4.072015971797729 
47.0,4.146061222764392 
48.0,4.004175402583051 
49.0,3.8635920487124915 
50.0,3.9225983207815562 
51.0,3.904019961745188 
52.0,4.102927990541463 
53.0,4.08031447902216 
54.0,4.226206512594385 
55.0,4.290696420760516 
56.0,4.630414841178676 
57.0,4.5598559471233875 
58.0,4.701335458953788 
59.0,4.735986009172631 
60.0,5.024475842427978 
61.0,5.0485633096011435 
62.0,5.362082619427568 
63.0,5.515530065482208 
