Sigma^x,Error
0.0,0.0 0.0,0.0 
1.0,0.0 1.0,0.0 
2.0,0.0 2.0,0.0 
3.0,1.4039604167851405E-7 3.0,1.4039604167851405E-7 
4.0,0.0 4.0,0.0 
5.0,-3.2662508683370745E-8 5.0,3.2662508683370745E-8 
6.0,-9.382942178747314E-8 6.0,9.382942178747314E-8 
7.0,1.3449979857013683E-8 7.0,1.3449979857013683E-8 
8.0,0.0 8.0,0.0 
9.0,-1.6956596230368637E-7 9.0,1.6956596230368637E-7 
10.0,-1.7080132388536638E-7 10.0,1.7080132388536638E-7 
11.0,-1.4668041108151143E-7 11.0,1.4668041108151143E-7 
12.0,-7.35880894485062E-8 12.0,7.35880894485062E-8 
13.0,-9.163255443155916E-8 13.0,9.163255443155916E-8 
14.0,-1.3472851564936238E-7 14.0,1.3472851564936238E-7 
15.0,-4.9839263352391416E-8 15.0,4.9839263352391416E-8 
16.0,0.0 16.0,0.0 
17.0,5.0014865972084976E-8 17.0,5.0014865972084976E-8 
18.0,-2.2120898195862777E-8 18.0,2.2120898195862777E-8 
19.0,8.381866862293765E-8 19.0,8.381866862293765E-8 
20.0,3.857224120851991E-8 20.0,3.857224120851991E-8 
21.0,1.7593045283792984E-8 21.0,1.7593045283792984E-8 
22.0,-1.6817667738542977E-8 22.0,1.6817667738542977E-8 
23.0,4.183243883935927E-8 23.0,4.183243883935927E-8 
24.0,8.75634139296819E-8 24.0,8.75634139296819E-8 
25.0,-3.81398824186828E-8 25.0,3.81398824186828E-8 
26.0,-3.6451427172959174E-9 26.0,3.6451427172959174E-9 
27.0,-7.260180957946363E-9 27.0,7.260180957946363E-9 
28.0,1.3114175560518213E-8 28.0,1.3114175560518213E-8 
29.0,1.4797615376367472E-9 29.0,1.4797615376367472E-9 
30.0,-2.580249591011257E-8 30.0,2.580249591011257E-8 
31.0,2.0580844398959686E-8 31.0,2.0580844398959686E-8 
32.0,0.0 32.0,0.0 
33.0,-1.1538703883981396E-7 33.0,1.1538703883981396E-7 
34.0,-9.658200153152101E-8 34.0,9.658200153152101E-8 
35.0,-1.1072455210165734E-7 35.0,1.1072455210165734E-7 
36.0,-5.4646046859326955E-8 36.0,5.4646046859326955E-8 
37.0,-5.981620505866696E-8 37.0,5.981620505866696E-8 
38.0,-7.640756160925011E-8 38.0,7.640756160925011E-8 
39.0,-4.1259411183845306E-8 39.0,4.1259411183845306E-8 
40.0,-2.3727442186526406E-8 40.0,2.3727442186526406E-8 
41.0,-1.1830946751231232E-8 41.0,1.1830946751231232E-8 
42.0,-2.1339625641882478E-8 42.0,2.1339625641882478E-8 
43.0,1.6561474061314082E-8 43.0,1.6561474061314082E-8 
44.0,-1.3173134146147319E-8 44.0,1.3173134146147319E-8 
45.0,-2.0235368112997508E-8 45.0,2.0235368112997508E-8 
46.0,-3.318815006342021E-8 46.0,3.318815006342021E-8 
47.0,-8.856911261778721E-9 47.0,8.856911261778721E-9 
48.0,-5.258695838532409E-8 48.0,5.258695838532409E-8 
49.0,-5.752015982981424E-8 49.0,5.752015982981424E-8 
50.0,-7.349321450564371E-8 50.0,7.349321450564371E-8 
51.0,-5.062270127774394E-8 51.0,5.062270127774394E-8 
52.0,-4.401853859861932E-8 52.0,4.401853859861932E-8 
53.0,-4.7743946825456196E-8 53.0,4.7743946825456196E-8 
54.0,-5.599044037461385E-8 54.0,5.599044037461385E-8 
55.0,-3.631003510456109E-8 55.0,3.631003510456109E-8 
56.0,-1.783373120742542E-8 56.0,1.783373120742542E-8 
57.0,-4.2115230402045655E-8 57.0,4.2115230402045655E-8 
58.0,-3.20661591634941E-8 58.0,3.20661591634941E-8 
59.0,-2.5975940504281573E-8 59.0,2.5975940504281573E-8 
60.0,-2.8375970780941715E-8 60.0,2.8375970780941715E-8 
61.0,-3.0909508052883806E-8 61.0,3.0909508052883806E-8 
62.0,-3.778503895306596E-8 62.0,3.778503895306596E-8 
63.0,-2.2941092479192988E-8 63.0,2.2941092479192988E-8 
