X:Sigma Y:a0(A16A1-A1A16)aI,
0.0,0.0 0.0,0.0 
1.0,0.0 1.0,0.0 
2.0,0.0 2.0,0.0 
3.0,5.309967675804541E-17 3.0,8.845893499668118E-19 
4.0,0.0 4.0,0.0 
5.0,7.335887067290324E-17 5.0,-1.2825726350296135E-17 
6.0,1.095373791670795E-16 6.0,-1.3503087537003466E-17 
7.0,8.517744721180483E-17 7.0,-2.6780023387641282E-17 
8.0,0.0 8.0,0.0 
9.0,5.9418249347076E-17 9.0,2.3170734624411375E-17 
10.0,4.376360385194289E-17 10.0,3.552713678800501E-18 
11.0,9.606576071134314E-17 11.0,3.9692706462169395E-17 
12.0,3.810146642635459E-17 12.0,6.5572547391923305E-18 
13.0,1.3875149549770264E-16 13.0,8.831459072054064E-17 
14.0,4.782285678572862E-17 14.0,4.510281037539699E-19 
15.0,1.5212408121608036E-16 15.0,6.968056252068704E-17 
16.0,0.0 16.0,0.0 
17.0,4.571143530140096E-17 17.0,1.194072696997131E-17 
18.0,2.5022518779227454E-17 18.0,3.0444397003392963E-19 
19.0,4.9152459909932807E-17 19.0,2.4052558146371813E-17 
20.0,1.9871257417314325E-17 20.0,1.2715523078909996E-18 
21.0,9.284882223883511E-17 21.0,-6.855645197170544E-17 
22.0,2.4375466922688106E-17 22.0,-1.3140530330524313E-18 
23.0,1.5474451750929424E-16 23.0,4.524978430137523E-17 
24.0,1.8893740738601396E-17 24.0,4.518954654919583E-19 
25.0,8.641621054114362E-17 25.0,2.1382083400528126E-17 
26.0,2.1932325747209268E-17 26.0,-1.0570971181733668E-18 
27.0,2.1987443059020788E-16 27.0,-1.1590920471232517E-16 
28.0,1.8910654292492167E-17 28.0,1.799341925456943E-18 
29.0,1.92890922485867E-16 29.0,1.5479857628982055E-16 
30.0,1.7308989528133646E-17 30.0,-2.184965533155725E-18 
31.0,1.2428074591789645E-16 31.0,2.5573469510420657E-17 
32.0,0.0 32.0,0.0 
33.0,1.3831522630765398E-17 33.0,-4.270632731275763E-18 
34.0,8.09767563333258E-18 34.0,2.386464506912156E-19 
35.0,1.9306044233113484E-17 35.0,-5.7370870970816645E-18 
36.0,7.422329488223148E-18 36.0,4.346735916083838E-19 
37.0,2.3852532788594253E-17 37.0,1.2520684997858028E-17 
38.0,8.094446743737647E-18 38.0,-2.328967910452534E-19 
39.0,5.167512372571766E-17 39.0,-2.837848178788738E-17 
40.0,6.85342489139748E-18 40.0,6.705722674187065E-19 
41.0,3.3520093807768224E-17 41.0,-1.586062708364003E-18 
42.0,7.313163881981014E-18 42.0,-2.3549887625921863E-19 
43.0,1.0885496066075622E-16 43.0,5.131722313305743E-17 
44.0,6.177653535748527E-18 44.0,-4.9468926405314E-19 
45.0,1.1210491627433635E-16 45.0,-9.932028198544704E-17 
46.0,5.205908539538187E-18 46.0,4.601760595843163E-20 
47.0,5.839713033549053E-17 47.0,1.8590812112147426E-17 
48.0,4.383983766422872E-18 48.0,-2.6190216377455604E-19 
49.0,2.0319424001842863E-17 49.0,-9.115908528281287E-18 
50.0,4.06588054308152E-18 50.0,-5.76181456875529E-20 
51.0,1.7939695814649432E-17 51.0,-9.32260191560326E-18 
52.0,3.1329639606897908E-18 52.0,2.4651199863941904E-20 
53.0,2.817982750938744E-17 53.0,-1.6470619362599335E-18 
54.0,3.025577547153364E-18 54.0,-1.0328508000582125E-19 
55.0,3.2165120560514286E-17 55.0,2.7366541371307146E-17 
56.0,2.409472039341951E-18 56.0,-3.4700949321582635E-19 
57.0,3.6813600274931966E-17 57.0,-2.966196639886048E-17 
58.0,2.3838209170837752E-18 58.0,2.42411512141761E-19 
59.0,4.154672072648393E-17 59.0,3.540458349778161E-17 
60.0,1.7489650644354674E-18 60.0,1.1764864120888605E-20 
61.0,1.0049645207268011E-17 61.0,3.726980140252273E-18 
62.0,1.7358830640815984E-18 62.0,-1.3410987950582612E-19 
63.0,1.10660398693924E-17 63.0,1.100114475433345E-19 
