X:Sigma Y:Relative a0(A16A1-A1A16)aI,
0.0,0.0 0.0,0.0 
1.0,0.0 1.0,0.0 
2.0,0.0 2.0,0.0 
3.0,1.65399107956593 3.0,-0.026994673202424803 
4.0,0.0 4.0,0.0 
5.0,-0.3632106737100666 5.0,-0.020538687488382328 
6.0,8.667511153248592E-16 6.0,2.986499936241669E-17 
7.0,-0.39684657028556797 7.0,0.0018467132504134032 
8.0,0.0 8.0,0.0 
9.0,-2.7217618855367607 9.0,0.22787179583100114 
10.0,1.4127587988355077E-15 10.0,1.5643042416968412E-16 
11.0,-2.927358561107392 11.0,0.3899292199030799 
12.0,1.1642908859244007E-15 12.0,1.2556622408510508E-16 
13.0,-1.2302683701666373 13.0,-0.11013892135572759 
14.0,1.1956657886003067E-15 14.0,1.270095140171177E-16 
15.0,-1.5238169378385458 15.0,0.4229162268327059 
16.0,0.0 16.0,0.0 
17.0,-1.1337047359448849 17.0,0.04786800045568388 
18.0,1.3459357085644596E-15 18.0,8.176175785795027E-17 
19.0,-1.4419490896923095 19.0,0.1836174202188702 
20.0,1.1985967773853166E-15 20.0,1.1215719710991003E-16 
21.0,-4.533985819092299 21.0,-0.9352519327345591 
22.0,1.7174920489635694E-15 22.0,1.324917187456115E-16 
23.0,-12.63102311804347 23.0,-0.6952994213352421 
24.0,1.443259305170642E-15 24.0,-3.9079850466805434E-17 
25.0,-6.017788936961442 25.0,-0.9879292295257501 
26.0,2.8189143327276312E-15 26.0,-5.82918328990881E-17 
27.0,-5.834268703352485 27.0,1.9898302579797467 
28.0,2.323584060202562E-15 28.0,1.399222618112194E-16 
29.0,-23.765170822283196 29.0,7.9796934828353265 
30.0,3.5221034192309324E-15 30.0,1.6865575848117779E-16 
31.0,88.0085323312781 31.0,-23.388354467451215 
32.0,0.0 32.0,0.0 
33.0,-2.013409767658758 33.0,0.1727612051071038 
34.0,2.488227814769854E-15 34.0,1.0226639389188901E-16 
35.0,-3.4528418977356963 35.0,-0.7719292180934885 
36.0,2.349136254630782E-15 36.0,1.8419229356663184E-16 
37.0,-22.680704235147882 37.0,7.44288339613635 
38.0,3.494813975647414E-15 38.0,5.575358963251488E-17 
39.0,395.306867629049 39.0,197.3445411127206 
40.0,3.268278542412305E-15 40.0,-1.7312998912420689E-16 
41.0,-14.244740754846703 41.0,1.0669524014781955 
42.0,5.4968251793170925E-15 42.0,1.452625812209531E-16 
43.0,-12.52071434411784 43.0,-0.792893792239599 
44.0,4.369777177712609E-15 44.0,1.5045845529980483E-16 
45.0,-99.02766597231158 45.0,24.03792567046919 
46.0,6.26399083406287E-15 46.0,4.1708830500723923E-16 
47.0,45.68329094008385 47.0,1.1468360876110921 
48.0,5.3486846436078285E-15 48.0,-7.085063272078809E-16 
49.0,-17.438112574144885 49.0,3.0195862323980913 
50.0,7.28144909184077E-15 50.0,2.931624611260613E-16 
51.0,-14.724732712815426 51.0,0.6613956424968259 
52.0,5.393628506210228E-15 52.0,4.0864470286997065E-16 
53.0,-57.75494129718433 53.0,3.7412324084553585 
54.0,8.434500685415947E-15 54.0,-3.93940081931718E-16 
55.0,352.2035583452394 55.0,138.49116468292337 
56.0,6.478192434607804E-15 56.0,-5.605614306103615E-16 
57.0,-27.997290361732972 57.0,-0.24276623166394423 
58.0,9.06713840418169E-15 58.0,-9.486324849845972E-16 
59.0,-30.53247440394543 59.0,5.544388149082503 
60.0,7.497500494657547E-15 60.0,-6.372339851972876E-16 
61.0,-282.950968492421 61.0,27.11347274839614 
62.0,1.1570136743831807E-14 62.0,1.054166594189262E-15 
63.0,70.86150147630309 63.0,-17.721502500535223 
