X:Sigma Y:error,
0.0,-5.277240370734393E-5 0.0,-5.277240370734393E-5 
1.0,8.306175961297079E-17 1.0,8.306175961297079E-17 
2.0,1.3652603521374028E-5 2.0,9.811281825331203E-6 
3.0,2.773621558490625E-17 3.0,2.795087117084718E-17 
4.0,-8.122363660200414E-5 4.0,-1.1111304978057978E-4 
5.0,-1.6146285545632706E-16 5.0,-1.670881151020994E-16 
6.0,-9.74298246132089E-5 6.0,-1.0608276959276712E-4 
7.0,-1.227634469683789E-16 7.0,-1.3539867931218146E-16 
8.0,-2.65259339671602E-4 8.0,-4.6069106165689226E-4 
9.0,-2.723037322761584E-17 9.0,-1.6843828681100264E-17 
10.0,2.723967062029213E-4 10.0,3.838023028514194E-4 
11.0,-3.889862875451603E-17 11.0,-1.919966467842981E-17 
12.0,1.4004659740141846E-4 12.0,3.3517296008406933E-4 
13.0,-9.57622483427775E-17 13.0,-4.944783377420182E-17 
14.0,-1.949056287695583E-4 14.0,-2.452141485317182E-4 
15.0,-8.333092533737184E-17 15.0,-4.339789687410815E-17 
16.0,1.5738240076820865E-4 16.0,8.5681682420851E-4 
17.0,-2.456517048070327E-17 17.0,-3.0261931314214046E-18 
18.0,1.1637191947554369E-4 18.0,-5.940354894590346E-4 
19.0,-2.7103736543372768E-17 19.0,-2.5991151129793018E-17 
20.0,2.458887227845404E-4 20.0,3.21895558908812E-4 
21.0,2.8182049900391597E-17 21.0,-1.1171793490789516E-17 
22.0,-1.415933199385086E-4 22.0,-2.7819967547766347E-4 
23.0,-2.3852209998777538E-17 23.0,4.608194939196259E-18 
24.0,-1.0669869237783544E-5 24.0,2.790553879610713E-4 
25.0,-2.5418078702249096E-17 25.0,-1.2505419702583855E-17 
26.0,-1.094431583078358E-4 26.0,-3.2380489141513134E-4 
27.0,4.47563476874757E-17 27.0,-6.324431466651393E-18 
28.0,5.3411417470714526E-5 28.0,7.58044169845479E-5 
29.0,-7.039305042290367E-17 29.0,-5.0099115776782455E-18 
30.0,-1.1340473134350537E-4 30.0,-1.4826119080305918E-4 
31.0,-1.6149460813798934E-17 31.0,3.7901089517071924E-18 
32.0,6.174932472345632E-5 32.0,4.344031823868282E-6 
33.0,-1.3065881470585256E-18 33.0,-7.55430006212299E-18 
34.0,1.388802785359467E-5 34.0,-9.535045087411255E-5 
35.0,-9.016453116362216E-19 35.0,-4.1243643717501135E-19 
36.0,1.09167961439105E-5 36.0,-7.78082735873555E-5 
37.0,-6.249147714143525E-18 37.0,-3.3833906094063116E-18 
38.0,-4.004571120617373E-5 38.0,-1.7165198529909942E-5 
39.0,1.45532323388369E-17 39.0,2.5758195279353476E-18 
40.0,3.5979611272206163E-6 40.0,-1.2485162907480097E-4 
41.0,-4.392873262097388E-19 41.0,-3.749029101866557E-18 
42.0,1.1526245253880907E-5 42.0,1.1870913667589836E-5 
43.0,-2.6901268701978638E-17 43.0,9.977106587758496E-19 
44.0,2.4284082885602753E-5 44.0,-1.3678683099964888E-4 
45.0,4.643145754019659E-17 45.0,-1.6061860734648601E-18 
46.0,6.753216238864232E-6 46.0,3.286070407317449E-5 
47.0,-9.367967211570056E-18 47.0,1.9818463660140065E-18 
48.0,1.426197264200761E-5 48.0,-1.308626888131133E-4 
49.0,5.503176902991883E-18 49.0,-1.3497398785802296E-18 
50.0,1.6276743090079945E-5 50.0,4.384879097217084E-5 
51.0,3.767276997232853E-18 51.0,9.65511645970413E-19 
52.0,-7.058146941794433E-6 52.0,-1.2573566346973716E-4 
53.0,3.2432864276734003E-19 53.0,-5.832905255590761E-19 
54.0,3.932533577598403E-6 54.0,5.3457954843664836E-5 
55.0,-1.2471849216426058E-17 55.0,1.1059767085024995E-18 
56.0,-1.4241246315268618E-5 56.0,-1.230741512622036E-4 
57.0,1.6386990399582253E-17 57.0,-5.704527303850828E-19 
58.0,1.8220110611913605E-5 58.0,5.956259207010252E-5 
59.0,-1.7277670043598097E-17 59.0,7.312482698152314E-19 
60.0,-2.4379713224736952E-5 60.0,-1.1565196138129918E-4 
61.0,-2.679867441036043E-18 61.0,-1.6569046543756162E-19 
62.0,3.31140439130795E-6 62.0,6.50408399563108E-5 
63.0,3.884754302063997E-19 63.0,7.976866032229897E-19 
