X:Sigma Y:|f(x)-fhat(x)|,
0.0,0.04380707706787622 0.0,0.04380707706787622 
1.0,1.382129343705904E-4 1.0,1.382129343705904E-4 
2.0,9.173879197330789E-5 2.0,3.617399665096073E-4 
3.0,2.968727715575435E-4 3.0,4.260046888011675E-4 
4.0,1.374437486376873E-4 4.0,4.3907404710755957E-4 
5.0,2.8508069722762747E-4 5.0,4.994525923237992E-4 
6.0,4.266573823587118E-4 6.0,5.131421657431736E-4 
7.0,4.270122524221242E-4 7.0,4.303263450657052E-4 
8.0,1.81865052226079E-4 8.0,4.800646235405906E-4 
9.0,3.0413535465234983E-4 9.0,6.680724604244452E-4 
10.0,3.639302699946166E-4 10.0,7.207498430567665E-4 
11.0,5.042784282649743E-4 11.0,7.169607439693438E-4 
12.0,5.879141579735466E-4 12.0,6.122028197292671E-4 
13.0,4.6387593905851637E-4 13.0,7.382217999058864E-4 
14.0,4.0896588876366505E-4 14.0,6.353912163693377E-4 
15.0,0.016198778279801863 15.0,0.016385969061820504 
16.0,0.015126352355133193 16.0,0.015432564607694698 
17.0,0.007947678574444818 17.0,0.008042336583710173 
18.0,0.0049857726827295746 18.0,0.005041174997480141 
19.0,0.017355111358987884 19.0,0.017300124274919525 
20.0,0.01278274142696388 20.0,0.012670673914019406 
21.0,0.008968360617704424 21.0,0.008912028875911105 
22.0,0.010332118559318702 22.0,0.010583379928469932 
23.0,0.001308973465185059 23.0,0.0014032184136123123 
24.0,0.0023060184192998804 24.0,0.0031553808194784475 
25.0,7.478643395093986E-4 25.0,0.0010563582297784537 
26.0,7.370111790899732E-4 26.0,0.0012758568769967388 
27.0,0.007973415384865743 27.0,0.007914548951189456 
28.0,0.009054185367960462 28.0,0.008206756927538798 
29.0,0.006744645049523711 29.0,0.006269246794895808 
30.0,0.0020501782868216248 30.0,0.0018796503510580356 
31.0,0.007379806492648744 31.0,0.006766465184806117 
32.0,0.00876950539428468 32.0,0.007996919973117293 
33.0,0.009094551164332986 33.0,0.0078408874187312 
34.0,0.007950682005025354 34.0,0.007878470150784706 
35.0,0.006332397093272156 35.0,0.006198456672196483 
36.0,0.0063647008615850915 36.0,0.00576380557177008 
37.0,0.0024888002177656196 37.0,0.0020741489012304328 
38.0,0.005934033375637926 38.0,0.005142111696462894 
39.0,0.006102764283069824 39.0,0.005815992660723183 
40.0,0.009138928421208998 40.0,0.006696144107611509 
41.0,0.005028661615401441 41.0,0.004907283420687273 
42.0,0.003669985715352443 42.0,0.00370791788670607 
43.0,0.004430628046484656 43.0,0.00356736865193495 
44.0,0.004574592374251713 44.0,0.004325096369269586 
45.0,0.005186531901662198 45.0,0.004785425075721578 
46.0,0.004941160613493933 46.0,0.004982853734942316 
47.0,0.004434716158020801 47.0,0.004382325825441183 
48.0,0.003829354997022999 48.0,0.003640308880854502 
49.0,0.0024213019918148102 49.0,0.0021642509670555935 
50.0,0.004991664309302252 50.0,0.00437519006733113 
51.0,0.004711584338292705 51.0,0.00427745864195787 
52.0,0.00611174140354581 52.0,0.004555455946385693 
53.0,0.0039654387318554364 53.0,0.003299608654644772 
54.0,0.0019332539023841644 54.0,0.002804587527061837 
55.0,0.005721239733929249 55.0,0.004680905489019554 
56.0,0.002103175581718774 56.0,0.001590283219371837 
57.0,0.0019728885217573044 57.0,0.0018694672536864127 
58.0,0.0031460399853760774 58.0,0.0034372886772348963 
59.0,0.001855043330673028 59.0,0.0018726353300655765 
60.0,0.0034404677439030737 60.0,0.0021423797260163037 
61.0,0.002197113450493031 61.0,0.0022728186315781143 
62.0,0.0021302639734377135 62.0,0.0014980307157200694 
63.0,0.0014479658982519572 63.0,0.002338399042644718 
64.0,0.004661478872250979 64.0,0.001596873505069964 
65.0,0.002926639856013578 65.0,0.0022895735348310788 
66.0,0.0035811810460848847 66.0,0.0029770187075506475 
67.0,0.002104093471131088 67.0,0.0016449096549962733 
68.0,0.0033316958287131454 68.0,0.0016201199567736806 
69.0,9.820214232650114E-4 69.0,0.001846651196940937 
70.0,0.0022878510155721283 70.0,0.001668454614409068 
71.0,0.0015199973066820091 71.0,0.0018307659140652337 
72.0,0.00513725080627741 72.0,0.0021722952337126897 
73.0,0.003141080669323101 73.0,0.0015402719074625517 
74.0,0.0017007610176414112 74.0,0.001810185341798263 
75.0,9.914637433726377E-4 75.0,0.00245468211672427 
76.0,0.0011784382117975866 76.0,0.0018002286238826093 
77.0,0.0010806035682858705 77.0,0.001488845563689141 
78.0,0.0026417106518584464 78.0,0.0021746744921950995 
79.0,0.0017465081325282014 79.0,0.0020416282324855826 
80.0,0.0012210388577885748 80.0,0.001626096790215794 
81.0,7.294239617500381E-4 81.0,0.002183890185580061 
82.0,0.0024636877034272904 82.0,0.0027338512046908895 
83.0,0.002577516611411573 83.0,0.0023694627424303907 
84.0,0.0017830056872234345 84.0,0.0015424211244840853 
85.0,0.0016846155049901113 85.0,0.0016636590974044064 
86.0,0.0015613897013406015 86.0,0.0017277251711849497 
87.0,0.0016402881508568725 87.0,0.0025017655930133355 
88.0,8.375415816459426E-4 88.0,0.0012479584167181467 
89.0,8.147973400405471E-4 89.0,0.0013606826116418426 
90.0,9.702997231441946E-4 90.0,0.0016449779113610044 
91.0,0.0012324368220513195 91.0,0.0015766513604806545 
92.0,0.002132839177545461 92.0,0.0011122196708571316 
93.0,0.0014938532978183833 93.0,0.0014659660788750044 
94.0,0.0016989335105599404 94.0,9.304451762889344E-4 
95.0,0.0013158147747222245 95.0,0.0013883465834711804 
96.0,9.116003264375632E-4 96.0,0.001129780904663174 
97.0,0.0012902344102880888 97.0,0.0016905384669433112 
98.0,0.0011509974656973279 98.0,0.0016401555926349744 
99.0,0.001371188816208556 99.0,9.022768915294728E-4 
100.0,9.89168236287833E-4 100.0,0.0011367250225025733 
101.0,0.0015182361136769037 101.0,0.0015134165577572532 
102.0,7.655058980685162E-4 102.0,7.154301655838141E-4 
103.0,7.555388232821262E-4 103.0,0.001606781171977157 
104.0,0.0014186521146436035 104.0,0.0013343009844426052 
105.0,0.001588325449137902 105.0,0.0010816054051023187 
106.0,0.0022320342735779597 106.0,0.0012794247292754037 
107.0,9.61851491114848E-4 107.0,0.001552748204166394 
108.0,0.0018451868538182127 108.0,9.48204459160634E-4 
109.0,0.0011273116779262962 109.0,8.570450567511763E-4 
110.0,0.0014116708026863487 110.0,9.079580071861099E-4 
111.0,0.001148178929967333 111.0,0.0019053337632775427 
112.0,0.002095177077591675 112.0,0.0013930473796733265 
113.0,0.0015310091906903319 113.0,0.0010673922088820097 
114.0,0.0017787666715644676 114.0,0.0015266249751883986 
115.0,0.0014987373304279127 115.0,0.001526789322446706 
116.0,0.0011041091973755075 116.0,0.0012346955594620562 
117.0,7.772746959738575E-4 117.0,0.0010920735496744677 
118.0,7.376339574583008E-4 118.0,0.0016864265799910177 
119.0,0.0010542930223444273 119.0,0.0014124732226592485 
120.0,0.0012077344248440133 120.0,0.0010180617896800737 
121.0,0.0016616607183799594 121.0,0.001468475175470727 
122.0,0.001194828158458907 122.0,0.0012664062455443248 
123.0,0.00204427676155302 123.0,0.001203872093168885 
124.0,0.0014812412908826575 124.0,7.187565730439433E-4 
125.0,0.001375502380157099 125.0,0.0013204754916957386 
126.0,0.0011950973224879808 126.0,0.0015066708628830021 
127.0,0.0012478249252872657 127.0,0.0011348957759352526 
