X:Sigma Y:|f(x)-fhat(x)|,
0.0,0.057326156221744085 0.0,0.057326156221744085 
1.0,3.707221156359721E-4 1.0,3.707221156359721E-4 
2.0,8.200476374135091E-4 2.0,8.710529157386396E-4 
3.0,1.607264240195841E-4 3.0,2.567680706395287E-4 
4.0,0.028658088366716863 4.0,0.028367190379948573 
5.0,0.00708193881540921 5.0,0.007530713880445383 
6.0,0.0357348970732657 6.0,0.036000983721287405 
7.0,0.011962327351308805 7.0,0.01167811312836481 
8.0,0.021271316524560414 8.0,0.02174934954395015 
9.0,2.3050021317477408E-4 9.0,5.526972207295848E-4 
10.0,0.003306588982382855 10.0,0.003829604099842933 
11.0,0.0013569790177065237 11.0,0.003479959601143556 
12.0,0.01296724659096575 12.0,0.011109298973335284 
13.0,0.004962168689757124 13.0,0.004017349636670596 
14.0,0.020624627707586184 14.0,0.018299080264203477 
15.0,0.0031840186820850614 15.0,4.981017265154181E-4 
16.0,0.013000309624409897 16.0,0.01273439127062046 
17.0,0.010441949609235435 17.0,0.0021535646908903243 
18.0,0.004400741193348347 18.0,0.007435064048487335 
19.0,3.7961082656960904E-4 19.0,0.006679829633578221 
20.0,0.003022237390345014 20.0,0.002501313027495281 
21.0,0.011342395516750581 21.0,0.008132297053885535 
22.0,0.0037380016743512436 22.0,0.008319859921126061 
23.0,0.003927197877859866 23.0,0.0033844805558783057 
24.0,0.0027906389820914835 24.0,0.007536995363899233 
25.0,0.003356565914098419 25.0,0.0038350667000281355 
26.0,0.0022901826780159077 26.0,0.002405505239509345 
27.0,0.005073479441490849 27.0,0.004166923232466839 
28.0,0.001475650249093673 28.0,0.0051975318424331484 
29.0,0.006991298689560027 29.0,0.0037500458244619068 
30.0,0.006361127181997038 30.0,0.0012539144523879826 
31.0,5.161166188195055E-4 31.0,0.0019294670826833092 
32.0,0.002001485945288601 32.0,0.0031857091080675698 
33.0,0.0016302617829608507 33.0,0.0038107768619661097 
34.0,5.974429221809986E-4 34.0,0.0023101107730950287 
35.0,0.0011531593035659289 35.0,0.0012190638090320489 
36.0,0.0013970177942031021 36.0,0.0031382046309033924 
37.0,0.001498955734858093 37.0,2.5117568708514146E-4 
38.0,9.038792526467774E-5 38.0,0.0023168900760388283 
39.0,0.0035346946202428663 39.0,7.918481621186636E-4 
40.0,5.982914361384533E-4 40.0,8.902767613346864E-4 
41.0,7.567463499214894E-4 41.0,0.0019315996923187028 
42.0,0.0015127760833546252 42.0,0.002332820295604876 
43.0,0.0010599573778222256 43.0,0.0010132853836978416 
44.0,0.001971537132840596 44.0,0.0011450770906118748 
45.0,8.049228717429562E-5 45.0,0.0010178509137200428 
46.0,5.609808179317505E-4 46.0,8.153138475009854E-4 
47.0,0.0011052891945016602 47.0,0.0014447389951851653 
48.0,0.0027464723467816 48.0,4.585490311152859E-4 
49.0,6.671650611863297E-4 49.0,4.639230509780356E-4 
50.0,9.140462519711263E-4 50.0,0.0014147323266969296 
51.0,0.00113821859121154 51.0,0.0012717914562673524 
52.0,0.0012829836422680676 52.0,6.773649969707908E-4 
53.0,8.860304990257577E-4 53.0,6.136541779858235E-4 
54.0,2.8169817997107178E-5 54.0,4.491502176300839E-5 
55.0,5.8811312528173E-4 55.0,8.751778855762258E-4 
56.0,7.363999817771108E-4 56.0,8.507806376178359E-4 
57.0,7.233945425657997E-4 57.0,3.069696744886871E-4 
58.0,1.55532627223816E-4 58.0,4.4575958232261564E-4 
59.0,6.262345133820328E-4 59.0,9.623016753465243E-4 
60.0,8.509151818507049E-4 60.0,7.59679576528916E-4 
61.0,9.86128640352825E-4 61.0,4.3368885296778185E-4 
62.0,5.556432425861594E-4 62.0,2.131585538852549E-4 
63.0,2.2963612831720243E-5 63.0,3.069419281700251E-4 
64.0,6.006280543100852E-4 64.0,6.590107456188661E-4 
65.0,9.144463853845998E-4 65.0,5.357106935427711E-4 
66.0,8.929089783651298E-4 66.0,1.1930970509686202E-4 
67.0,3.561310296964386E-4 67.0,4.1553686184441754E-4 
68.0,3.656913814150188E-4 68.0,6.486685833242029E-4 
69.0,6.26546307321608E-4 69.0,4.703044519646741E-4 
70.0,3.1420232516555325E-4 70.0,2.473976129756145E-4 
71.0,1.1389407888958206E-4 71.0,2.733357133029921E-5 
72.0,2.46381677901511E-4 72.0,3.524758672485443E-4 
73.0,5.792528773738441E-4 73.0,4.660590779391089E-4 
74.0,4.0433719840150914E-4 74.0,3.173770537976893E-4 
75.0,2.304331530057509E-4 75.0,1.555962997791182E-5 
76.0,8.833906972817034E-5 76.0,3.5435697161764616E-4 
77.0,4.645115152215597E-4 77.0,4.3170541481498027E-4 
78.0,5.270406693489402E-4 78.0,2.9470741172233706E-4 
79.0,3.0276337636955705E-4 79.0,1.0270510018355175E-4 
80.0,2.4343934569706685E-5 80.0,1.2800327985039477E-4 
81.0,3.966432419786459E-4 81.0,3.036101895870307E-4 
