X:Sigma Y:|f(x)-fhat(x)|/max,
0.0,0.01931092048030663 0.0,0.01931092048030663 
1.0,0.999999999985632 1.0,0.999999999985632 
2.0,0.9999999999994466 2.0,1.0000000000001896 
3.0,1.0000000000003044 3.0,1.000000000004944 
4.0,1.000000000003062 4.0,0.9999999999924699 
5.0,1.0000000000023168 5.0,1.0000000000008111 
6.0,0.9999999999838664 6.0,1.00000000000864 
7.0,0.9999999999967182 7.0,1.000000000003286 
8.0,1.000000000026392 8.0,0.9999999999932723 
9.0,1.0000000000012925 9.0,1.0000000000000493 
10.0,0.9999999999585217 10.0,0.9999999999851795 
11.0,0.9999999999984822 11.0,1.0000000000148213 
12.0,0.9999999999976819 12.0,1.000000000007135 
13.0,0.11014779583052485 13.0,0.11015208039433014 
14.0,0.13664682486589178 14.0,0.13675574641803417 
15.0,0.08408541658280572 15.0,0.08410304162757064 
16.0,0.10789955451906746 16.0,0.1076715421626475 
17.0,0.19326698316576793 17.0,0.19378333788902224 
18.0,0.35303314542228365 18.0,0.36158115533907575 
19.0,0.7892850428651883 19.0,0.7819154281583366 
20.0,1.0267582392406083 20.0,0.967114617167178 
21.0,1.0049369756403246 21.0,1.0017439259113958 
22.0,0.9991188924674178 22.0,0.9986527300584023 
23.0,1.000450598891618 23.0,0.99970445937002 
24.0,0.9991038189940267 24.0,1.0001151596784825 
25.0,0.999888453132386 25.0,0.9999942126953312 
26.0,0.2369849980301218 26.0,0.2380428240207168 
27.0,0.2335900125026579 27.0,0.23424599121760825 
28.0,0.15554522301888496 28.0,0.1572612004835116 
29.0,0.15964887764464614 29.0,0.1580066612240775 
30.0,0.15569088909855064 30.0,0.1568740705394542 
31.0,0.1896658867664015 31.0,0.18911763293202905 
32.0,0.26315918756878814 32.0,0.2610612755846157 
33.0,0.37419239912724006 33.0,0.37847203685707265 
34.0,0.5717456374790123 34.0,0.6224518491352665 
35.0,0.9452234738527261 35.0,0.9407448409989693 
36.0,1.0084038407006701 36.0,0.9957850608469982 
37.0,0.9979393391581091 37.0,0.9957435399691837 
38.0,0.9939765906152631 38.0,1.0008409024177893 
39.0,0.4814789290972482 39.0,0.5129355751403444 
40.0,0.39705210708094646 40.0,0.4157126308934382 
41.0,0.27255109175464043 41.0,0.26595873548747273 
42.0,0.2425020712852341 42.0,0.2347615886257751 
43.0,0.22167973655417048 43.0,0.20404971361968577 
44.0,0.22738843481412396 44.0,0.20130938452574018 
45.0,0.24999654588391862 45.0,0.21401661234805416 
46.0,0.2792624591728976 46.0,0.2589175663333632 
47.0,0.33982049741062464 47.0,0.3258389121297845 
48.0,0.471684868223077 48.0,0.46592263798410183 
49.0,0.711117738753812 49.0,0.6686868300748664 
50.0,0.911580581811534 50.0,0.9593561133041396 
51.0,1.0093008858813224 51.0,0.9803792186361734 
52.0,0.9104226968601221 52.0,0.8856117280520815 
53.0,0.760171485013987 53.0,0.7214748683989919 
54.0,0.47304268572268404 54.0,0.4646634186665897 
55.0,0.3813365846312485 55.0,0.35987754065726957 
56.0,0.32584170890981373 56.0,0.31254946386150334 
57.0,0.2934195446480056 57.0,0.2765264163916012 
58.0,0.27804913795847075 58.0,0.26220664773680985 
59.0,0.30187387798908794 59.0,0.3029811086995904 
60.0,0.32313065114105527 60.0,0.39864602044345065 
61.0,0.4048241106797069 61.0,0.4692812895647779 
62.0,0.6167745428827577 62.0,0.5593616177144178 
63.0,0.7914436848906833 63.0,0.7172935531334677 
