X:Sigma Y:error,
0.0,0.012098011554577364 0.0,0.012098011554577364 
1.0,9.506660167402422E-17 1.0,9.506660167402422E-17 
2.0,1.1894852140300305E-4 2.0,1.7717847875740325E-4 
3.0,4.0295148569831954E-17 3.0,5.3416008964729403E-17 
4.0,2.7742651578363325E-4 4.0,3.488324098388036E-4 
5.0,1.752434349834405E-16 5.0,1.6817399261361037E-16 
6.0,0.008449666757437014 6.0,0.008482475437425105 
7.0,1.5498798670771844E-16 7.0,1.3838776215673684E-16 
8.0,0.008437647392295761 8.0,0.008298123947946134 
9.0,4.928582195671835E-17 9.0,7.775694376601213E-17 
10.0,0.004358875100284909 10.0,0.004280024863037474 
11.0,6.769095040917224E-17 11.0,7.994614702133913E-17 
12.0,0.004198420330923033 12.0,0.004207286115132351 
13.0,1.1142831092549154E-16 13.0,8.080621002767031E-17 
14.0,0.0045997954803337 14.0,0.0046479313803411545 
15.0,1.1303103021040848E-16 15.0,7.014392273148906E-17 
16.0,0.004949796915526623 16.0,0.004163579595791812 
17.0,3.8610504082381904E-17 17.0,7.094758165595622E-17 
18.0,0.0031075467325466376 18.0,0.0022931191498087693 
19.0,4.244142043331148E-17 19.0,6.500226785636357E-17 
20.0,0.0031085840291357543 20.0,0.001977127677371457 
21.0,5.810743422892863E-17 21.0,5.1294482064924584E-17 
22.0,0.0026382005616185835 22.0,0.0016116757824913266 
23.0,8.779964285681035E-17 23.0,4.463032406285867E-17 
24.0,0.0022611304125196292 24.0,0.0018796449356430086 
25.0,6.037551073007418E-17 25.0,4.0861094655820486E-17 
26.0,0.0016649117013153429 26.0,0.0014574565952910569 
27.0,1.3166650502620647E-16 27.0,3.642455300035422E-17 
28.0,0.0015797123716920502 28.0,0.0012023632919560547 
29.0,1.213425515451914E-16 29.0,3.4083619247955996E-17 
30.0,0.0014395876693162027 30.0,0.0010358657233627542 
31.0,7.678227688235901E-17 31.0,2.876969519264374E-17 
32.0,0.001761360937714364 32.0,9.782971679766445E-4 
33.0,1.0828926514913105E-17 33.0,2.849769575197585E-17 
34.0,0.0013761605640155807 34.0,9.545571190214326E-4 
35.0,1.390178459564651E-17 35.0,2.418350879076786E-17 
36.0,0.0013339926371694134 36.0,7.46876987906813E-4 
37.0,1.6056837590935413E-17 37.0,2.244827708126898E-17 
38.0,0.001059060402416922 38.0,7.203741909282793E-4 
39.0,3.0143552542973946E-17 39.0,1.8366488028917362E-17 
40.0,8.6408881025205E-4 40.0,6.045961786145346E-4 
41.0,2.2161806459706146E-17 41.0,1.7874086187369956E-17 
42.0,6.281763461201073E-4 42.0,6.034226009062053E-4 
43.0,6.228597054318059E-17 43.0,1.4796805339748686E-17 
44.0,5.655579797173313E-4 44.0,4.8083567882245136E-4 
45.0,6.264215354393049E-17 45.0,1.3973765159861355E-17 
46.0,4.733582931275789E-4 46.0,4.685438733214149E-4 
47.0,3.4213719243291766E-17 47.0,1.1316659377474521E-17 
48.0,4.1583352619541775E-4 48.0,3.7712630228329516E-4 
49.0,1.475665141548257E-17 49.0,1.0940326760144824E-17 
50.0,3.430539998398922E-4 50.0,3.7630890170931323E-4 
51.0,1.3503920482460053E-17 51.0,9.134463828149583E-18 
52.0,2.837484585288018E-4 52.0,3.004648727739829E-4 
53.0,1.722775742821381E-17 53.0,8.751194812693855E-18 
54.0,2.546687990653621E-4 54.0,2.934529737504185E-4 
55.0,1.938571476267201E-17 55.0,7.365525857081948E-18 
56.0,2.1657290158887447E-4 56.0,2.4418776176298774E-4 
57.0,2.1926987521120962E-17 57.0,6.969327859859358E-18 
58.0,1.7904390407426224E-4 58.0,2.3472605130776667E-4 
59.0,2.2953523387602572E-17 59.0,6.063436195379801E-18 
60.0,1.6404900305945797E-4 60.0,1.9910314786752222E-4 
61.0,8.298215224227298E-18 61.0,5.7375605094946484E-18 
62.0,1.4245854956954884E-4 62.0,1.8691949780736243E-4 
63.0,8.263187447197316E-18 63.0,5.0032628131578545E-18 
