X:Sigma Y: Green:Absolute,
0.0,0.028598081841314738 0.0,0.028598081841314738 
1.0,1.1506653886883299E-4 1.0,1.1506653886883299E-4 
2.0,3.0133365443163328E-5 2.0,3.0133365443163328E-5 
3.0,1.952961216640673E-5 3.0,1.952961216640673E-5 
4.0,2.994077837379278E-5 4.0,-2.994077837379278E-5 
5.0,1.2136239645249368E-5 5.0,-1.2136239645249368E-5 
6.0,1.8381861461192047E-4 6.0,1.8381861461192047E-4 
7.0,1.937803346595107E-4 7.0,-1.937803346595107E-4 
8.0,4.840711801518305E-5 8.0,-4.840711801518305E-5 
9.0,1.8042974231345866E-4 9.0,1.8042974231345866E-4 
10.0,7.67510135937953E-5 10.0,7.67510135937953E-5 
11.0,7.907014356260419E-5 11.0,7.907014356260419E-5 
12.0,2.505222664060765E-4 12.0,2.505222664060765E-4 
13.0,1.9838633997164588E-4 13.0,1.9838633997164588E-4 
14.0,6.158094004309556E-4 14.0,-6.158094004309556E-4 
15.0,0.030161509355072287 15.0,-0.030161509355072287 
16.0,0.01622008571063756 16.0,-0.01622008571063756 
17.0,0.009109862289504306 17.0,0.009109862289504306 
18.0,0.029303094162979274 18.0,0.029303094162979274 
19.0,0.013294667562708203 19.0,0.013294667562708203 
20.0,0.06960004404973855 20.0,-0.06960004404973855 
21.0,0.004062329419818407 21.0,0.004062329419818407 
22.0,0.001007158680009306 22.0,0.001007158680009306 
23.0,3.622561867931884E-4 23.0,3.622561867931884E-4 
24.0,5.509780287812116E-5 24.0,5.509780287812116E-5 
25.0,4.0853431533885133E-4 25.0,-4.0853431533885133E-4 
26.0,6.180059280818512E-4 26.0,-6.180059280818512E-4 
27.0,0.008616182882042063 27.0,0.008616182882042063 
28.0,0.005963488870860527 28.0,-0.005963488870860527 
29.0,0.008862751256358612 29.0,-0.008862751256358612 
30.0,1.968120238886456E-4 30.0,-1.968120238886456E-4 
31.0,0.016981868351971706 31.0,-0.016981868351971706 
32.0,0.006665276375611668 32.0,0.006665276375611668 
33.0,0.007269713744744842 33.0,0.007269713744744842 
34.0,0.007861455004948923 34.0,0.007861455004948923 
35.0,0.009939792734656635 35.0,-0.009939792734656635 
36.0,0.00551829434536459 36.0,-0.00551829434536459 
37.0,0.008814122767989202 37.0,0.008814122767989202 
38.0,0.0075194021349127595 38.0,-0.0075194021349127595 
39.0,0.0067377910342090236 39.0,-0.0067377910342090236 
40.0,0.009611745696767638 40.0,-0.009611745696767638 
41.0,0.0024128788064486776 41.0,0.0024128788064486776 
42.0,0.003506138702900533 42.0,0.003506138702900533 
43.0,0.0037209819242165886 43.0,0.0037209819242165886 
44.0,0.0014302924736010938 44.0,0.0014302924736010938 
45.0,0.0024929408889957957 45.0,0.0024929408889957957 
46.0,0.003255635105097494 46.0,0.003255635105097494 
47.0,0.002371626967955915 47.0,0.002371626967955915 
48.0,0.003450702819227876 48.0,0.003450702819227876 
49.0,0.0035847954940687204 49.0,0.0035847954940687204 
50.0,8.412702691181144E-4 50.0,8.412702691181144E-4 
51.0,0.007639673661954209 51.0,-0.007639673661954209 
52.0,0.0036635701286993503 52.0,0.0036635701286993503 
53.0,0.002327391825328776 53.0,0.002327391825328776 
54.0,5.587670034698522E-4 54.0,5.587670034698522E-4 
55.0,0.002427762466472825 55.0,0.002427762466472825 
56.0,0.001027845836522022 56.0,0.001027845836522022 
57.0,0.0028977987945802922 57.0,0.0028977987945802922 
58.0,2.6667481141985226E-4 58.0,-2.6667481141985226E-4 
59.0,2.8337544864499094E-4 59.0,-2.8337544864499094E-4 
60.0,3.968968762451078E-4 60.0,-3.968968762451078E-4 
61.0,0.0017137271150349262 61.0,0.0017137271150349262 
62.0,0.001725155543072314 62.0,0.001725155543072314 
63.0,0.0016024245198181008 63.0,0.0016024245198181008 
64.0,0.0010990772149878033 64.0,0.0010990772149878033 
65.0,0.0029590425467815543 65.0,0.0029590425467815543 
66.0,0.0016956469604818042 66.0,0.0016956469604818042 
67.0,8.313850783348279E-4 67.0,8.313850783348279E-4 
68.0,0.0034327026100829817 68.0,0.0034327026100829817 
69.0,5.411147337404092E-4 69.0,5.411147337404092E-4 
70.0,7.00049405987618E-4 70.0,-7.00049405987618E-4 
71.0,5.42847127166697E-4 71.0,-5.42847127166697E-4 
72.0,0.0016133679095317152 72.0,0.0016133679095317152 
73.0,9.24949540954917E-4 73.0,9.24949540954917E-4 
74.0,0.0010081312981636533 74.0,0.0010081312981636533 
75.0,0.0014775811175423497 75.0,0.0014775811175423497 
76.0,7.327124349833735E-5 76.0,7.327124349833735E-5 
77.0,0.001100568824824961 77.0,0.001100568824824961 
78.0,0.001017294889908486 78.0,0.001017294889908486 
79.0,4.4328264586320886E-4 79.0,4.4328264586320886E-4 
80.0,7.837536428643765E-4 80.0,7.837536428643765E-4 
81.0,0.0012966237189758608 81.0,0.0012966237189758608 
