Sigma^x,Error
0.0,-1.0041376058635143E-7 0.0,1.0041376058635143E-7 
1.0,-3.8051036578813644E-8 1.0,3.8051036578813644E-8 
2.0,7.560222279698846E-8 2.0,7.560222279698846E-8 
3.0,5.2593131821239774E-8 3.0,5.2593131821239774E-8 
4.0,2.381889267465149E-7 4.0,2.381889267465149E-7 
5.0,2.9349767878969477E-7 5.0,2.9349767878969477E-7 
6.0,3.582337577432825E-7 6.0,3.582337577432825E-7 
7.0,4.148393274069351E-7 7.0,4.148393274069351E-7 
8.0,3.536506746352136E-7 8.0,3.536506746352136E-7 
9.0,4.836782540541383E-7 9.0,4.836782540541383E-7 
10.0,5.205420100818526E-7 10.0,5.205420100818526E-7 
11.0,6.075184813041905E-7 11.0,6.075184813041905E-7 
12.0,5.462560358763464E-7 12.0,5.462560358763464E-7 
13.0,5.711102200787908E-7 13.0,5.711102200787908E-7 
14.0,6.092405943205758E-7 14.0,6.092405943205758E-7 
15.0,6.383185070599909E-7 15.0,6.383185070599909E-7 
16.0,4.50808594582271E-7 16.0,4.50808594582271E-7 
17.0,4.456772682439802E-7 17.0,4.456772682439802E-7 
18.0,4.856170831280321E-7 18.0,4.856170831280321E-7 
19.0,4.98756807758547E-7 19.0,4.98756807758547E-7 
20.0,5.294383886650795E-7 20.0,5.294383886650795E-7 
21.0,5.474093720295396E-7 21.0,5.474093720295396E-7 
22.0,5.730952685873538E-7 22.0,5.730952685873538E-7 
23.0,5.933758931549244E-7 23.0,5.933758931549244E-7 
24.0,5.349378363548128E-7 24.0,5.349378363548128E-7 
25.0,5.580417046513663E-7 25.0,5.580417046513663E-7 
26.0,5.766078757497906E-7 26.0,5.766078757497906E-7 
27.0,5.96894698575854E-7 27.0,5.96894698575854E-7 
28.0,5.871628361240086E-7 28.0,5.871628361240086E-7 
29.0,5.94153570738332E-7 29.0,5.94153570738332E-7 
30.0,6.079390154303142E-7 30.0,6.079390154303142E-7 
31.0,6.173689405149958E-7 31.0,6.173689405149958E-7 
32.0,8.069708498509143E-7 32.0,8.069708498509143E-7 
33.0,8.648809504051679E-7 33.0,8.648809504051679E-7 
34.0,8.554047782561085E-7 34.0,8.554047782561085E-7 
35.0,8.838357832559704E-7 35.0,8.838357832559704E-7 
36.0,8.192105423305215E-7 36.0,8.192105423305215E-7 
37.0,8.10263626188237E-7 37.0,8.10263626188237E-7 
38.0,8.077755908957583E-7 38.0,8.077755908957583E-7 
39.0,8.018650797035807E-7 39.0,8.018650797035807E-7 
40.0,7.43975972454514E-7 40.0,7.43975972454514E-7 
41.0,7.004128041913226E-7 41.0,7.004128041913226E-7 
42.0,7.036102982051675E-7 42.0,7.036102982051675E-7 
43.0,6.807397710683152E-7 43.0,6.807397710683152E-7 
44.0,6.974959822021169E-7 44.0,6.974959822021169E-7 
45.0,6.903164894595096E-7 45.0,6.903164894595096E-7 
46.0,6.859538830695315E-7 46.0,6.859538830695315E-7 
47.0,6.802680526749908E-7 47.0,6.802680526749908E-7 
48.0,6.678624459244044E-7 48.0,6.678624459244044E-7 
49.0,6.722541888822369E-7 49.0,6.722541888822369E-7 
50.0,6.642963030074225E-7 50.0,6.642963030074225E-7 
51.0,6.635989137713021E-7 51.0,6.635989137713021E-7 
52.0,6.393693146130354E-7 52.0,6.393693146130354E-7 
53.0,6.294050283032196E-7 53.0,6.294050283032196E-7 
54.0,6.2266031268467E-7 54.0,6.2266031268467E-7 
55.0,6.144720010205731E-7 55.0,6.144720010205731E-7 
56.0,5.807090824196956E-7 56.0,5.807090824196956E-7 
57.0,5.628199032610924E-7 57.0,5.628199032610924E-7 
58.0,5.577861017542791E-7 58.0,5.577861017542791E-7 
59.0,5.458759080059726E-7 59.0,5.458759080059726E-7 
60.0,5.411784456069957E-7 60.0,5.411784456069957E-7 
61.0,5.323171230047286E-7 61.0,5.323171230047286E-7 
62.0,5.254496819956155E-7 62.0,5.254496819956155E-7 
63.0,5.178185781933594E-7 63.0,5.178185781933594E-7 
