Sigma,Error
0.0,2.9187207492685496E-4
1.0,2.5352493822183506E-4
2.0,1.8633855265759447E-4
3.0,1.0264025797218114E-4
4.0,1.3334834142869623E-5
5.0,1.0137792744572931E-4
6.0,1.7356492263250443E-4
7.0,2.3941194717842264E-4
8.0,2.7829064954106985E-4
9.0,3.448870468712173E-4
10.0,3.987760370764183E-4
11.0,4.475408503653534E-4
12.0,4.897933667839423E-4
13.0,5.257485202522314E-4
14.0,5.63356141586523E-4
15.0,5.980726734186748E-4
16.0,5.896462100929926E-4
17.0,6.223246517481741E-4
18.0,6.503155031128104E-4
19.0,6.753220810782673E-4
20.0,6.966414784382513E-4
21.0,7.133012805085673E-4
22.0,7.311535768961992E-4
23.0,7.471427492516409E-4
24.0,7.491131850008142E-4
25.0,7.575675084069695E-4
26.0,7.683461953299602E-4
27.0,7.777805467854421E-4
28.0,7.857633706888426E-4
29.0,7.901485752998222E-4
30.0,7.952421859471013E-4
31.0,7.991692045796251E-4
