X:log(Data) Y:log(Error),
25.0,0.6536928068772981 25.0,0.6536928068771343 25.0,0.6511018533125073 25.0,0.5895815526705787 25.0,0.5955323163235869 25.0,0.7939898788167933 25.0,0.8309974389651255 25.0,0.8093200101062865 25.0,0.8059568906973638 
50.0,0.2877678624263772 50.0,0.28776786242629593 50.0,0.2765528855334794 50.0,0.2682062942355601 50.0,0.2668603802926798 50.0,0.28334826581314565 50.0,0.2848199662313591 50.0,0.3637208561074561 50.0,0.3766953931317871 
100.0,0.18078994357499767 100.0,0.18078994357491743 100.0,0.1802972877182433 100.0,0.18106117821723713 100.0,0.16854401846010447 100.0,0.18227789557986318 100.0,0.17824044982420922 100.0,0.19110730990258895 100.0,0.20439549967512474 
200.0,0.24623421997306885 200.0,0.24623421997301562 200.0,0.2462604566903702 200.0,0.2467898388336937 200.0,0.24686406898646635 200.0,0.22600741674997796 200.0,0.23854360754069714 200.0,0.2742937866735423 200.0,0.2797312524411315 
500.0,0.1854436071392043 500.0,0.185443607139026 500.0,0.18349534674715845 500.0,0.18348096001125128 500.0,0.17993090993433067 500.0,0.17804628957846025 500.0,0.1730735386924204 500.0,0.15958136756112795 500.0,0.16319477743701175 
1000.0,0.05517955009349689 1000.0,0.055179550093467415 1000.0,0.054995243597508944 1000.0,0.055066612959651026 1000.0,0.05551847020569511 1000.0,0.05412361345363206 1000.0,0.052274705497979086 1000.0,0.07437217200584001 1000.0,0.07850238752162642 
2000.0,0.07605987351486833 2000.0,0.07605987351478591 2000.0,0.07602577713991199 2000.0,0.07599097820790188 2000.0,0.07583608294961326 2000.0,0.07650526687858784 2000.0,0.07181703959144944 2000.0,0.05941485660349859 2000.0,0.06343581450164476 
4000.0,0.06549751567643511 4000.0,0.06549751567640195 4000.0,0.06545562071008577 4000.0,0.06547231486951702 4000.0,0.06559956420305621 4000.0,0.06608465533264098 4000.0,0.0664096994441865 4000.0,0.06162080712545792 4000.0,0.06372773823409378 
8000.0,0.02322611368415291 8000.0,0.023226113684141046 8000.0,0.023224785142858934 8000.0,0.023224877126076904 8000.0,0.023253947008872188 8000.0,0.02288337780340359 8000.0,0.022300688637123117 8000.0,0.026498736780282618 8000.0,0.026185877035527542 
16000.0,0.013156929364727626 16000.0,0.013156929364701664 16000.0,0.013150081293942392 16000.0,0.013149956219293378 16000.0,0.013068398077958175 16000.0,0.013215515608237803 16000.0,0.012404185014085653 16000.0,0.014737139473343154 16000.0,0.016549765633764427 
32000.0,0.017131182960584395 32000.0,0.017131182960560647 32000.0,0.017132124414657456 32000.0,0.017130394568475066 32000.0,0.017088486638961856 32000.0,0.01710270708378677 32000.0,0.01705791384096092 32000.0,0.01786979158683247 32000.0,0.018832882739485145 
64000.0,0.005952740529491187 64000.0,0.005952740529437698 64000.0,0.005952210529602567 64000.0,0.00595216833993833 64000.0,0.005961243328727275 64000.0,0.006004589334456472 64000.0,0.006418002331950493 64000.0,0.00725899859378334 64000.0,0.007605274234636482 
128000.0,0.007284639140919369 128000.0,0.007284639140879229 128000.0,0.00728485674221409 128000.0,0.007284777906769083 128000.0,0.007272993018056824 128000.0,0.007298196773305223 128000.0,0.007610091593080885 128000.0,0.008055408191610082 128000.0,0.008201329452132379 
256000.0,0.005805399371599243 256000.0,0.005805399371568224 256000.0,0.005805835865259959 256000.0,0.005805826613294949 256000.0,0.005801359662357959 256000.0,0.005970155628276219 256000.0,0.006016985259169181 256000.0,0.006497310083555807 256000.0,0.006962688368517458 
