X:Sigma Y:a0(A16A1-A1A16)aI,
0.0,0.0 0.0,0.0 
1.0,1.5407439555097887E-32 1.0,1.5407439555097887E-32 
2.0,6.162975822039155E-32 2.0,-6.162975822039155E-32 
3.0,2.2162424990431582E-16 3.0,-2.2162424990431582E-16 
4.0,4.930380657631324E-32 4.0,-4.930380657631324E-32 
5.0,8.053879320311956E-17 5.0,8.053879320311956E-17 
6.0,1.4798156045885868E-16 6.0,-1.4798156045885868E-16 
7.0,1.5698960450431513E-15 7.0,1.5698960450431513E-15 
8.0,8.326672684688674E-17 8.0,-8.326672684688674E-17 
9.0,1.5509087593112897E-16 9.0,1.5509087593112897E-16 
10.0,1.2787681118784563E-16 10.0,1.2787681118784563E-16 
11.0,1.483830555375695E-16 11.0,-1.483830555375695E-16 
12.0,3.4117283955008244E-17 12.0,3.4117283955008244E-17 
13.0,1.0734442121755857E-17 13.0,-1.0734442121755857E-17 
14.0,1.1315824935377419E-16 14.0,1.1315824935377419E-16 
15.0,4.635348386142307E-16 15.0,4.635348386142307E-16 
16.0,1.3769367590565906E-17 16.0,1.3769367590565906E-17 
17.0,6.2897463594182515E-18 17.0,6.2897463594182515E-18 
18.0,4.884547043132348E-17 18.0,-4.884547043132348E-17 
19.0,2.2356501677481823E-17 19.0,-2.2356501677481823E-17 
20.0,1.8932501430503115E-17 20.0,-1.8932501430503115E-17 
21.0,2.6710737331430847E-16 21.0,-2.6710737331430847E-16 
22.0,2.8041561835093014E-16 22.0,2.8041561835093014E-16 
23.0,5.544100316601417E-16 23.0,5.544100316601417E-16 
24.0,5.551115123125783E-17 24.0,5.551115123125783E-17 
25.0,1.1059972736438163E-16 25.0,-1.1059972736438163E-16 
26.0,4.723602310403838E-19 26.0,4.723602310403838E-19 
27.0,2.3538130512919358E-17 27.0,2.3538130512919358E-17 
28.0,1.0482719616123664E-16 28.0,1.0482719616123664E-16 
29.0,3.0113798838385264E-16 29.0,-3.0113798838385264E-16 
30.0,1.5866532290924317E-16 30.0,-1.5866532290924317E-16 
31.0,9.054634909531555E-16 31.0,9.054634909531555E-16 
32.0,2.7755575615628914E-17 32.0,2.7755575615628914E-17 
33.0,9.485704319066088E-18 33.0,9.485704319066088E-18 
34.0,3.4507893411431225E-17 34.0,-3.4507893411431225E-17 
35.0,1.5030965964143652E-16 35.0,-1.5030965964143652E-16 
36.0,1.544313774358823E-17 36.0,1.544313774358823E-17 
37.0,1.3002812495988843E-17 37.0,1.3002812495988843E-17 
38.0,8.059278533307825E-17 38.0,8.059278533307825E-17 
39.0,2.174069711802457E-16 39.0,2.174069711802457E-16 
40.0,4.163336342344337E-16 40.0,-4.163336342344337E-16 
41.0,2.081999289079172E-17 41.0,2.081999289079172E-17 
42.0,3.769211763003617E-17 42.0,3.769211763003617E-17 
43.0,2.585620264147143E-16 43.0,2.585620264147143E-16 
44.0,8.434716910964435E-17 44.0,-8.434716910964435E-17 
45.0,1.274591502336737E-16 45.0,1.274591502336737E-16 
46.0,1.8391087606983673E-17 46.0,1.8391087606983673E-17 
47.0,2.2566820372817646E-16 47.0,2.2566820372817646E-16 
48.0,6.938893903907228E-17 48.0,-6.938893903907228E-17 
49.0,5.390230776529953E-17 49.0,-5.390230776529953E-17 
50.0,1.3241975935914317E-16 50.0,-1.3241975935914317E-16 
51.0,2.303965968378722E-16 51.0,-2.303965968378722E-16 
52.0,8.881831483126588E-17 52.0,-8.881831483126588E-17 
53.0,1.996366691616047E-17 53.0,1.996366691616047E-17 
54.0,1.2131118550216482E-16 54.0,1.2131118550216482E-16 
55.0,2.269374052508168E-16 55.0,2.269374052508168E-16 
56.0,4.163336342344337E-17 56.0,4.163336342344337E-17 
57.0,7.909642052692528E-17 57.0,-7.909642052692528E-17 
58.0,1.0854253568985906E-16 58.0,1.0854253568985906E-16 
59.0,2.4890919354347566E-16 59.0,-2.4890919354347566E-16 
60.0,1.793773760156418E-16 60.0,-1.793773760156418E-16 
61.0,1.0006012692541489E-17 61.0,1.0006012692541489E-17 
62.0,3.0944449065941532E-18 62.0,3.0944449065941532E-18 
63.0,1.5272307761246552E-17 63.0,-1.5272307761246552E-17 
64.0,3.469446951953614E-18 64.0,-3.469446951953614E-18 
65.0,5.579663803735812E-17 65.0,-5.579663803735812E-17 
66.0,4.638373569383498E-17 66.0,-4.638373569383498E-17 
67.0,1.5027409573295017E-16 67.0,-1.5027409573295017E-16 
68.0,1.8991594298847162E-17 68.0,-1.8991594298847162E-17 
69.0,1.6363093490243006E-17 69.0,1.6363093490243006E-17 
70.0,1.619371598274267E-19 70.0,1.619371598274267E-19 
71.0,4.46172771542827E-16 71.0,4.46172771542827E-16 
72.0,4.163336342344337E-17 72.0,4.163336342344337E-17 
73.0,8.844835701221937E-18 73.0,-8.844835701221937E-18 
74.0,7.203446133850195E-17 74.0,7.203446133850195E-17 
75.0,1.0198173315610645E-16 75.0,-1.0198173315610645E-16 
76.0,3.1543365428607175E-17 76.0,-3.1543365428607175E-17 
77.0,1.915852913118626E-17 77.0,-1.915852913118626E-17 
78.0,2.030545523384023E-17 78.0,2.030545523384023E-17 
79.0,1.4262844647539319E-16 79.0,1.4262844647539319E-16 
80.0,1.214306433183765E-17 80.0,1.214306433183765E-17 
81.0,2.6944480722113878E-17 81.0,-2.6944480722113878E-17 
82.0,2.657457262091874E-17 82.0,-2.657457262091874E-17 
83.0,6.947242952044048E-17 83.0,-6.947242952044048E-17 
84.0,3.789788879437621E-17 84.0,-3.789788879437621E-17 
85.0,7.872181796989433E-17 85.0,-7.872181796989433E-17 
86.0,8.337558470393916E-17 86.0,8.337558470393916E-17 
87.0,2.394202108560841E-16 87.0,2.394202108560841E-16 
88.0,0.0 88.0,0.0 
89.0,6.897231281852454E-17 89.0,-6.897231281852454E-17 
90.0,3.965668142923259E-17 90.0,3.965668142923259E-17 
91.0,1.1619470619410083E-17 91.0,-1.1619470619410083E-17 
92.0,3.4495207277671143E-18 92.0,3.4495207277671143E-18 
93.0,7.92203875471924E-17 93.0,-7.92203875471924E-17 
94.0,2.390109032775993E-17 94.0,-2.390109032775993E-17 
95.0,2.656175571550839E-16 95.0,2.656175571550839E-16 
96.0,5.551115123125783E-17 96.0,5.551115123125783E-17 
97.0,7.764167532669334E-18 97.0,-7.764167532669334E-18 
98.0,1.4904012350110935E-17 98.0,-1.4904012350110935E-17 
99.0,5.3693142957741105E-17 99.0,-5.3693142957741105E-17 
100.0,5.717657938248583E-18 100.0,-5.717657938248583E-18 
101.0,2.0583080764414562E-17 101.0,-2.0583080764414562E-17 
102.0,4.999281321979077E-17 102.0,4.999281321979077E-17 
103.0,1.1360619228193869E-16 103.0,1.1360619228193869E-16 
104.0,4.85722573273506E-17 104.0,-4.85722573273506E-17 
105.0,2.1446804035988623E-17 105.0,-2.1446804035988623E-17 
106.0,1.3659545764642578E-17 106.0,1.3659545764642578E-17 
107.0,5.025320183587963E-17 107.0,5.025320183587963E-17 
108.0,2.67801040467044E-17 108.0,-2.67801040467044E-17 
109.0,1.6709153984664225E-17 109.0,1.6709153984664225E-17 
110.0,5.582932897669468E-19 110.0,-5.582932897669468E-19 
111.0,1.243718037043493E-16 111.0,1.243718037043493E-16 
112.0,3.469446951953614E-17 112.0,-3.469446951953614E-17 
113.0,1.5144744523633915E-17 113.0,-1.5144744523633915E-17 
114.0,3.030681148343141E-17 114.0,-3.030681148343141E-17 
115.0,7.190579385654864E-17 115.0,-7.190579385654864E-17 
116.0,2.6550688075092605E-17 116.0,-2.6550688075092605E-17 
117.0,7.87030340876117E-18 117.0,7.87030340876117E-18 
118.0,3.99499778302784E-17 118.0,3.99499778302784E-17 
119.0,7.259832116052581E-17 119.0,7.259832116052581E-17 
120.0,2.6020852139652106E-18 120.0,2.6020852139652106E-18 
121.0,2.6485591940591697E-17 121.0,-2.6485591940591697E-17 
122.0,2.667714546526366E-17 122.0,2.667714546526366E-17 
123.0,4.849846668485016E-17 123.0,-4.849846668485016E-17 
124.0,5.690902435419848E-17 124.0,-5.690902435419848E-17 
125.0,1.942591566219056E-18 125.0,-1.942591566219056E-18 
126.0,1.0947925763502622E-17 126.0,1.0947925763502622E-17 
127.0,2.5237138627007564E-17 127.0,2.5237138627007564E-17 
128.0,3.469446951953614E-18 128.0,-3.469446951953614E-18 
129.0,1.8439539200002185E-17 129.0,-1.8439539200002185E-17 
130.0,2.2140442643146418E-17 130.0,-2.2140442643146418E-17 
131.0,4.834149308192186E-17 131.0,-4.834149308192186E-17 
132.0,8.805021859941882E-18 132.0,-8.805021859941882E-18 
133.0,1.5567229706779415E-18 133.0,1.5567229706779415E-18 
134.0,7.042564945559772E-18 134.0,7.042564945559772E-18 
135.0,1.2929725440719053E-16 135.0,1.2929725440719053E-16 
136.0,1.3877787807814457E-17 136.0,1.3877787807814457E-17 
137.0,1.0114735544151603E-17 137.0,-1.0114735544151603E-17 
138.0,2.7169504581430616E-17 138.0,2.7169504581430616E-17 
139.0,3.435268746955803E-17 139.0,-3.435268746955803E-17 
140.0,1.9599353845087682E-17 140.0,-1.9599353845087682E-17 
141.0,1.0071595979454971E-17 141.0,-1.0071595979454971E-17 
142.0,5.059879871330813E-18 142.0,5.059879871330813E-18 
143.0,3.952126268955988E-17 143.0,3.952126268955988E-17 
144.0,6.071532165918825E-18 144.0,6.071532165918825E-18 
145.0,1.3376926780448216E-17 145.0,-1.3376926780448216E-17 
146.0,1.2027277906346676E-17 146.0,-1.2027277906346676E-17 
147.0,2.47646745675305E-17 147.0,-2.47646745675305E-17 
148.0,1.8740233900107268E-17 148.0,-1.8740233900107268E-17 
149.0,2.2743142764039318E-17 149.0,-2.2743142764039318E-17 
150.0,2.539552439045044E-17 150.0,2.539552439045044E-17 
151.0,8.326287374056398E-17 151.0,8.326287374056398E-17 
152.0,1.3877787807814457E-17 152.0,1.3877787807814457E-17 
153.0,2.1745072088366138E-17 153.0,-2.1745072088366138E-17 
154.0,1.9551493397943692E-17 154.0,1.9551493397943692E-17 
155.0,1.1526935371221366E-17 155.0,-1.1526935371221366E-17 
156.0,4.980602227451641E-18 156.0,-4.980602227451641E-18 
157.0,1.9514455190039517E-17 157.0,-1.9514455190039517E-17 
158.0,4.411504016305052E-18 158.0,-4.411504016305052E-18 
159.0,7.609266692100053E-17 159.0,7.609266692100053E-17 
160.0,1.0408340855860843E-17 160.0,1.0408340855860843E-17 
161.0,4.335947846212437E-18 161.0,-4.335947846212437E-18 
162.0,7.109722608054696E-18 162.0,-7.109722608054696E-18 
163.0,1.5507972711227242E-17 163.0,-1.5507972711227242E-17 
164.0,5.2258663258232086E-18 164.0,-5.2258663258232086E-18 
165.0,9.493848826722809E-18 165.0,-9.493848826722809E-18 
166.0,1.950052845967462E-17 166.0,1.950052845967462E-17 
167.0,4.939702221104144E-17 167.0,4.939702221104144E-17 
168.0,1.214306433183765E-17 168.0,-1.214306433183765E-17 
169.0,9.499750978235124E-18 169.0,-9.499750978235124E-18 
170.0,4.753214434723973E-18 170.0,4.753214434723973E-18 
171.0,6.3935127233593555E-18 171.0,6.3935127233593555E-18 
172.0,1.0128351063724561E-17 172.0,-1.0128351063724561E-17 
173.0,1.0046862309493133E-18 173.0,-1.0046862309493133E-18 
174.0,1.8341021080668604E-18 174.0,-1.8341021080668604E-18 
175.0,4.672698303343801E-17 175.0,4.672698303343801E-17 
176.0,1.3877787807814457E-17 176.0,-1.3877787807814457E-17 
177.0,3.952622093401892E-18 177.0,-3.952622093401892E-18 
178.0,8.4379943920294E-18 178.0,-8.4379943920294E-18 
179.0,2.2646589088975158E-17 179.0,-2.2646589088975158E-17 
180.0,9.413904588345291E-18 180.0,-9.413904588345291E-18 
181.0,1.6561348616777745E-19 181.0,1.6561348616777745E-19 
182.0,1.477584141862107E-17 182.0,1.477584141862107E-17 
183.0,2.8039156498728256E-17 183.0,2.8039156498728256E-17 
184.0,0.0 184.0,0.0 
185.0,8.447882759802433E-18 185.0,-8.447882759802433E-18 
186.0,8.898674103077742E-18 186.0,8.898674103077742E-18 
187.0,6.57459164439517E-18 187.0,-6.57459164439517E-18 
188.0,1.8171505902776008E-17 188.0,-1.8171505902776008E-17 
189.0,3.1362910252259176E-18 189.0,-3.1362910252259176E-18 
190.0,4.8445774216003214E-18 190.0,4.8445774216003214E-18 
191.0,1.266614291302641E-17 191.0,1.266614291302641E-17 
192.0,8.673617379884035E-19 192.0,8.673617379884035E-19 
193.0,1.059896259839972E-17 193.0,-1.059896259839972E-17 
194.0,1.3867620828244205E-17 194.0,-1.3867620828244205E-17 
195.0,2.3263423275332725E-17 195.0,-2.3263423275332725E-17 
196.0,5.886029056483203E-18 196.0,-5.886029056483203E-18 
197.0,7.917630623967639E-19 197.0,-7.917630623967639E-19 
198.0,9.972181652201989E-18 198.0,9.972181652201989E-18 
199.0,4.334113905553374E-17 199.0,4.334113905553374E-17 
200.0,6.071532165918825E-18 200.0,6.071532165918825E-18 
201.0,5.1924851731386294E-18 201.0,-5.1924851731386294E-18 
202.0,9.438024269231948E-18 202.0,9.438024269231948E-18 
203.0,1.084183050085754E-17 203.0,-1.084183050085754E-17 
204.0,9.907375587040064E-18 204.0,-9.907375587040064E-18 
205.0,2.6924368809372984E-18 205.0,-2.6924368809372984E-18 
206.0,2.6231852928389912E-18 206.0,2.6231852928389912E-18 
207.0,2.055267857658758E-17 207.0,2.055267857658758E-17 
208.0,3.469446951953614E-18 208.0,3.469446951953614E-18 
209.0,7.504016562540806E-18 209.0,-7.504016562540806E-18 
210.0,6.1554295848205346E-18 210.0,-6.1554295848205346E-18 
211.0,1.1486484027956592E-17 211.0,-1.1486484027956592E-17 
212.0,1.1772782192988415E-17 212.0,-1.1772782192988415E-17 
213.0,8.418868515313881E-18 213.0,-8.418868515313881E-18 
214.0,1.1477501808563016E-17 214.0,1.1477501808563016E-17 
215.0,3.047167013270362E-17 215.0,3.047167013270362E-17 
216.0,6.071532165918825E-18 216.0,6.071532165918825E-18 
217.0,1.023179494531912E-17 217.0,-1.023179494531912E-17 
218.0,9.760895192200722E-18 218.0,9.760895192200722E-18 
219.0,3.881251123729015E-18 219.0,-3.881251123729015E-18 
220.0,5.12630314645836E-18 220.0,-5.12630314645836E-18 
221.0,4.401055744559231E-18 221.0,-4.401055744559231E-18 
222.0,3.789196713724507E-19 222.0,3.789196713724507E-19 
223.0,1.805273889799678E-17 223.0,1.805273889799678E-17 
224.0,1.0408340855860843E-17 224.0,1.0408340855860843E-17 
225.0,3.1877033868302374E-18 225.0,-3.1877033868302374E-18 
226.0,3.6184807801308915E-18 226.0,-3.6184807801308915E-18 
227.0,6.135159362381659E-18 227.0,-6.135159362381659E-18 
228.0,4.57092997789197E-18 228.0,-4.57092997789197E-18 
229.0,4.6931615296611655E-18 229.0,-4.6931615296611655E-18 
230.0,9.04919771147321E-18 230.0,9.04919771147321E-18 
231.0,1.9087472728511062E-17 231.0,1.9087472728511062E-17 
232.0,3.0357660829594124E-18 232.0,3.0357660829594124E-18 
233.0,6.146874330238306E-18 233.0,-6.146874330238306E-18 
234.0,2.2893218933554903E-18 234.0,2.2893218933554903E-18 
235.0,3.9939001921348527E-19 235.0,3.9939001921348527E-19 
236.0,5.711457048869271E-18 236.0,-5.711457048869271E-18 
237.0,1.0165112262603266E-18 237.0,-1.0165112262603266E-18 
238.0,3.4792650001015106E-19 238.0,-3.4792650001015106E-19 
239.0,1.7632397269688875E-17 239.0,1.7632397269688875E-17 
240.0,4.336808689942018E-18 240.0,-4.336808689942018E-18 
241.0,1.460215372952261E-18 241.0,-1.460215372952261E-18 
242.0,2.2694935692835508E-18 242.0,-2.2694935692835508E-18 
243.0,7.428169143607285E-18 243.0,-7.428169143607285E-18 
244.0,4.253617448129376E-18 244.0,-4.253617448129376E-18 
245.0,9.307559157217251E-20 245.0,-9.307559157217251E-20 
246.0,6.363513744835807E-18 246.0,6.363513744835807E-18 
247.0,1.143831983012457E-17 247.0,1.143831983012457E-17 
248.0,6.505213034913027E-19 248.0,6.505213034913027E-19 
249.0,4.0514901528410815E-18 249.0,-4.0514901528410815E-18 
250.0,2.437588893610476E-18 250.0,2.437588893610476E-18 
251.0,6.599938335153859E-19 251.0,-6.599938335153859E-19 
252.0,7.099840085609797E-18 252.0,-7.099840085609797E-18 
253.0,1.97601340312943E-18 253.0,-1.97601340312943E-18 
254.0,2.9381612183281633E-18 254.0,2.9381612183281633E-18 
255.0,7.096144137390145E-18 255.0,7.096144137390145E-18 
256.0,4.3368086899420177E-19 256.0,4.3368086899420177E-19 
257.0,1.74765186104694E-18 257.0,-1.74765186104694E-18 
258.0,3.522163831689447E-18 258.0,-3.522163831689447E-18 
259.0,6.092188147570014E-18 259.0,-6.092188147570014E-18 
260.0,9.89250418578214E-19 260.0,-9.89250418578214E-19 
261.0,6.591284773862781E-19 261.0,-6.591284773862781E-19 
262.0,2.4435491798213134E-18 262.0,2.4435491798213134E-18 
263.0,1.2532081488471062E-17 263.0,1.2532081488471062E-17 
264.0,2.1684043449710089E-19 264.0,-2.1684043449710089E-19 
265.0,1.8088624929589783E-18 265.0,-1.8088624929589783E-18 
266.0,4.074318023460539E-18 266.0,4.074318023460539E-18 
267.0,2.614963922529172E-18 267.0,-2.614963922529172E-18 
268.0,3.1829891340947485E-18 268.0,-3.1829891340947485E-18 
269.0,1.601710324520935E-18 269.0,-1.601710324520935E-18 
270.0,1.98266103543464E-19 270.0,-1.98266103543464E-19 
271.0,6.813156074500614E-18 271.0,6.813156074500614E-18 
272.0,1.5178830414797062E-18 272.0,1.5178830414797062E-18 
273.0,1.9451735062166208E-18 273.0,-1.9451735062166208E-18 
274.0,2.551267584040521E-18 274.0,-2.551267584040521E-18 
275.0,4.380818265969104E-18 275.0,-4.380818265969104E-18 
276.0,2.8037873502447516E-18 276.0,-2.8037873502447516E-18 
277.0,1.9123979935863876E-18 277.0,-1.9123979935863876E-18 
278.0,3.2692619215688396E-18 278.0,3.2692619215688396E-18 
279.0,1.107299640070261E-17 279.0,1.107299640070261E-17 
280.0,3.0357660829594124E-18 280.0,3.0357660829594124E-18 
281.0,2.5943914683951924E-18 281.0,-2.5943914683951924E-18 
282.0,3.848542660523606E-18 282.0,3.848542660523606E-18 
283.0,1.633169029146496E-18 283.0,-1.633169029146496E-18 
284.0,2.0650658469586058E-18 284.0,-2.0650658469586058E-18 
285.0,1.1511472984289188E-18 285.0,-1.1511472984289188E-18 
286.0,1.4643369314295386E-19 286.0,-1.4643369314295386E-19 
287.0,5.691556546588213E-18 287.0,5.691556546588213E-18 
288.0,2.6020852139652106E-18 288.0,2.6020852139652106E-18 
289.0,9.450644107486519E-19 289.0,-9.450644107486519E-19 
290.0,1.7594327235113164E-18 290.0,-1.7594327235113164E-18 
291.0,2.6646178379671236E-18 291.0,-2.6646178379671236E-18 
292.0,1.106998851235213E-18 292.0,-1.106998851235213E-18 
293.0,1.2519460771566533E-18 293.0,-1.2519460771566533E-18 
294.0,2.7789849494069744E-18 294.0,2.7789849494069744E-18 
295.0,7.881041126947318E-18 295.0,7.881041126947318E-18 
296.0,9.75781955236954E-19 296.0,9.75781955236954E-19 
297.0,1.4593492075911685E-18 297.0,-1.4593492075911685E-18 
298.0,1.315729081987739E-18 298.0,1.315729081987739E-18 
299.0,5.247127387708219E-19 299.0,-5.247127387708219E-19 
300.0,1.9365872783891417E-18 300.0,-1.9365872783891417E-18 
301.0,8.265828336804407E-19 301.0,-8.265828336804407E-19 
302.0,5.933233073216436E-19 302.0,-5.933233073216436E-19 
303.0,7.288955833855302E-18 303.0,7.288955833855302E-18 
304.0,6.505213034913027E-19 304.0,-6.505213034913027E-19 
305.0,4.492646746909393E-19 305.0,-4.492646746909393E-19 
306.0,1.267216963809496E-18 306.0,-1.267216963809496E-18 
307.0,2.9020010141581303E-18 307.0,-2.9020010141581303E-18 
308.0,1.6710778093568417E-18 308.0,-1.6710778093568417E-18 
309.0,4.058399857365816E-19 309.0,-4.058399857365816E-19 
310.0,2.3364285659294277E-18 310.0,2.3364285659294277E-18 
311.0,4.839908094259645E-18 311.0,4.839908094259645E-18 
312.0,6.505213034913027E-19 312.0,-6.505213034913027E-19 
313.0,1.2619356509848496E-18 313.0,-1.2619356509848496E-18 
314.0,1.6680974849271745E-18 314.0,1.6680974849271745E-18 
315.0,1.8940162367952398E-19 315.0,1.8940162367952398E-19 
316.0,2.2872175866834193E-18 316.0,-2.2872175866834193E-18 
317.0,6.930225821249316E-19 317.0,-6.930225821249316E-19 
318.0,7.518260222121519E-19 318.0,7.518260222121519E-19 
319.0,2.844852004237816E-18 319.0,2.844852004237816E-18 
320.0,4.3368086899420177E-19 320.0,4.3368086899420177E-19 
321.0,9.942255712451483E-19 321.0,-9.942255712451483E-19 
322.0,2.2438637722743035E-18 322.0,-2.2438637722743035E-18 
323.0,2.7027154744483504E-18 323.0,-2.7027154744483504E-18 
324.0,6.764594921423791E-19 324.0,-6.764594921423791E-19 
325.0,3.066031629362908E-19 325.0,-3.066031629362908E-19 
326.0,1.8905155426717484E-18 326.0,1.8905155426717484E-18 
327.0,5.5150454210947654E-18 327.0,5.5150454210947654E-18 
328.0,1.0842021724855044E-19 328.0,-1.0842021724855044E-19 
329.0,6.065651122401959E-19 329.0,-6.065651122401959E-19 
330.0,1.4191066914484716E-18 330.0,1.4191066914484716E-18 
331.0,7.4061469495059325E-19 331.0,-7.4061469495059325E-19 
332.0,1.5168737640817793E-18 332.0,-1.5168737640817793E-18 
333.0,4.1060529720677325E-19 333.0,-4.1060529720677325E-19 
334.0,2.2565018589970445E-19 334.0,2.2565018589970445E-19 
335.0,2.4597696507262874E-18 335.0,2.4597696507262874E-18 
336.0,5.421010862427522E-19 336.0,5.421010862427522E-19 
337.0,8.95387057325984E-19 337.0,-8.95387057325984E-19 
338.0,1.1029407081039067E-18 338.0,-1.1029407081039067E-18 
339.0,1.5407161282944775E-18 339.0,-1.5407161282944775E-18 
340.0,1.655071423067679E-18 340.0,-1.655071423067679E-18 
341.0,8.669176280353832E-19 341.0,-8.669176280353832E-19 
342.0,1.6251795607205177E-18 342.0,1.6251795607205177E-18 
343.0,4.05081647683956E-18 343.0,4.05081647683956E-18 
344.0,1.5720931501039814E-18 344.0,1.5720931501039814E-18 
345.0,1.169545951960225E-18 345.0,-1.169545951960225E-18 
346.0,1.6593542725995917E-18 346.0,1.6593542725995917E-18 
347.0,3.9204690935103435E-19 347.0,-3.9204690935103435E-19 
348.0,1.0899695031950055E-18 348.0,-1.0899695031950055E-18 
349.0,1.7487415700053175E-19 349.0,-1.7487415700053175E-19 
350.0,2.147224476638798E-19 350.0,2.147224476638798E-19 
351.0,1.3940573190856627E-18 351.0,1.3940573190856627E-18 
352.0,1.4094628242311558E-18 352.0,1.4094628242311558E-18 
353.0,4.848765377674336E-19 353.0,-4.848765377674336E-19 
354.0,7.795204587621729E-19 354.0,-7.795204587621729E-19 
355.0,8.532945925235924E-19 355.0,-8.532945925235924E-19 
356.0,7.717967105248163E-19 356.0,-7.717967105248163E-19 
357.0,5.413309437114867E-19 357.0,-5.413309437114867E-19 
358.0,1.278807645120539E-18 358.0,1.278807645120539E-18 
359.0,3.1963584018956023E-18 359.0,3.1963584018956023E-18 
360.0,7.047314121155779E-19 360.0,7.047314121155779E-19 
361.0,8.034887306123174E-19 361.0,-8.034887306123174E-19 
362.0,5.545354214976141E-19 362.0,5.545354214976141E-19 
363.0,2.5948399819053735E-19 363.0,-2.5948399819053735E-19 
364.0,1.036797166776544E-18 364.0,-1.036797166776544E-18 
365.0,2.161653968072305E-19 365.0,-2.161653968072305E-19 
366.0,1.1894722807624715E-19 366.0,-1.1894722807624715E-19 
367.0,1.6715094668134887E-18 367.0,1.6715094668134887E-18 
368.0,6.505213034913027E-19 368.0,-6.505213034913027E-19 
369.0,1.743141752105499E-19 369.0,-1.743141752105499E-19 
370.0,3.9268363095630624E-19 370.0,-3.9268363095630624E-19 
371.0,9.42378793382886E-19 371.0,-9.42378793382886E-19 
372.0,7.735369760993735E-19 372.0,-7.735369760993735E-19 
373.0,1.0965428939682706E-19 373.0,-1.0965428939682706E-19 
374.0,9.984128465656852E-19 374.0,9.984128465656852E-19 
375.0,1.8927148454198313E-18 375.0,1.8927148454198313E-18 
376.0,2.1684043449710089E-19 376.0,-2.1684043449710089E-19 
377.0,5.677438480630065E-19 377.0,-5.677438480630065E-19 
378.0,5.117660347674828E-19 378.0,5.117660347674828E-19 
379.0,1.0519173221308152E-20 379.0,1.0519173221308152E-20 
380.0,9.985365399838264E-19 380.0,-9.985365399838264E-19 
381.0,3.181314000840701E-19 381.0,-3.181314000840701E-19 
382.0,4.1800922376350985E-19 382.0,4.1800922376350985E-19 
383.0,1.1642239682415417E-18 383.0,1.1642239682415417E-18 
384.0,1.6263032587282567E-19 384.0,1.6263032587282567E-19 
385.0,2.932415000557121E-19 385.0,-2.932415000557121E-19 
386.0,6.8731689985817235E-19 386.0,-6.8731689985817235E-19 
387.0,8.32751718527618E-19 387.0,-8.32751718527618E-19 
388.0,2.4959243806430435E-19 388.0,-2.4959243806430435E-19 
389.0,1.105614170149912E-19 389.0,-1.105614170149912E-19 
390.0,6.471127468945735E-19 390.0,6.471127468945735E-19 
391.0,1.7404581331341208E-18 391.0,1.7404581331341208E-18 
392.0,1.0842021724855044E-19 392.0,-1.0842021724855044E-19 
393.0,2.456465548886476E-19 393.0,-2.456465548886476E-19 
394.0,4.665403521847229E-19 394.0,4.665403521847229E-19 
395.0,1.9556962650632464E-19 395.0,-1.9556962650632464E-19 
396.0,5.511843008850113E-19 396.0,-5.511843008850113E-19 
397.0,1.780413551391468E-19 397.0,-1.780413551391468E-19 
398.0,7.618414011751249E-20 398.0,7.618414011751249E-20 
399.0,1.0506923733056414E-18 399.0,1.0506923733056414E-18 
400.0,3.2526065174565133E-19 400.0,3.2526065174565133E-19 
401.0,3.064089121248755E-19 401.0,-3.064089121248755E-19 
402.0,4.2976028652056354E-19 402.0,-4.2976028652056354E-19 
403.0,5.936737052622119E-19 403.0,-5.936737052622119E-19 
404.0,5.47003525562029E-19 404.0,-5.47003525562029E-19 
405.0,2.6754092857778226E-19 405.0,-2.6754092857778226E-19 
406.0,6.019805015198623E-19 406.0,6.019805015198623E-19 
407.0,1.3477976982803308E-18 407.0,1.3477976982803308E-18 
408.0,4.0657581468206416E-19 408.0,4.0657581468206416E-19 
409.0,3.8057131569336014E-19 409.0,-3.8057131569336014E-19 
410.0,5.595704587103286E-19 410.0,5.595704587103286E-19 
411.0,1.2757742964961174E-19 411.0,-1.2757742964961174E-19 
412.0,4.2981795260532906E-19 412.0,-4.2981795260532906E-19 
413.0,6.533712986663749E-20 413.0,-6.533712986663749E-20 
414.0,9.865088532523698E-20 414.0,9.865088532523698E-20 
415.0,4.798923355798058E-19 415.0,4.798923355798058E-19 
416.0,5.421010862427522E-19 416.0,5.421010862427522E-19 
417.0,1.8767521703858618E-19 417.0,-1.8767521703858618E-19 
418.0,3.0967139475640304E-19 418.0,-3.0967139475640304E-19 
419.0,3.743890252582007E-19 419.0,-3.743890252582007E-19 
420.0,2.8975502899023633E-19 420.0,-2.8975502899023633E-19 
421.0,1.8612779303672964E-19 421.0,-1.8612779303672964E-19 
422.0,4.632061667375174E-19 422.0,4.632061667375174E-19 
423.0,1.2344943195569351E-18 423.0,1.2344943195569351E-18 
424.0,4.3368086899420177E-19 424.0,4.3368086899420177E-19 
425.0,2.91367127088919E-19 425.0,-2.91367127088919E-19 
426.0,2.35358585726835E-19 426.0,2.35358585726835E-19 
427.0,1.1112529896599305E-19 427.0,-1.1112529896599305E-19 
428.0,3.819248760314437E-19 428.0,-3.819248760314437E-19 
429.0,8.924164334767008E-20 429.0,-8.924164334767008E-20 
430.0,2.4807144659339167E-20 430.0,-2.4807144659339167E-20 
431.0,7.188948006718783E-19 431.0,7.188948006718783E-19 
432.0,2.439454888092385E-19 432.0,-2.439454888092385E-19 
433.0,7.490236009265428E-20 433.0,-7.490236009265428E-20 
434.0,1.5742453847597698E-19 434.0,-1.5742453847597698E-19 
435.0,3.237512987584249E-19 435.0,-3.237512987584249E-19 
436.0,2.9633492138975597E-19 436.0,-2.9633492138975597E-19 
437.0,6.601172112559473E-20 437.0,-6.601172112559473E-20 
438.0,3.7887287663089776E-19 438.0,3.7887287663089776E-19 
439.0,6.849188860049882E-19 439.0,6.849188860049882E-19 
440.0,6.776263578034403E-20 440.0,-6.776263578034403E-20 
441.0,2.3093954314319814E-19 441.0,-2.3093954314319814E-19 
442.0,2.0278795045315474E-19 442.0,2.0278795045315474E-19 
443.0,1.5089083326301399E-21 443.0,-1.5089083326301399E-21 
444.0,3.5709516477981913E-19 444.0,-3.5709516477981913E-19 
445.0,1.111672344118199E-19 445.0,-1.111672344118199E-19 
446.0,1.3174456093859717E-19 446.0,1.3174456093859717E-19 
447.0,4.449726061917252E-19 447.0,4.449726061917252E-19 
448.0,2.710505431213761E-20 448.0,-2.710505431213761E-20 
449.0,1.395709108163024E-19 449.0,-1.395709108163024E-19 
450.0,3.359657121478509E-19 450.0,-3.359657121478509E-19 
451.0,3.6320829686205596E-19 451.0,-3.6320829686205596E-19 
452.0,1.3265382361465254E-19 452.0,-1.3265382361465254E-19 
453.0,4.174408717591883E-20 453.0,-4.174408717591883E-20 
454.0,3.339671565057858E-19 454.0,3.339671565057858E-19 
455.0,6.382682013790606E-19 455.0,6.382682013790606E-19 
456.0,1.0842021724855044E-19 456.0,-1.0842021724855044E-19 
457.0,8.904362303690273E-20 457.0,-8.904362303690273E-20 
458.0,1.6030828832126976E-19 458.0,1.6030828832126976E-19 
459.0,6.401691417183114E-20 459.0,-6.401691417183114E-20 
460.0,2.4774357618337587E-19 460.0,-2.4774357618337587E-19 
461.0,5.435376878876764E-20 461.0,-5.435376878876764E-20 
462.0,6.41465470329267E-20 462.0,6.41465470329267E-20 
463.0,3.9770471822651584E-19 463.0,3.9770471822651584E-19 
464.0,8.131516293641283E-20 464.0,8.131516293641283E-20 
465.0,1.2716022982909097E-19 465.0,-1.2716022982909097E-19 
466.0,1.7602009658286897E-19 466.0,-1.7602009658286897E-19 
467.0,2.408368262536196E-19 467.0,-2.408368262536196E-19 
468.0,2.651484445434996E-19 468.0,-2.651484445434996E-19 
469.0,1.130053888695442E-19 469.0,-1.130053888695442E-19 
470.0,2.758208460069592E-19 470.0,2.758208460069592E-19 
471.0,4.598815996487785E-19 471.0,4.598815996487785E-19 
472.0,1.6940658945086007E-19 472.0,1.6940658945086007E-19 
473.0,1.5683923328668382E-19 473.0,-1.5683923328668382E-19 
474.0,2.200740849271903E-19 474.0,2.200740849271903E-19 
475.0,2.0748445028450338E-20 475.0,-2.0748445028450338E-20 
476.0,1.953283335740682E-19 476.0,-1.953283335740682E-19 
477.0,2.963095874967896E-21 477.0,-2.963095874967896E-21 
478.0,6.727974072584692E-20 478.0,6.727974072584692E-20 
479.0,1.4413538559479204E-19 479.0,1.4413538559479204E-19 
480.0,2.1684043449710089E-19 480.0,2.1684043449710089E-19 
481.0,8.264108866117938E-20 481.0,-8.264108866117938E-20 
482.0,1.2923453966647893E-19 482.0,-1.2923453966647893E-19 
483.0,1.3247477807506014E-19 483.0,-1.3247477807506014E-19 
484.0,1.5052231839392045E-19 484.0,-1.5052231839392045E-19 
485.0,7.520709315448991E-20 485.0,-7.520709315448991E-20 
486.0,2.0625293790919044E-19 486.0,2.0625293790919044E-19 
487.0,4.0739409226708805E-19 487.0,4.0739409226708805E-19 
488.0,1.0842021724855044E-19 488.0,1.0842021724855044E-19 
489.0,1.3015355146671713E-19 489.0,-1.3015355146671713E-19 
490.0,9.232719403092013E-20 490.0,9.232719403092013E-20 
491.0,5.512949371012778E-20 491.0,-5.512949371012778E-20 
492.0,1.7738439708246116E-19 492.0,-1.7738439708246116E-19 
493.0,1.968533326012994E-20 493.0,-1.968533326012994E-20 
494.0,5.9439494664495595E-21 494.0,5.9439494664495595E-21 
495.0,2.1691979386600777E-19 495.0,2.1691979386600777E-19 
496.0,6.776263578034403E-20 496.0,-6.776263578034403E-20 
497.0,3.126360739109745E-20 497.0,-3.126360739109745E-20 
498.0,5.733143012694913E-20 498.0,-5.733143012694913E-20 
499.0,1.2106759174161238E-19 499.0,-1.2106759174161238E-19 
500.0,1.327245892339862E-19 500.0,-1.327245892339862E-19 
501.0,2.1202667831379758E-20 501.0,-2.1202667831379758E-20 
502.0,1.5887178300866397E-19 502.0,1.5887178300866397E-19 
503.0,2.504484558777935E-19 503.0,2.504484558777935E-19 
504.0,1.3552527156068805E-20 504.0,-1.3552527156068805E-20 
505.0,9.592554469504693E-20 505.0,-9.592554469504693E-20 
506.0,6.760429582581757E-20 506.0,6.760429582581757E-20 
507.0,6.899589330595947E-21 507.0,-6.899589330595947E-21 
508.0,1.5439232881005341E-19 508.0,-1.5439232881005341E-19 
509.0,4.164884679375816E-20 509.0,-4.164884679375816E-20 
510.0,6.679402834388215E-20 510.0,6.679402834388215E-20 
511.0,1.6803612809733926E-19 511.0,1.6803612809733926E-19 
