x:Traj Length y:f_k(x),
0.0,-8.344019919447698E-16 0.0,8.647625238407685E-17 0.0,-4.2374962385373043E-16 0.0,1.3723864872059436E-16 0.0,-1.1606870290850757E-16 
1.0,8.647625238407695E-17 1.0,-4.2374962385373013E-16 1.0,1.3723864872059443E-16 1.0,-1.1606870290850634E-16 1.0,2.9864044903303163E-16 
2.0,-4.2374962385373063E-16 2.0,1.3723864872059433E-16 2.0,-1.1606870290850639E-16 2.0,2.9864044903302843E-16 2.0,-4.1991888518260835E-17 
3.0,1.3723864872059448E-16 3.0,-1.160687029085063E-16 3.0,2.986404490330286E-16 3.0,-4.199188851826039E-17 3.0,2.7217580144463633E-16 
4.0,-1.1606870290850644E-16 4.0,2.986404490330284E-16 4.0,-4.199188851826041E-17 4.0,2.721758014446334E-16 4.0,0.2499999999999849 
5.0,2.9864044903302867E-16 5.0,-4.199188851826038E-17 5.0,2.7217580144463356E-16 5.0,0.24999999999998224 5.0,1.5021272750650293E-16 
6.0,-4.199188851826043E-17 6.0,2.7217580144463337E-16 6.0,0.24999999999998235 6.0,1.5021272750650133E-16 6.0,-1.3197710150098264E-15 
7.0,2.7217580144463366E-16 7.0,0.24999999999998218 7.0,1.5021272750650138E-16 7.0,-1.3197710150098124E-15 7.0,4.50494517400916E-16 
8.0,0.24999999999998246 8.0,1.5021272750650128E-16 8.0,-1.319771015009813E-15 8.0,4.504945174009112E-16 8.0,-4.989263348847804E-16 
9.0,1.5021272750650145E-16 9.0,-1.319771015009812E-15 9.0,4.504945174009114E-16 9.0,-4.989263348847751E-16 9.0,-1.097724117053013E-16 
10.0,-1.3197710150098136E-15 10.0,4.504945174009111E-16 10.0,-4.989263348847753E-16 10.0,-1.0977241170530014E-16 10.0,1.1656961882832899E-15 
11.0,4.504945174009116E-16 11.0,-4.98926334884775E-16 11.0,-1.0977241170530018E-16 11.0,1.1656961882832774E-15 11.0,-3.592160782575695E-17 
12.0,-4.989263348847755E-16 12.0,-1.0977241170530011E-16 12.0,1.165696188283278E-15 12.0,-3.592160782575657E-17 12.0,1.4510961876544838E-15 
13.0,-1.0977241170530023E-16 13.0,1.1656961882832772E-15 13.0,-3.592160782575658E-17 13.0,1.4510961876544684E-15 13.0,-1.954278935308204E-16 
14.0,1.1656961882832784E-15 14.0,-3.5921607825756555E-17 14.0,1.451096187654469E-15 14.0,-1.9542789353081831E-16 14.0,-2.0261247000820376E-16 
15.0,-3.59216078257566E-17 15.0,1.451096187654468E-15 15.0,-1.954278935308184E-16 15.0,-2.026124700082016E-16 15.0,3.285252047089027E-16 
16.0,1.4510961876544696E-15 16.0,-1.954278935308183E-16 16.0,-2.026124700082017E-16 16.0,3.285252047088992E-16 16.0,-4.3707169243203047E-16 
17.0,-1.9542789353081849E-16 17.0,-2.0261247000820154E-16 17.0,3.2852520470889934E-16 17.0,-4.3707169243202584E-16 17.0,7.371293171231162E-16 
18.0,-2.0261247000820176E-16 18.0,3.2852520470889915E-16 18.0,-4.3707169243202604E-16 18.0,7.371293171231083E-16 18.0,-4.2951218500565914E-16 
19.0,3.285252047088995E-16 19.0,-4.3707169243202574E-16 19.0,7.371293171231086E-16 19.0,-4.2951218500565456E-16 19.0,2.9454388741858963E-17 
20.0,-4.3707169243202623E-16 20.0,7.371293171231081E-16 20.0,-4.2951218500565476E-16 20.0,2.945438874185865E-17 20.0,0.062499999999998196 
21.0,7.37129317123109E-16 21.0,-4.2951218500565446E-16 21.0,2.945438874185866E-17 21.0,0.06249999999999753 21.0,-8.243933530709689E-16 
22.0,-4.295121850056549E-16 22.0,2.945438874185864E-17 22.0,0.06249999999999756 22.0,-8.243933530709601E-16 22.0,-1.4900182021177415E-16 
23.0,2.9454388741858673E-17 23.0,0.062499999999997516 23.0,-8.243933530709605E-16 23.0,-1.4900182021177254E-16 23.0,8.306352982412251E-16 
24.0,0.062499999999997585 24.0,-8.243933530709599E-16 24.0,-1.4900182021177262E-16 24.0,8.306352982412164E-16 24.0,-5.166163331273712E-16 
25.0,-8.243933530709609E-16 25.0,-1.4900182021177252E-16 25.0,8.306352982412166E-16 25.0,-5.166163331273657E-16 25.0,-5.922931270324047E-16 
26.0,-1.4900182021177267E-16 26.0,8.306352982412162E-16 26.0,-5.166163331273659E-16 26.0,-5.922931270323984E-16 26.0,-1.009616969614685E-15 
27.0,8.30635298241217E-16 27.0,-5.166163331273656E-16 27.0,-5.922931270323986E-16 27.0,-1.0096169696146742E-15 27.0,1.517218851795798E-16 
28.0,-5.166163331273661E-16 28.0,-5.922931270323982E-16 28.0,-1.0096169696146748E-15 28.0,1.5172188517957818E-16 28.0,0.24999999999999156 
29.0,-5.922931270323989E-16 29.0,-1.009616969614674E-15 29.0,1.5172188517957825E-16 29.0,0.2499999999999889 29.0,-2.567133890707593E-16 
30.0,-1.0096169696146752E-15 30.0,1.5172188517957815E-16 30.0,0.249999999999989 30.0,-2.567133890707566E-16 30.0,-1.213900480360248E-15 
31.0,1.5172188517957833E-16 31.0,0.24999999999998884 31.0,-2.567133890707567E-16 31.0,-1.2139004803602349E-15 31.0,-6.888667338476107E-17 
32.0,0.24999999999998912 32.0,-2.567133890707565E-16 32.0,-1.2139004803602355E-15 32.0,-6.888667338476033E-17 32.0,-8.302685234851974E-16 
33.0,-2.567133890707568E-16 33.0,-1.2139004803602347E-15 33.0,-6.888667338476036E-17 33.0,-8.302685234851885E-16 33.0,3.318181510690266E-16 
34.0,-1.213900480360236E-15 34.0,-6.888667338476031E-17 34.0,-8.302685234851889E-16 34.0,3.3181815106902305E-16 34.0,3.9427226477621286E-16 
35.0,-6.888667338476039E-17 35.0,-8.302685234851883E-16 35.0,3.318181510690232E-16 35.0,3.9427226477620867E-16 35.0,2.933218348297158E-16 
36.0,-8.302685234851892E-16 36.0,3.31818151069023E-16 36.0,3.9427226477620887E-16 36.0,2.933218348297127E-16 36.0,0.01562500000000091 
37.0,3.3181815106902335E-16 37.0,3.9427226477620857E-16 37.0,2.933218348297128E-16 37.0,0.015625000000000742 37.0,-9.505491080207616E-16 
38.0,3.94272264776209E-16 38.0,2.933218348297126E-16 38.0,0.01562500000000075 38.0,-9.505491080207513E-16 38.0,-2.635163883534869E-16 
39.0,2.9332183482971295E-16 39.0,0.01562500000000074 39.0,-9.50549108020752E-16 39.0,-2.635163883534841E-16 39.0,5.975220200922908E-16 
40.0,0.015625000000000756 40.0,-9.505491080207511E-16 40.0,-2.6351638835348424E-16 40.0,5.975220200922845E-16 40.0,-3.0404245055556847E-16 
41.0,-9.505491080207523E-16 41.0,-2.6351638835348405E-16 41.0,5.975220200922847E-16 41.0,-3.040424505555652E-16 41.0,-2.5460991950323055E-16 
42.0,-2.6351638835348434E-16 42.0,5.975220200922843E-16 42.0,-3.0404245055556536E-16 42.0,-2.5460991950322784E-16 42.0,-2.4553801918362146E-16 
43.0,5.97522020092285E-16 43.0,-3.0404245055556516E-16 43.0,-2.54609919503228E-16 43.0,-2.4553801918361885E-16 43.0,5.741283381954348E-16 
44.0,-3.040424505555655E-16 44.0,-2.546099195032278E-16 44.0,-2.4553801918361895E-16 44.0,5.741283381954286E-16 44.0,0.06250000000000087 
45.0,-2.546099195032281E-16 45.0,-2.455380191836188E-16 45.0,5.741283381954289E-16 45.0,0.06250000000000021 45.0,-6.596351555108027E-16 
46.0,-2.4553801918361904E-16 46.0,5.741283381954285E-16 46.0,0.06250000000000024 46.0,-6.596351555107957E-16 46.0,-5.128300204904788E-16 
47.0,5.741283381954291E-16 47.0,0.0625000000000002 47.0,-6.59635155510796E-16 47.0,-5.128300204904733E-16 47.0,6.214923887696396E-16 
48.0,0.06250000000000026 48.0,-6.596351555107955E-16 48.0,-5.128300204904735E-16 48.0,6.21492388769633E-16 48.0,-8.307028315286677E-17 
49.0,-6.596351555107963E-16 49.0,-5.128300204904732E-16 49.0,6.214923887696333E-16 49.0,-8.307028315286588E-17 49.0,3.3330354986645513E-16 
50.0,-5.128300204904738E-16 50.0,6.214923887696328E-16 50.0,-8.307028315286592E-17 50.0,3.333035498664516E-16 50.0,-6.629481109268508E-17 
51.0,6.214923887696335E-16 51.0,-8.307028315286587E-17 51.0,3.3330354986645173E-16 51.0,-6.629481109268438E-17 51.0,5.843032786807269E-16 
52.0,-8.307028315286595E-17 52.0,3.333035498664515E-16 52.0,-6.629481109268442E-17 52.0,5.843032786807207E-16 52.0,0.003906250000003544 
53.0,3.333035498664519E-16 53.0,-6.629481109268437E-17 53.0,5.843032786807209E-16 53.0,0.003906250000003502 53.0,-2.802672553686514E-16 
54.0,-6.629481109268444E-17 54.0,5.843032786807205E-16 54.0,0.003906250000003504 54.0,-2.8026725536864842E-16 54.0,-3.5106815908669914E-16 
55.0,5.843032786807212E-16 55.0,0.0039062500000035015 55.0,-2.802672553686485E-16 55.0,-3.510681590866954E-16 55.0,2.4777725344332984E-16 
56.0,0.003906250000003506 56.0,-2.8026725536864833E-16 56.0,-3.5106815908669554E-16 56.0,2.4777725344332717E-16 56.0,-3.2626768772914777E-16 
57.0,-2.8026725536864867E-16 57.0,-3.5106815908669534E-16 57.0,2.4777725344332727E-16 57.0,-3.2626768772914427E-16 57.0,1.0502018967827068E-16 
58.0,-3.510681590866957E-16 58.0,2.4777725344332712E-16 58.0,-3.262676877291444E-16 58.0,1.0502018967826956E-16 58.0,-9.514771432667452E-17 
59.0,2.4777725344332737E-16 59.0,-3.262676877291442E-16 59.0,1.0502018967826961E-16 59.0,-9.514771432667351E-17 59.0,4.1947660326248483E-16 
60.0,-3.2626768772914457E-16 60.0,1.0502018967826953E-16 60.0,-9.514771432667356E-17 60.0,4.1947660326248035E-16 60.0,0.01562500000000176 
61.0,1.0502018967826964E-16 61.0,-9.514771432667349E-17 61.0,4.1947660326248054E-16 61.0,0.015625000000001592 61.0,-7.430736431207926E-16 
62.0,-9.51477143266736E-17 62.0,4.1947660326248025E-16 62.0,0.0156250000000016 62.0,-7.430736431207847E-16 62.0,-2.010280541167421E-16 
63.0,4.1947660326248074E-16 63.0,0.01562500000000159 63.0,-7.43073643120785E-16 63.0,-2.0102805411673995E-16 63.0,1.5930317266888333E-16 
64.0,0.015625000000001606 64.0,-7.430736431207845E-16 64.0,-2.0102805411674002E-16 64.0,1.5930317266888163E-16 64.0,-6.349017219764977E-16 
65.0,-7.430736431207853E-16 65.0,-2.010280541167399E-16 65.0,1.593031726688817E-16 65.0,-6.34901721976491E-16 65.0,-3.489618170701954E-16 
66.0,-2.0102805411674012E-16 66.0,1.593031726688816E-16 66.0,-6.349017219764912E-16 66.0,-3.489618170701917E-16 66.0,-6.3201489952043E-16 
67.0,1.5930317266888177E-16 67.0,-6.349017219764908E-16 67.0,-3.4896181707019187E-16 67.0,-6.3201489952042315E-16 67.0,4.322290341007247E-16 
68.0,-6.349017219764915E-16 68.0,-3.489618170701916E-16 68.0,-6.320148995204234E-16 68.0,4.322290341007201E-16 68.0,0.06347656250000197 
69.0,-3.48961817070192E-16 69.0,-6.320148995204231E-16 69.0,4.322290341007203E-16 69.0,0.0634765625000013 69.0,3.278602691181649E-19 
70.0,-6.320148995204237E-16 70.0,4.3222903410072E-16 70.0,0.06347656250000133 70.0,3.278602691181614E-19 70.0,-7.440591821882039E-16 
71.0,4.3222903410072046E-16 71.0,0.06347656250000129 71.0,3.2786026911816153E-19 71.0,-7.44059182188196E-16 71.0,6.003319393831173E-16 
72.0,0.06347656250000136 72.0,3.2786026911816133E-19 72.0,-7.440591821881963E-16 72.0,6.003319393831109E-16 72.0,-4.960965322062545E-16 
73.0,3.2786026911816167E-19 73.0,-7.440591821881958E-16 73.0,6.003319393831111E-16 73.0,-4.960965322062492E-16 73.0,1.228739238140928E-16 
74.0,-7.440591821881966E-16 74.0,6.003319393831108E-16 74.0,-4.960965322062494E-16 74.0,1.228739238140915E-16 74.0,6.046420077274324E-16 
75.0,6.003319393831114E-16 75.0,-4.960965322062491E-16 75.0,1.2287392381409154E-16 75.0,6.046420077274259E-16 75.0,1.7083997746099634E-16 
76.0,-4.960965322062496E-16 76.0,1.2287392381409147E-16 76.0,6.046420077274262E-16 76.0,1.708399774609945E-16 76.0,0.003906250000002233 
77.0,1.228739238140916E-16 77.0,6.046420077274258E-16 77.0,1.7083997746099459E-16 77.0,0.003906250000002191 77.0,-2.6306353232167137E-16 
78.0,6.046420077274265E-16 78.0,1.7083997746099449E-16 78.0,0.003906250000002193 78.0,-2.6306353232166856E-16 78.0,-4.3248070929648655E-16 
79.0,1.7083997746099466E-16 79.0,0.00390625000000219 79.0,-2.6306353232166866E-16 79.0,-4.324807092964819E-16 79.0,3.230271250698464E-16 
80.0,0.003906250000002194 80.0,-2.630635323216685E-16 80.0,-4.324807092964821E-16 80.0,3.2302712506984295E-16 80.0,-3.2989521610232107E-16 
81.0,-2.630635323216688E-16 81.0,-4.324807092964818E-16 81.0,3.230271250698431E-16 81.0,-3.2989521610231757E-16 81.0,1.753925291611379E-16 
82.0,-4.324807092964823E-16 82.0,3.230271250698429E-16 82.0,-3.298952161023177E-16 82.0,1.7539252916113605E-16 82.0,-4.417692487453879E-16 
83.0,3.2302712506984325E-16 83.0,-3.2989521610231747E-16 83.0,1.7539252916113613E-16 83.0,-4.4176924874538316E-16 83.0,2.707612402633759E-16 
84.0,-3.2989521610231786E-16 84.0,1.75392529161136E-16 84.0,-4.4176924874538335E-16 84.0,2.7076124026337306E-16 84.0,0.03149414062500202 
85.0,1.753925291611362E-16 85.0,-4.4176924874538306E-16 85.0,2.7076124026337315E-16 85.0,0.031494140625001686 85.0,-6.200330025041204E-16 
86.0,-4.4176924874538355E-16 86.0,2.70761240263373E-16 86.0,0.0314941406250017 86.0,-6.200330025041138E-16 86.0,-3.4935573516134123E-16 
87.0,2.707612402633733E-16 87.0,0.03149414062500168 87.0,-6.200330025041141E-16 87.0,-3.493557351613375E-16 87.0,4.874921550131132E-16 
88.0,0.031494140625001714 88.0,-6.200330025041137E-16 88.0,-3.4935573516133763E-16 88.0,4.87492155013108E-16 88.0,-3.5416782341980525E-16 
89.0,-6.200330025041144E-16 89.0,-3.4935573516133744E-16 89.0,4.874921550131083E-16 89.0,-3.5416782341980145E-16 89.0,-1.0499804484308351E-16 
90.0,-3.4935573516133783E-16 90.0,4.874921550131079E-16 90.0,-3.5416782341980165E-16 90.0,-1.0499804484308239E-16 90.0,-6.946915199412689E-16 
91.0,4.874921550131085E-16 91.0,-3.541678234198014E-16 91.0,-1.0499804484308244E-16 91.0,-6.946915199412615E-16 91.0,-1.3108072386563746E-16 
92.0,-3.541678234198018E-16 92.0,-1.0499804484308236E-16 92.0,-6.946915199412618E-16 92.0,-1.3108072386563608E-16 92.0,0.06347656250000279 
93.0,-1.0499804484308249E-16 93.0,-6.946915199412613E-16 93.0,-1.3108072386563613E-16 93.0,0.06347656250000212 93.0,-4.3049236672864534E-16 
94.0,-6.946915199412621E-16 94.0,-1.3108072386563603E-16 94.0,0.06347656250000215 94.0,-4.3049236672864075E-16 94.0,-4.805100104170038E-16 
95.0,-1.3108072386563618E-16 95.0,0.06347656250000211 95.0,-4.3049236672864095E-16 95.0,-4.805100104169987E-16 95.0,-2.223572103065334E-16 
96.0,0.06347656250000218 96.0,-4.3049236672864065E-16 96.0,-4.805100104169989E-16 96.0,-2.22357210306531E-16 96.0,-4.9155262479755225E-16 
97.0,-4.3049236672864115E-16 97.0,-4.805100104169986E-16 97.0,-2.223572103065311E-16 97.0,-4.91552624797547E-16 97.0,1.5857697991537227E-16 
98.0,-4.805100104169991E-16 98.0,-2.2235721030653097E-16 98.0,-4.915526247975472E-16 98.0,1.5857697991537056E-16 98.0,1.420559976719869E-16 
99.0,-2.223572103065312E-16 99.0,-4.915526247975469E-16 99.0,1.5857697991537064E-16 99.0,1.420559976719854E-16 99.0,2.5475128237735744E-16 
100.0,-4.915526247975474E-16 100.0,1.5857697991537054E-16 100.0,1.4205599767198545E-16 100.0,2.547512823773547E-16 100.0,0.011779785156251686 
101.0,1.5857697991537071E-16 101.0,1.4205599767198535E-16 101.0,2.547512823773548E-16 101.0,0.011779785156251561 101.0,-8.751932128513376E-16 
102.0,1.4205599767198552E-16 102.0,2.5475128237735467E-16 102.0,0.011779785156251566 102.0,-8.751932128513283E-16 102.0,-1.4015798340181402E-16 
103.0,2.5475128237735497E-16 103.0,0.011779785156251558 103.0,-8.751932128513287E-16 103.0,-1.401579834018125E-16 103.0,4.871130049830618E-16 
104.0,0.011779785156251572 104.0,-8.751932128513281E-16 104.0,-1.4015798340181259E-16 104.0,4.871130049830566E-16 104.0,-2.585169477012511E-16 
105.0,-8.751932128513291E-16 105.0,-1.4015798340181249E-16 105.0,4.871130049830568E-16 105.0,-2.5851694770124834E-16 105.0,-2.1299388508205132E-16 
106.0,-1.4015798340181266E-16 106.0,4.871130049830565E-16 106.0,-2.585169477012485E-16 106.0,-2.1299388508204905E-16 106.0,-3.1243373971946582E-16 
107.0,4.87113004983057E-16 107.0,-2.585169477012483E-16 107.0,-2.1299388508204915E-16 107.0,-3.124337397194625E-16 107.0,2.37195641579867E-16 
108.0,-2.585169477012486E-16 108.0,-2.12993885082049E-16 108.0,-3.1243373971946267E-16 108.0,2.3719564157986444E-16 108.0,0.031494140625003164 
109.0,-2.1299388508204925E-16 109.0,-3.124337397194624E-16 109.0,2.3719564157986454E-16 109.0,0.03149414062500283 109.0,-5.256808350231788E-16 
110.0,-3.1243373971946277E-16 110.0,2.371956415798644E-16 110.0,0.031494140625002845 110.0,-5.256808350231732E-16 110.0,-4.001293562789441E-16 
111.0,2.371956415798647E-16 111.0,0.031494140625002824 111.0,-5.256808350231735E-16 111.0,-4.0012935627893983E-16 111.0,4.1746547909164805E-16 
112.0,0.03149414062500286 112.0,-5.256808350231731E-16 112.0,-4.0012935627894003E-16 112.0,4.174654790916436E-16 112.0,-1.8203777900145183E-16 
113.0,-5.256808350231737E-16 113.0,-4.001293562789398E-16 113.0,4.1746547909164376E-16 113.0,-1.8203777900144988E-16 113.0,2.1855858167372863E-16 
114.0,-4.001293562789402E-16 114.0,4.174654790916435E-16 114.0,-1.8203777900144998E-16 114.0,2.185585816737263E-16 114.0,-8.171239299336838E-17 
115.0,4.1746547909164396E-16 115.0,-1.8203777900144986E-16 115.0,2.185585816737264E-16 115.0,-8.17123929933675E-17 115.0,3.787453620452113E-16 
116.0,-1.8203777900145006E-16 116.0,2.1855858167372626E-16 116.0,-8.171239299336754E-17 116.0,3.787453620452073E-16 116.0,0.003921508789065001 
117.0,2.185585816737265E-16 117.0,-8.171239299336749E-17 117.0,3.787453620452075E-16 117.0,0.003921508789064958 117.0,-4.1905624241606854E-16 
118.0,-8.171239299336758E-17 118.0,3.7874536204520723E-16 118.0,0.00392150878906496 118.0,-4.190562424160641E-16 118.0,-2.0464573511293262E-16 
119.0,3.7874536204520762E-16 119.0,0.003921508789064957 119.0,-4.190562424160643E-16 119.0,-2.0464573511293045E-16 119.0,1.882686784255548E-16 
120.0,0.003921508789064962 120.0,-4.19056242416064E-16 120.0,-2.0464573511293053E-16 120.0,1.882686784255528E-16 120.0,-7.729097243597615E-17 
121.0,-4.1905624241606445E-16 121.0,-2.046457351129304E-16 121.0,1.8826867842555287E-16 121.0,-7.729097243597533E-17 121.0,-2.1045469774131383E-17 
122.0,-2.0464573511293063E-16 122.0,1.8826867842555274E-16 122.0,-7.729097243597535E-17 122.0,-2.1045469774131158E-17 122.0,-1.482764062546305E-16 
123.0,1.8826867842555294E-16 123.0,-7.72909724359753E-17 123.0,-2.1045469774131167E-17 123.0,-1.4827640625462893E-16 123.0,2.640321829668598E-16 
124.0,-7.729097243597539E-17 124.0,-2.1045469774131155E-17 124.0,-1.4827640625462898E-16 124.0,2.64032182966857E-16 124.0,0.011779785156252219 
125.0,-2.1045469774131176E-17 125.0,-1.4827640625462888E-16 125.0,2.6403218296685713E-16 125.0,0.011779785156252094 125.0,-5.467134436162614E-16 
126.0,-1.4827640625462906E-16 126.0,2.6403218296685693E-16 126.0,0.011779785156252099 126.0,-5.467134436162556E-16 126.0,-1.7099328155325928E-16 
127.0,2.6403218296685723E-16 127.0,0.01177978515625209 127.0,-5.467134436162559E-16 127.0,-1.7099328155325745E-16 127.0,2.1531221226908482E-16 
128.0,0.011779785156252104 128.0,-5.467134436162555E-16 128.0,-1.7099328155325753E-16 128.0,2.1531221226908253E-16 128.0,-3.594087340834303E-16 
129.0,-5.467134436162561E-16 129.0,-1.709932815532574E-16 129.0,2.153122122690826E-16 129.0,-3.5940873408342645E-16 129.0,-1.2900288460563164E-16 
130.0,-1.709932815532576E-16 130.0,2.1531221226908248E-16 130.0,-3.594087340834266E-16 130.0,-1.2900288460563026E-16 130.0,-3.537827991716653E-16 
131.0,2.153122122690827E-16 131.0,-3.5940873408342635E-16 131.0,-1.2900288460563034E-16 131.0,-3.5378279917166153E-16 131.0,2.8809921190858416E-16 
132.0,-3.5940873408342674E-16 132.0,-1.2900288460563024E-16 132.0,-3.537827991716617E-16 132.0,2.8809921190858105E-16 132.0,0.016849517822268307 
133.0,-1.2900288460563039E-16 133.0,-3.537827991716615E-16 133.0,2.880992119085812E-16 133.0,0.016849517822268126 133.0,-1.367845007156592E-16 
134.0,-3.537827991716618E-16 134.0,2.88099211908581E-16 134.0,0.016849517822268133 134.0,-1.3678450071565775E-16 134.0,-3.3544359843395434E-16 
135.0,2.880992119085813E-16 135.0,0.016849517822268123 135.0,-1.367845007156578E-16 135.0,-3.354435984339508E-16 135.0,3.0523516432655244E-16 
136.0,0.01684951782226814 136.0,-1.3678450071565772E-16 136.0,-3.3544359843395094E-16 136.0,3.052351643265492E-16 136.0,-2.0388776562688403E-16 
137.0,-1.3678450071565787E-16 137.0,-3.354435984339507E-16 137.0,3.0523516432654934E-16 137.0,-2.0388776562688183E-16 137.0,5.5420298777293396E-17 
138.0,-3.354435984339511E-16 138.0,3.0523516432654914E-16 138.0,-2.0388776562688193E-16 138.0,5.5420298777292804E-17 138.0,1.8391942287684506E-16 
139.0,3.0523516432654943E-16 139.0,-2.038877656268818E-16 139.0,5.542029877729283E-17 139.0,1.839194228768431E-16 139.0,1.5012629016171423E-16 
140.0,-2.0388776562688203E-16 140.0,5.542029877729279E-17 140.0,1.8391942287684319E-16 140.0,1.5012629016171263E-16 140.0,0.0039215087890642035 
141.0,5.5420298777292854E-17 141.0,1.8391942287684306E-16 141.0,1.501262901617127E-16 141.0,0.003921508789064161 141.0,-2.6096063376369146E-16 
142.0,1.8391942287684326E-16 142.0,1.501262901617126E-16 142.0,0.003921508789064163 142.0,-2.609606337636887E-16 142.0,-2.3970320912003344E-16 
143.0,1.5012629016171275E-16 143.0,0.00392150878906416 143.0,-2.609606337636888E-16 143.0,-2.397032091200309E-16 143.0,2.051210036847681E-16 
144.0,0.0039215087890641645 144.0,-2.6096063376368865E-16 144.0,-2.39703209120031E-16 144.0,2.051210036847659E-16 144.0,-2.2979297037873354E-16 
145.0,-2.6096063376368894E-16 145.0,-2.3970320912003083E-16 145.0,2.05121003684766E-16 145.0,-2.297929703787311E-16 145.0,1.2411469386507898E-17 
146.0,-2.397032091200311E-16 146.0,2.0512100368476585E-16 146.0,-2.2979297037873117E-16 146.0,1.2411469386507766E-17 146.0,-2.9029361862756777E-16 
147.0,2.0512100368476607E-16 147.0,-2.2979297037873103E-16 147.0,1.241146938650777E-17 147.0,-2.9029361862756466E-16 147.0,1.9895826240122414E-16 
148.0,-2.2979297037873127E-16 148.0,1.2411469386507763E-17 148.0,-2.902936186275648E-16 148.0,1.9895826240122202E-16 148.0,0.012085914611818436 
149.0,1.2411469386507776E-17 149.0,-2.902936186275646E-16 149.0,1.9895826240122212E-16 149.0,0.012085914611818308 149.0,-3.0876242237058044E-16 
150.0,-2.902936186275649E-16 150.0,1.98958262401222E-16 150.0,0.012085914611818313 150.0,-3.0876242237057713E-16 150.0,-2.2647598971506306E-16 
151.0,1.9895826240122221E-16 151.0,0.012085914611818304 151.0,-3.087624223705773E-16 151.0,-2.2647598971506065E-16 151.0,2.5833410998085676E-16 
152.0,0.012085914611818318 152.0,-3.087624223705771E-16 152.0,-2.2647598971506075E-16 152.0,2.5833410998085405E-16 152.0,-1.8256112046566878E-16 
153.0,-3.0876242237057743E-16 153.0,-2.264759897150606E-16 153.0,2.5833410998085415E-16 153.0,-1.8256112046566683E-16 153.0,9.449725059785633E-19 
154.0,-2.2647598971506084E-16 154.0,2.5833410998085395E-16 154.0,-1.8256112046566693E-16 154.0,9.449725059785533E-19 154.0,-2.581946081717427E-16 
155.0,2.5833410998085425E-16 155.0,-1.825611204656668E-16 155.0,9.449725059785537E-19 155.0,-2.5819460817173993E-16 155.0,-4.134863981677565E-17 
156.0,-1.82561120465667E-16 156.0,9.449725059785531E-19 156.0,-2.5819460817174003E-16 156.0,-4.1348639816775204E-17 156.0,0.016849517822267977 
157.0,9.44972505978554E-19 157.0,-2.581946081717399E-16 157.0,-4.134863981677522E-17 157.0,0.016849517822267797 157.0,-2.6015782354288814E-16 
158.0,-2.581946081717402E-16 158.0,-4.13486398167752E-17 158.0,0.016849517822267804 158.0,-2.6015782354288533E-16 158.0,-2.1541529147048602E-16 
159.0,-4.134863981677524E-17 159.0,0.016849517822267793 159.0,-2.6015782354288548E-16 159.0,-2.1541529147048373E-16 159.0,-5.813758553693281E-17 
160.0,0.01684951782226781 160.0,-2.601578235428853E-16 160.0,-2.1541529147048383E-16 160.0,-5.81375855369322E-17 160.0,-2.4474195627473656E-16 
161.0,-2.6015782354288557E-16 161.0,-2.1541529147048368E-16 161.0,-5.813758553693222E-17 161.0,-2.4474195627473395E-16 161.0,4.778770121271537E-17 
162.0,-2.1541529147048393E-16 162.0,-5.813758553693218E-17 162.0,-2.447419562747341E-16 162.0,4.7787701212714856E-17 162.0,-2.062638918985855E-17 
163.0,-5.813758553693224E-17 163.0,-2.447419562747339E-16 163.0,4.7787701212714875E-17 163.0,-2.0626389189858332E-17 163.0,1.5848276954826833E-16 
164.0,-2.447419562747342E-16 164.0,4.7787701212714844E-17 164.0,-2.062638918985834E-17 164.0,1.5848276954826662E-16 164.0,0.00596642494201798 
165.0,4.77877012127149E-17 165.0,-2.0626389189858326E-17 165.0,1.584827695482667E-16 165.0,0.0059664249420179165 165.0,-4.429596871808759E-16 
166.0,-2.062638918985835E-17 166.0,1.584827695482666E-16 166.0,0.005966424942017919 166.0,-4.4295968718087116E-16 166.0,-1.024835462238704E-16 
167.0,1.5848276954826677E-16 167.0,0.005966424942017915 167.0,-4.4295968718087136E-16 167.0,-1.0248354622386931E-16 167.0,2.585777060939869E-16 
168.0,0.005966424942017922 168.0,-4.4295968718087106E-16 168.0,-1.0248354622386936E-16 168.0,2.5857770609398414E-16 168.0,-1.4973247902843298E-16 
169.0,-4.4295968718087156E-16 169.0,-1.024835462238693E-16 169.0,2.585777060939843E-16 169.0,-1.4973247902843138E-16 169.0,-7.6830708658754E-17 
170.0,-1.0248354622386941E-16 170.0,2.585777060939841E-16 170.0,-1.4973247902843146E-16 170.0,-7.683070865875318E-17 170.0,-2.032245965170442E-16 
171.0,2.585777060939844E-16 171.0,-1.4973247902843136E-16 171.0,-7.683070865875321E-17 171.0,-2.0322459651704203E-16 171.0,7.40011452963147E-17 
172.0,-1.4973247902843153E-16 172.0,-7.683070865875317E-17 172.0,-2.032245965170421E-16 172.0,7.400114529631392E-17 172.0,0.012085914611818634 
173.0,-7.683070865875325E-17 173.0,-2.0322459651704198E-16 173.0,7.400114529631394E-17 173.0,0.012085914611818505 173.0,-2.8177280724504684E-16 
174.0,-2.032245965170422E-16 174.0,7.400114529631389E-17 174.0,0.01208591461181851 174.0,-2.8177280724504383E-16 174.0,-1.9936057540051592E-16 
175.0,7.400114529631398E-17 175.0,0.012085914611818502 175.0,-2.8177280724504393E-16 175.0,-1.993605754005138E-16 175.0,1.5552358037298503E-16 
176.0,0.012085914611818516 176.0,-2.817728072450438E-16 176.0,-1.993605754005139E-16 176.0,1.5552358037298335E-16 176.0,-1.3373838457138396E-16 
177.0,-2.817728072450441E-16 177.0,-1.9936057540051375E-16 177.0,1.5552358037298343E-16 177.0,-1.3373838457138253E-16 177.0,8.959261466217429E-17 
178.0,-1.9936057540051397E-16 178.0,1.5552358037298333E-16 178.0,-1.3373838457138258E-16 178.0,8.959261466217334E-17 178.0,-4.372502807107686E-17 
179.0,1.555235803729835E-16 179.0,-1.337383845713825E-16 179.0,8.959261466217338E-17 179.0,-4.372502807107639E-17 179.0,1.8636566657352662E-16 
180.0,-1.3373838457138266E-16 180.0,8.959261466217331E-17 180.0,-4.3725028071076414E-17 180.0,1.8636566657352463E-16 180.0,0.0024719834327711562 
181.0,8.959261466217341E-17 181.0,-4.372502807107638E-17 181.0,1.8636566657352473E-16 181.0,0.0024719834327711298 181.0,-2.8479196719420934E-16 
182.0,-4.372502807107643E-17 182.0,1.863656665735246E-16 182.0,0.002471983432771131 182.0,-2.847919671942063E-16 182.0,-1.0255074638504405E-16 
183.0,1.863656665735248E-16 183.0,0.0024719834327711293 183.0,-2.8479196719420643E-16 183.0,-1.0255074638504295E-16 183.0,1.2919920094112204E-16 
184.0,0.002471983432771132 184.0,-2.8479196719420623E-16 184.0,-1.02550746385043E-16 184.0,1.2919920094112068E-16 184.0,-5.402745469644813E-17 
185.0,-2.8479196719420653E-16 185.0,-1.0255074638504293E-16 185.0,1.2919920094112073E-16 185.0,-5.402745469644756E-17 185.0,-3.3386955169973195E-17 
186.0,-1.0255074638504304E-16 186.0,1.2919920094112063E-16 186.0,-5.402745469644758E-17 186.0,-3.3386955169972844E-17 186.0,-1.146431607924815E-16 
187.0,1.2919920094112078E-16 187.0,-5.4027454696447546E-17 187.0,-3.3386955169972856E-17 187.0,-1.146431607924803E-16 187.0,1.1749472192439531E-16 
188.0,-5.40274546964476E-17 188.0,-3.338695516997283E-17 188.0,-1.1464316079248035E-16 188.0,1.1749472192439406E-16 188.0,0.005966424942018174 
189.0,-3.338695516997287E-17 189.0,-1.1464316079248027E-16 189.0,1.174947219243941E-16 189.0,0.005966424942018111 189.0,-2.837283277507319E-16 
190.0,-1.146431607924804E-16 190.0,1.1749472192439403E-16 190.0,0.005966424942018113 190.0,-2.837283277507288E-16 190.0,-1.1037183324697757E-16 
191.0,1.1749472192439418E-16 191.0,0.005966424942018109 191.0,-2.8372832775072897E-16 191.0,-1.103718332469764E-16 191.0,1.2672828150800872E-16 
192.0,0.005966424942018116 192.0,-2.8372832775072877E-16 192.0,-1.1037183324697644E-16 192.0,1.267282815080074E-16 192.0,-1.6973769608470548E-16 
193.0,-2.8372832775072907E-16 193.0,-1.1037183324697637E-16 193.0,1.2672828150800744E-16 193.0,-1.6973769608470366E-16 193.0,-2.858305567504093E-17 
194.0,-1.1037183324697649E-16 194.0,1.2672828150800734E-16 194.0,-1.6973769608470373E-16 194.0,-2.8583055675040626E-17 194.0,-1.5169805683366022E-16 
195.0,1.267282815080075E-16 195.0,-1.6973769608470363E-16 195.0,-2.858305567504064E-17 195.0,-1.516980568336586E-16 195.0,1.5508866070380752E-16 
196.0,-1.697376960847038E-16 196.0,-2.858305567504062E-17 196.0,-1.5169805683365867E-16 196.0,1.5508866070380586E-16 196.0,0.004830375313760356 
197.0,-2.858305567504065E-17 197.0,-1.5169805683365857E-16 197.0,1.5508866070380594E-16 197.0,0.004830375313760305 197.0,-1.2860147833793246E-16 
198.0,-1.5169805683365874E-16 198.0,1.5508866070380582E-16 198.0,0.004830375313760306 198.0,-1.286014783379311E-16 198.0,-1.4221656074500736E-16 
199.0,1.55088660703806E-16 199.0,0.004830375313760304 199.0,-1.2860147833793115E-16 199.0,-1.4221656074500586E-16 199.0,1.3940873605275678E-16 
200.0,0.004830375313760309 200.0,-1.2860147833793108E-16 200.0,-1.422165607450059E-16 200.0,1.394087360527553E-16 200.0,-7.759892847386859E-17 
201.0,-1.286014783379312E-16 201.0,-1.4221656074500583E-16 201.0,1.3940873605275538E-16 201.0,-7.759892847386775E-17 201.0,1.1087948896584169E-17 
202.0,-1.4221656074500598E-16 202.0,1.3940873605275528E-16 202.0,-7.759892847386778E-17 202.0,1.108794889658405E-17 202.0,2.9394626819721836E-17 
203.0,1.3940873605275543E-16 203.0,-7.759892847386773E-17 203.0,1.1087948896584055E-17 203.0,2.939462681972152E-17 203.0,8.543538016455393E-17 
204.0,-7.759892847386782E-17 204.0,1.1087948896584049E-17 204.0,2.9394626819721534E-17 204.0,8.543538016455301E-17 204.0,0.00247198343277086 
205.0,1.1087948896584061E-17 205.0,2.9394626819721516E-17 205.0,8.543538016455305E-17 205.0,0.0024719834327708336 205.0,-1.7065517829490913E-16 
206.0,2.9394626819721546E-17 206.0,8.5435380164553E-17 206.0,0.002471983432770835 206.0,-1.706551782949073E-16 206.0,-1.1501166689610495E-16 
207.0,8.543538016455309E-17 207.0,0.002471983432770833 207.0,-1.7065517829490738E-16 207.0,-1.1501166689610372E-16 207.0,1.0648504852871041E-16 
208.0,0.0024719834327708357 208.0,-1.7065517829490725E-16 208.0,-1.1501166689610377E-16 208.0,1.0648504852870928E-16 208.0,-1.2489756170290426E-16 
209.0,-1.7065517829490745E-16 209.0,-1.150116668961037E-16 209.0,1.0648504852870933E-16 209.0,-1.2489756170290293E-16 209.0,-9.843290394878009E-18 
210.0,-1.1501166689610384E-16 210.0,1.0648504852870925E-16 210.0,-1.24897561702903E-16 210.0,-9.843290394877904E-18 210.0,-1.447337264907868E-16 
211.0,1.0648504852870938E-16 211.0,-1.248975617029029E-16 211.0,-9.843290394877909E-18 211.0,-1.4473372649078528E-16 211.0,1.1409269027702757E-16 
212.0,-1.2489756170290305E-16 212.0,-9.843290394877902E-18 212.0,-1.4473372649078533E-16 212.0,1.1409269027702636E-16 212.0,0.004229072481395038 
213.0,-9.843290394877913E-18 213.0,-1.4473372649078523E-16 213.0,1.140926902770264E-16 213.0,0.004229072481394993 213.0,-1.4381592154697969E-16 
214.0,-1.447337264907854E-16 214.0,1.1409269027702634E-16 214.0,0.004229072481394995 214.0,-1.4381592154697816E-16 214.0,-1.1438909137437286E-16 
215.0,1.1409269027702646E-16 215.0,0.004229072481394992 215.0,-1.4381592154697823E-16 215.0,-1.1438909137437165E-16 215.0,1.2038480636416614E-16 
216.0,0.004229072481394997 216.0,-1.4381592154697813E-16 216.0,-1.143890913743717E-16 216.0,1.2038480636416486E-16 216.0,-7.738813001372645E-17 
217.0,-1.4381592154697828E-16 217.0,-1.1438909137437162E-16 217.0,1.203848063641649E-16 217.0,-7.738813001372563E-17 217.0,6.6063143434824235E-18 
218.0,-1.1438909137437175E-16 218.0,1.2038480636416483E-16 218.0,-7.738813001372566E-17 218.0,6.6063143434823534E-18 218.0,-8.92132122787952E-17 
219.0,1.2038480636416495E-16 219.0,-7.738813001372562E-17 219.0,6.6063143434823565E-18 219.0,-8.921321227879426E-17 219.0,8.045794832331451E-18 
220.0,-7.73881300137257E-17 220.0,6.606314343482352E-18 220.0,-8.921321227879429E-17 220.0,8.045794832331365E-18 220.0,0.004830375313760083 
221.0,6.6063143434823596E-18 221.0,-8.921321227879423E-17 221.0,8.04579483233137E-18 221.0,0.0048303753137600314 221.0,-1.3680128592641622E-16 
222.0,-8.921321227879433E-17 222.0,8.045794832331363E-18 222.0,0.004830375313760033 222.0,-1.3680128592641477E-16 222.0,-1.0001796707018988E-16 
223.0,8.045794832331373E-18 223.0,0.004830375313760031 223.0,-1.3680128592641482E-16 223.0,-1.0001796707018881E-16 223.0,4.7830025810173595E-18 
224.0,0.004830375313760036 224.0,-1.3680128592641472E-16 224.0,-1.0001796707018886E-16 224.0,4.783002581017309E-18 224.0,-1.1559847789067634E-16 
225.0,-1.368012859264149E-16 225.0,-1.000179670701888E-16 225.0,4.783002581017311E-18 225.0,-1.155984778906751E-16 225.0,9.699270019713054E-18 
226.0,-1.0001796707018891E-16 226.0,4.783002581017308E-18 226.0,-1.1559847789067515E-16 226.0,9.69927001971295E-18 226.0,-4.561494550253025E-17 
227.0,4.783002581017313E-18 227.0,-1.1559847789067508E-16 227.0,9.699270019712954E-18 227.0,-4.5614945502529764E-17 227.0,8.633482569934604E-17 
228.0,-1.155984778906752E-16 228.0,9.699270019712948E-18 228.0,-4.561494550252978E-17 228.0,8.633482569934513E-17 228.0,0.0025488743558534565 
229.0,9.699270019712959E-18 229.0,-4.561494550252975E-17 229.0,8.633482569934517E-17 229.0,0.002548874355853429 229.0,-1.9235828963406059E-16 
230.0,-4.56149455025298E-17 230.0,8.633482569934511E-17 230.0,0.0025488743558534305 230.0,-1.9235828963405854E-16 230.0,-6.193874758180202E-17 
231.0,8.63348256993452E-17 231.0,0.0025488743558534288 231.0,-1.9235828963405861E-16 231.0,-6.193874758180136E-17 231.0,1.1796330632865342E-16 
232.0,0.0025488743558534314 232.0,-1.923582896340585E-16 232.0,-6.193874758180138E-17 232.0,1.1796330632865216E-16 232.0,-6.902547003153131E-17 
233.0,-1.923582896340587E-16 233.0,-6.193874758180134E-17 233.0,1.179633063286522E-16 233.0,-6.902547003153057E-17 233.0,-2.2945806523263916E-17 
234.0,-6.19387475818014E-17 234.0,1.1796330632865214E-16 234.0,-6.902547003153061E-17 234.0,-2.2945806523263672E-17 234.0,-9.526267617658842E-17 
235.0,1.1796330632865226E-16 235.0,-6.902547003153056E-17 235.0,-2.294580652326368E-17 235.0,-9.52626761765874E-17 235.0,2.5890403531304392E-17 
236.0,-6.902547003153063E-17 236.0,-2.2945806523263666E-17 236.0,-9.526267617658745E-17 236.0,2.5890403531304117E-17 236.0,0.004229072481394988 
237.0,-2.294580652326369E-17 237.0,-9.526267617658739E-17 237.0,2.5890403531304127E-17 237.0,0.0042290724813949425 237.0,-1.328570209779603E-16 
238.0,-9.526267617658749E-17 238.0,2.589040353130411E-17 238.0,0.004229072481394945 238.0,-1.3285702097795887E-16 238.0,-8.988161615070567E-17 
239.0,2.589040353130414E-17 239.0,0.004229072481394942 239.0,-1.3285702097795895E-16 239.0,-8.988161615070472E-17 239.0,5.362656741941251E-17 
240.0,0.004229072481394947 240.0,-1.3285702097795885E-16 240.0,-8.988161615070476E-17 240.0,5.3626567419411946E-17 240.0,-7.490979221709452E-17 
241.0,-1.32857020977959E-16 241.0,-8.98816161507047E-17 241.0,5.3626567419411964E-17 241.0,-7.490979221709372E-17 241.0,3.137312520593083E-17 
242.0,-8.98816161507048E-17 242.0,5.3626567419411933E-17 242.0,-7.490979221709375E-17 242.0,3.1373125205930497E-17 242.0,-2.801059962083863E-17 
243.0,5.362656741941199E-17 243.0,-7.49097922170937E-17 243.0,3.137312520593051E-17 243.0,-2.801059962083833E-17 243.0,8.627146437163568E-17 
244.0,-7.490979221709379E-17 244.0,3.137312520593049E-17 244.0,-2.801059962083834E-17 244.0,8.627146437163476E-17 244.0,0.0012552144471563065 
245.0,3.137312520593053E-17 245.0,-2.801059962083832E-17 245.0,8.62714643716348E-17 245.0,0.001255214447156293 245.0,-1.4798341362929562E-16 
246.0,-2.801059962083835E-17 246.0,8.627146437163473E-17 246.0,0.0012552144471562937 246.0,-1.4798341362929404E-16 246.0,-4.886872863650564E-17 
247.0,8.627146437163483E-17 247.0,0.0012552144471562928 247.0,-1.4798341362929412E-16 247.0,-4.8868728636505115E-17 247.0,7.200349373335994E-17 
248.0,0.0012552144471562941 248.0,-1.4798341362929402E-16 248.0,-4.886872863650514E-17 248.0,7.200349373335916E-17 248.0,-3.1610518178009323E-17 
249.0,-1.4798341362929417E-16 249.0,-4.88687286365051E-17 249.0,7.20034937333592E-17 249.0,-3.161051817800899E-17 249.0,-1.7715665328804423E-17 
250.0,-4.886872863650516E-17 250.0,7.200349373335915E-17 250.0,-3.1610518178009E-17 250.0,-1.7715665328804235E-17 250.0,-6.37507354307799E-17 
251.0,7.200349373335924E-17 251.0,-3.161051817800898E-17 251.0,-1.771566532880424E-17 251.0,-6.375073543077922E-17 251.0,4.5254694273503875E-17 
252.0,-3.1610518178009015E-17 252.0,-1.771566532880423E-17 252.0,-6.375073543077924E-17 252.0,4.5254694273503394E-17 252.0,0.0025488743558534873 
253.0,-1.771566532880425E-17 253.0,-6.375073543077921E-17 253.0,4.525469427350341E-17 253.0,0.00254887435585346 253.0,-1.2950820686494194E-16 
254.0,-6.375073543077927E-17 254.0,4.525469427350338E-17 254.0,0.0025488743558534613 254.0,-1.2950820686494055E-16 254.0,-5.771882089415113E-17 
255.0,4.525469427350344E-17 255.0,0.0025488743558534596 255.0,-1.2950820686494063E-16 255.0,-5.771882089415051E-17 255.0,5.75733324656771E-17 
256.0,0.002548874355853462 256.0,-1.2950820686494053E-16 256.0,-5.771882089415053E-17 256.0,5.757333246567649E-17 256.0,-7.538670483833367E-17 
257.0,-1.2950820686494068E-16 257.0,-5.77188208941505E-17 257.0,5.757333246567651E-17 257.0,-7.538670483833287E-17 257.0,-2.294337364340271E-18 
258.0,-5.771882089415056E-17 258.0,5.757333246567647E-17 258.0,-7.53867048383329E-17 258.0,-2.2943373643402465E-18 258.0,-5.89769408800809E-17 
259.0,5.757333246567653E-17 259.0,-7.538670483833285E-17 259.0,-2.2943373643402476E-18 259.0,-5.897694088008028E-17 259.0,7.323630505346024E-17 
260.0,-7.538670483833293E-17 260.0,-2.294337364340246E-18 260.0,-5.89769408800803E-17 260.0,7.323630505345945E-17 260.0,0.0015213974402293294 
261.0,-2.2943373643402484E-18 261.0,-5.897694088008026E-17 261.0,7.323630505345948E-17 261.0,0.0015213974402293131 261.0,-8.154004427875469E-17 
262.0,-5.897694088008033E-17 262.0,7.323630505345943E-17 262.0,0.001521397440229314 262.0,-8.154004427875382E-17 262.0,-5.825824183527923E-17 
263.0,7.323630505345952E-17 263.0,0.001521397440229313 263.0,-8.154004427875386E-17 263.0,-5.825824183527862E-17 263.0,6.299918497295261E-17 
264.0,0.0015213974402293147 264.0,-8.15400442787538E-17 264.0,-5.825824183527864E-17 264.0,6.299918497295193E-17 264.0,-3.163914150708035E-17 
265.0,-8.15400442787539E-17 265.0,-5.82582418352786E-17 265.0,6.299918497295197E-17 265.0,-3.163914150708001E-17 265.0,-1.0138455049066094E-18 
266.0,-5.825824183527866E-17 266.0,6.299918497295192E-17 266.0,-3.163914150708002E-17 266.0,-1.0138455049065984E-18 266.0,-8.18178244208137E-18 
267.0,6.299918497295199E-17 267.0,-3.163914150708E-17 267.0,-1.013845504906599E-18 267.0,-8.181782442081281E-18 267.0,3.992239297802459E-17 
268.0,-3.163914150708004E-17 268.0,-1.0138455049065982E-18 268.0,-8.181782442081286E-18 268.0,3.992239297802417E-17 268.0,0.0012552144471562028 
269.0,-1.0138455049065994E-18 269.0,-8.18178244208128E-18 269.0,3.9922392978024185E-17 269.0,0.0012552144471561894 269.0,-8.961288767823326E-17 
270.0,-8.181782442081289E-18 270.0,3.992239297802416E-17 270.0,0.00125521444715619 270.0,-8.961288767823231E-17 270.0,-5.1326571642677383E-17 
271.0,3.9922392978024204E-17 271.0,0.0012552144471561892 271.0,-8.961288767823235E-17 271.0,-5.1326571642676835E-17 271.0,5.0026725578652617E-17 
272.0,0.0012552144471561905 272.0,-8.961288767823229E-17 272.0,-5.132657164267686E-17 272.0,5.002672557865208E-17 272.0,-6.066424030683207E-17 
273.0,-8.961288767823239E-17 273.0,-5.132657164267682E-17 273.0,5.0026725578652105E-17 273.0,-6.066424030683142E-17 273.0,-5.06724029136995E-18 
274.0,-5.1326571642676884E-17 274.0,5.002672557865207E-17 274.0,-6.066424030683144E-17 274.0,-5.067240291369896E-18 274.0,-6.291094080451149E-17 
275.0,5.0026725578652124E-17 275.0,-6.06642403068314E-17 275.0,-5.067240291369898E-18 275.0,-6.291094080451082E-17 275.0,5.582099255106264E-17 
276.0,-6.066424030683148E-17 276.0,-5.067240291369895E-18 276.0,-6.291094080451084E-17 276.0,5.582099255106205E-17 276.0,0.001437617480406218 
277.0,-5.067240291369901E-18 277.0,-6.291094080451081E-17 277.0,5.582099255106207E-17 277.0,0.0014376174804062026 277.0,-6.769247600680739E-17 
278.0,-6.291094080451087E-17 278.0,5.582099255106204E-17 278.0,0.0014376174804062033 278.0,-6.769247600680668E-17 278.0,-5.1099292836144385E-17 
279.0,5.58209925510621E-17 279.0,0.0014376174804062024 279.0,-6.76924760068067E-17 279.0,-5.109929283614384E-17 279.0,5.4434932453218746E-17 
280.0,0.001437617480406204 280.0,-6.769247600680666E-17 280.0,-5.109929283614386E-17 280.0,5.4434932453218167E-17 280.0,-3.185860524882313E-17 
281.0,-6.769247600680674E-17 281.0,-5.109929283614383E-17 281.0,5.443493245321819E-17 281.0,-3.185860524882279E-17 281.0,2.510611130411193E-18 
282.0,-5.1099292836143886E-17 282.0,5.4434932453218154E-17 282.0,-3.18586052488228E-17 282.0,2.510611130411166E-18 282.0,-3.194768943022093E-17 
283.0,5.4434932453218216E-17 283.0,-3.1858605248822784E-17 283.0,2.5106111304111672E-18 283.0,-3.1947689430220593E-17 283.0,1.0731824068813721E-17 
284.0,-3.185860524882282E-17 284.0,2.5106111304111657E-18 284.0,-3.1947689430220606E-17 284.0,1.0731824068813607E-17 284.0,0.0015213974402291928 
285.0,2.5106111304111684E-18 285.0,-3.194768943022059E-17 285.0,1.0731824068813612E-17 285.0,0.0015213974402291765 285.0,-6.707758726713105E-17 
286.0,-3.194768943022062E-17 286.0,1.0731824068813606E-17 286.0,0.0015213974402291774 286.0,-6.707758726713033E-17 286.0,-4.449416458047472E-17 
287.0,1.0731824068813616E-17 287.0,0.0015213974402291763 287.0,-6.707758726713037E-17 287.0,-4.449416458047425E-17 287.0,1.4280115268172518E-17 
288.0,0.001521397440229178 288.0,-6.707758726713032E-17 288.0,-4.4494164580474266E-17 288.0,1.4280115268172364E-17 288.0,-5.235278292460137E-17 
289.0,-6.707758726713039E-17 289.0,-4.449416458047424E-17 289.0,1.428011526817237E-17 289.0,-5.235278292460081E-17 289.0,4.947668246770266E-19 
290.0,-4.449416458047429E-17 290.0,1.428011526817236E-17 290.0,-5.2352782924600833E-17 290.0,4.947668246770213E-19 290.0,-3.1208258973462285E-17 
291.0,1.4280115268172376E-17 291.0,-5.2352782924600796E-17 291.0,4.947668246770215E-19 291.0,-3.120825897346195E-17 291.0,4.129853158285434E-17 
292.0,-5.235278292460086E-17 292.0,4.947668246770212E-19 292.0,-3.120825897346197E-17 292.0,4.12985315828539E-17 292.0,9.966229590649986E-4 
293.0,4.947668246770217E-19 293.0,-3.1208258973461946E-17 293.0,4.129853158285392E-17 293.0,9.96622959064988E-4 293.0,-7.86699774050774E-17 
294.0,-3.1208258973461983E-17 294.0,4.129853158285389E-17 294.0,9.966229590649884E-4 294.0,-7.866997740507656E-17 294.0,-3.209423935263533E-17 
295.0,4.1298531582853936E-17 295.0,9.966229590649878E-4 295.0,-7.866997740507659E-17 295.0,-3.209423935263499E-17 295.0,5.094841759191198E-17 
296.0,9.966229590649888E-4 296.0,-7.866997740507654E-17 296.0,-3.2094239352635E-17 296.0,5.094841759191144E-17 296.0,-2.987407060547665E-17 
297.0,-7.866997740507662E-17 297.0,-3.2094239352634976E-17 297.0,5.0948417591911456E-17 297.0,-2.9874070605476327E-17 297.0,-6.015092257312917E-18 
298.0,-3.209423935263501E-17 298.0,5.0948417591911425E-17 298.0,-2.987407060547634E-17 298.0,-6.015092257312853E-18 298.0,-3.8780918259077585E-17 
299.0,5.094841759191148E-17 299.0,-2.987407060547632E-17 299.0,-6.015092257312856E-18 299.0,-3.878091825907717E-17 299.0,9.907415993115628E-18 
300.0,-2.987407060547635E-17 300.0,-6.0150922573128515E-18 300.0,-3.878091825907719E-17 300.0,9.907415993115522E-18 300.0,0.0014376174804061521 
301.0,-6.0150922573128585E-18 301.0,-3.878091825907716E-17 301.0,9.907415993115526E-18 301.0,0.0014376174804061367 301.0,-5.874498593208767E-17 
302.0,-3.87809182590772E-17 302.0,9.90741599311552E-18 302.0,0.0014376174804061374 302.0,-5.874498593208704E-17 302.0,-3.937824353631428E-17 
303.0,9.907415993115531E-18 303.0,0.0014376174804061365 303.0,-5.874498593208707E-17 303.0,-3.9378243536313864E-17 303.0,2.0898784233434693E-17 
304.0,0.001437617480406138 304.0,-5.874498593208703E-17 304.0,-3.937824353631388E-17 304.0,2.089878423343447E-17 304.0,-3.7200965424831954E-17 
305.0,-5.87449859320871E-17 305.0,-3.937824353631386E-17 305.0,2.089878423343448E-17 305.0,-3.720096542483156E-17 305.0,8.86017037004482E-18 
306.0,-3.93782435363139E-17 306.0,2.0898784233434465E-17 306.0,-3.720096542483158E-17 306.0,8.860170370044726E-18 306.0,-1.7079674027856525E-17 
307.0,2.089878423343449E-17 307.0,-3.720096542483155E-17 307.0,8.860170370044729E-18 307.0,-1.7079674027856343E-17 307.0,3.7478340888329533E-17 
308.0,-3.720096542483159E-17 308.0,8.860170370044723E-18 308.0,-1.7079674027856352E-17 308.0,3.747834088832913E-17 308.0,5.629593515553853E-4 
309.0,8.860170370044734E-18 309.0,-1.707967402785634E-17 309.0,3.7478340888329145E-17 309.0,5.629593515553793E-4 309.0,-6.644822744340984E-17 
310.0,-1.7079674027856358E-17 310.0,3.747834088832912E-17 310.0,5.629593515553796E-4 310.0,-6.644822744340914E-17 310.0,-2.3728043904780562E-17 
311.0,3.7478340888329163E-17 311.0,5.629593515553792E-4 311.0,-6.644822744340916E-17 311.0,-2.372804390478031E-17 311.0,3.524154653476706E-17 
312.0,5.629593515553799E-4 312.0,-6.644822744340913E-17 312.0,-2.3728043904780318E-17 312.0,3.524154653476668E-17 312.0,-1.7297233698446437E-17 
313.0,-6.64482274434092E-17 313.0,-2.3728043904780303E-17 313.0,3.52415465347667E-17 313.0,-1.7297233698446252E-17 313.0,-7.286229138273765E-18 
314.0,-2.372804390478033E-17 314.0,3.5241546534766676E-17 314.0,-1.7297233698446258E-17 314.0,-7.286229138273688E-18 314.0,-3.020491954881123E-17 
315.0,3.524154653476672E-17 315.0,-1.729723369844625E-17 315.0,-7.28622913827369E-18 315.0,-3.020491954881091E-17 315.0,1.576163906725377E-17 
316.0,-1.7297233698446267E-17 316.0,-7.286229138273686E-18 316.0,-3.0204919548810923E-17 316.0,1.5761639067253605E-17 316.0,9.96622959064986E-4 
317.0,-7.286229138273694E-18 317.0,-3.0204919548810905E-17 317.0,1.576163906725361E-17 317.0,9.966229590649754E-4 317.0,-5.523703693353822E-17 
318.0,-3.020491954881094E-17 318.0,1.5761639067253602E-17 318.0,9.966229590649758E-4 318.0,-5.523703693353763E-17 318.0,-2.7936731683475044E-17 
319.0,1.5761639067253617E-17 319.0,9.966229590649752E-4 319.0,-5.5237036933537654E-17 319.0,-2.793673168347474E-17 319.0,2.3517818649045322E-17 
320.0,9.966229590649763E-4 320.0,-5.5237036933537617E-17 320.0,-2.7936731683474754E-17 320.0,2.3517818649045072E-17 320.0,-3.305403789829145E-17 
321.0,-5.523703693353768E-17 321.0,-2.7936731683474736E-17 321.0,2.351781864904508E-17 321.0,-3.305403789829109E-17 321.0,1.1368610198016071E-18 
322.0,-2.7936731683474766E-17 322.0,2.3517818649045066E-17 322.0,-3.305403789829111E-17 322.0,1.136861019801595E-18 322.0,-2.3109747876647485E-17 
323.0,2.3517818649045094E-17 323.0,-3.3054037898291085E-17 323.0,1.1368610198015953E-18 323.0,-2.310974787664724E-17 323.0,3.2486929783849064E-17 
324.0,-3.305403789829112E-17 324.0,1.1368610198015948E-18 324.0,-2.3109747876647248E-17 324.0,3.248692978384872E-17 324.0,5.210891979462324E-4 
325.0,1.136861019801596E-18 325.0,-2.3109747876647232E-17 325.0,3.248692978384873E-17 325.0,5.210891979462269E-4 325.0,-4.272824360720201E-17 
326.0,-2.310974787664726E-17 326.0,3.2486929783848713E-17 326.0,5.210891979462271E-4 326.0,-4.2728243607201553E-17 326.0,-2.365325825340788E-17 
327.0,3.2486929783848744E-17 327.0,5.210891979462268E-4 327.0,-4.272824360720157E-17 327.0,-2.3653258253407627E-17 327.0,2.8200302474529976E-17 
328.0,5.210891979462273E-4 328.0,-4.272824360720154E-17 328.0,-2.3653258253407637E-17 328.0,2.8200302474529674E-17 328.0,-1.3532163314699989E-17 
329.0,-4.272824360720159E-17 329.0,-2.365325825340762E-17 329.0,2.820030247452969E-17 329.0,-1.3532163314699844E-17 329.0,-2.364635193280632E-18 
330.0,-2.365325825340765E-17 330.0,2.820030247452967E-17 330.0,-1.353216331469985E-17 330.0,-2.364635193280607E-18 330.0,-1.0551760861478908E-17 
331.0,2.8200302474529705E-17 331.0,-1.3532163314699841E-17 331.0,-2.3646351932806076E-18 331.0,-1.0551760861478795E-17 331.0,1.6403283127126852E-17 
332.0,-1.3532163314699856E-17 332.0,-2.364635193280606E-18 332.0,-1.05517608614788E-17 332.0,1.6403283127126676E-17 332.0,5.629593515553448E-4 
333.0,-2.3646351932806088E-18 333.0,-1.0551760861478792E-17 333.0,1.6403283127126682E-17 333.0,5.629593515553388E-4 333.0,-4.208104999930047E-17 
334.0,-1.0551760861478805E-17 334.0,1.6403283127126673E-17 334.0,5.62959351555339E-4 334.0,-4.208104999930002E-17 334.0,-2.3027421061303353E-17 
335.0,1.640328312712669E-17 335.0,5.629593515553387E-4 335.0,-4.208104999930004E-17 335.0,-2.3027421061303107E-17 335.0,2.1700467321786654E-17 
336.0,5.629593515553393E-4 336.0,-4.2081049999300015E-17 336.0,-2.302742106130312E-17 336.0,2.1700467321786423E-17 336.0,-2.740806642637959E-17 
337.0,-4.2081049999300065E-17 337.0,-2.3027421061303104E-17 337.0,2.1700467321786432E-17 337.0,-2.7408066426379297E-17 337.0,-1.6992755466802502E-18 
338.0,-2.3027421061303128E-17 338.0,2.170046732178642E-17 338.0,-2.740806642637931E-17 338.0,-1.6992755466802321E-18 338.0,-2.5344720744700897E-17 
339.0,2.170046732178644E-17 339.0,-2.740806642637929E-17 339.0,-1.6992755466802329E-18 339.0,-2.534472074470063E-17 339.0,2.567385162767636E-17 
340.0,-2.7408066426379322E-17 340.0,-1.6992755466802317E-18 340.0,-2.5344720744700638E-17 340.0,2.5673851627676085E-17 340.0,4.896766695881562E-4 
341.0,-1.6992755466802335E-18 341.0,-2.5344720744700623E-17 341.0,2.5673851627676097E-17 341.0,4.89676669588151E-4 341.0,-3.1937619717116893E-17 
342.0,-2.534472074470065E-17 342.0,2.567385162767608E-17 342.0,4.896766695881512E-4 342.0,-3.1937619717116554E-17 342.0,-2.1712452880473782E-17 
343.0,2.5673851627676107E-17 343.0,4.896766695881509E-4 343.0,-3.1937619717116567E-17 343.0,-2.171245288047355E-17 343.0,2.3575356035801576E-17 
344.0,4.896766695881514E-4 344.0,-3.193761971711655E-17 344.0,-2.171245288047356E-17 344.0,2.3575356035801323E-17 344.0,-1.2872639279657576E-17 
345.0,-3.193761971711658E-17 345.0,-2.1712452880473545E-17 345.0,2.3575356035801335E-17 345.0,-1.2872639279657438E-17 345.0,2.221962666505192E-19 
346.0,-2.171245288047357E-17 346.0,2.357535603580132E-17 346.0,-1.2872639279657445E-17 346.0,2.2219626665051684E-19 346.0,-1.2730232935062313E-17 
347.0,2.3575356035801344E-17 347.0,-1.2872639279657435E-17 347.0,2.2219626665051694E-19 347.0,-1.2730232935062178E-17 347.0,7.07143522619726E-18 
348.0,-1.2872639279657449E-17 348.0,2.221962666505168E-19 348.0,-1.2730232935062184E-17 348.0,7.071435226197185E-18 348.0,5.210891979461756E-4 
349.0,2.2219626665051704E-19 349.0,-1.2730232935062175E-17 349.0,7.071435226197188E-18 349.0,5.210891979461701E-4 349.0,-3.1358089051899353E-17 
350.0,-1.2730232935062189E-17 350.0,7.071435226197183E-18 350.0,5.210891979461703E-4 350.0,-3.1358089051899014E-17 350.0,-1.9237172673160232E-17 
351.0,7.071435226197191E-18 351.0,5.2108919794617E-4 351.0,-3.135808905189903E-17 351.0,-1.9237172673160025E-17 351.0,9.718680556360043E-18 
352.0,5.210891979461705E-4 352.0,-3.135808905189901E-17 352.0,-1.9237172673160035E-17 352.0,9.718680556359938E-18 352.0,-2.283178924788004E-17 
353.0,-3.1358089051899045E-17 353.0,-1.9237172673160022E-17 353.0,9.718680556359942E-18 353.0,-2.2831789247879796E-17 353.0,-5.112739972648832E-19 
354.0,-1.9237172673160044E-17 354.0,9.718680556359936E-18 354.0,-2.2831789247879805E-17 354.0,-5.112739972648777E-19 354.0,-1.6123145790812693E-17 
355.0,9.718680556359947E-18 355.0,-2.283178924787979E-17 355.0,-5.11273997264878E-19 355.0,-1.612314579081252E-17 355.0,1.9250612562351895E-17 
356.0,-2.2831789247879818E-17 356.0,-5.112739972648776E-19 356.0,-1.612314579081253E-17 356.0,1.925061256235169E-17 356.0,3.7157490716331924E-4 
357.0,-5.112739972648782E-19 357.0,-1.6123145790812518E-17 357.0,1.92506125623517E-17 357.0,3.715749071633153E-4 357.0,-3.2353636842656145E-17 
358.0,-1.6123145790812536E-17 358.0,1.9250612562351685E-17 358.0,3.7157490716331544E-4 358.0,-3.23536368426558E-17 358.0,-1.5087317205908185E-17 
359.0,1.9250612562351707E-17 359.0,3.7157490716331523E-4 359.0,-3.235363684265581E-17 359.0,-1.5087317205908024E-17 359.0,2.1259553051694684E-17 
360.0,3.715749071633156E-4 360.0,-3.2353636842655794E-17 360.0,-1.508731720590803E-17 360.0,2.1259553051694456E-17 360.0,-1.2302170623002043E-17 
361.0,-3.2353636842655824E-17 361.0,-1.508731720590802E-17 361.0,2.1259553051694465E-17 361.0,-1.2302170623001912E-17 361.0,-1.629180414220617E-18 
362.0,-1.5087317205908037E-17 362.0,2.1259553051694453E-17 362.0,-1.2302170623001918E-17 362.0,-1.6291804142205995E-18 362.0,-1.5176714499950157E-17 
363.0,2.1259553051694475E-17 363.0,-1.2302170623001909E-17 363.0,-1.6291804142206003E-18 363.0,-1.5176714499949997E-17 363.0,4.676673534776132E-18 
364.0,-1.2302170623001923E-17 364.0,-1.6291804142205993E-18 364.0,-1.5176714499950003E-17 364.0,4.676673534776083E-18 364.0,4.896766695881188E-4 
365.0,-1.629180414220601E-18 365.0,-1.5176714499949994E-17 365.0,4.6766735347760846E-18 365.0,4.896766695881136E-4 365.0,-2.6026446016151817E-17 
366.0,-1.517671449995001E-17 366.0,4.6766735347760815E-18 366.0,4.896766695881138E-4 366.0,-2.602644601615154E-17 366.0,-1.6635271252056605E-17 
367.0,4.676673534776087E-18 367.0,4.896766695881134E-4 367.0,-2.602644601615155E-17 367.0,-1.6635271252056426E-17 367.0,8.762451084336852E-18 
368.0,4.89676669588114E-4 368.0,-2.6026446016151534E-17 368.0,-1.6635271252056436E-17 368.0,8.762451084336758E-18 368.0,-1.6958022638913023E-17 
369.0,-2.602644601615156E-17 369.0,-1.6635271252056423E-17 369.0,8.762451084336762E-18 369.0,-1.695802263891284E-17 369.0,2.473728632292592E-18 
370.0,-1.6635271252056442E-17 370.0,8.762451084336756E-18 370.0,-1.6958022638912847E-17 370.0,2.473728632292566E-18 370.0,-9.524891218400204E-18 
371.0,8.762451084336765E-18 371.0,-1.6958022638912838E-17 371.0,2.473728632292567E-18 371.0,-9.524891218400102E-18 371.0,1.616867140136239E-17 
372.0,-1.6958022638912856E-17 372.0,2.4737286322925656E-18 372.0,-9.524891218400105E-18 372.0,1.6168671401362216E-17 372.0,2.336335646796977E-4 
373.0,2.4737286322925683E-18 373.0,-9.524891218400099E-18 373.0,1.6168671401362222E-17 373.0,2.3363356467969522E-4 373.0,-2.8337969641120375E-17 
374.0,-9.52489121840011E-18 374.0,1.6168671401362213E-17 374.0,2.3363356467969533E-4 374.0,-2.833796964112007E-17 374.0,-1.0866853536091903E-17 
375.0,1.6168671401362232E-17 375.0,2.3363356467969516E-4 375.0,-2.833796964112009E-17 375.0,-1.0866853536091788E-17 375.0,1.59476864329659E-17 
376.0,2.3363356467969544E-4 376.0,-2.8337969641120067E-17 376.0,-1.0866853536091792E-17 376.0,1.5947686432965726E-17 376.0,-8.088355677896949E-18 
377.0,-2.8337969641120104E-17 377.0,-1.0866853536091786E-17 377.0,1.5947686432965736E-17 377.0,-8.088355677896863E-18 377.0,-2.536252529699166E-18 
378.0,-1.0866853536091797E-17 378.0,1.5947686432965723E-17 378.0,-8.088355677896866E-18 378.0,-2.5362525296991388E-18 378.0,-1.3130408378425626E-17 
379.0,1.5947686432965742E-17 379.0,-8.088355677896861E-18 379.0,-2.53625252969914E-18 379.0,-1.3130408378425486E-17 379.0,6.066809994834432E-18 
380.0,-8.088355677896869E-18 380.0,-2.5362525296991384E-18 380.0,-1.3130408378425492E-17 380.0,6.0668099948343675E-18 380.0,3.715749071633033E-4 
381.0,-2.536252529699141E-18 381.0,-1.3130408378425483E-17 381.0,6.0668099948343705E-18 381.0,3.7157490716329934E-4 381.0,-2.3244618638900158E-17 
382.0,-1.3130408378425497E-17 382.0,6.066809994834366E-18 382.0,3.715749071632995E-4 382.0,-2.3244618638899912E-17 382.0,-1.2419343918575055E-17 
383.0,6.066809994834373E-18 383.0,3.715749071632993E-4 383.0,-2.324461863889992E-17 383.0,-1.2419343918574922E-17 383.0,9.401440670698751E-18 
384.0,3.7157490716329967E-4 384.0,-2.3244618638899905E-17 384.0,-1.2419343918574928E-17 384.0,9.401440670698651E-18 384.0,-1.4255630870155392E-17 
385.0,-2.3244618638899933E-17 385.0,-1.241934391857492E-17 385.0,9.401440670698656E-18 385.0,-1.425563087015524E-17 385.0,9.01990243998065E-19 
386.0,-1.2419343918574933E-17 386.0,9.40144067069865E-18 386.0,-1.4255630870155247E-17 386.0,9.019902439980555E-19 386.0,-9.428015845572935E-18 
387.0,9.401440670698659E-18 387.0,-1.4255630870155238E-17 387.0,9.019902439980558E-19 387.0,-9.428015845572834E-18 387.0,1.39447390701434E-17 
388.0,-1.4255630870155253E-17 388.0,9.019902439980553E-19 388.0,-9.428015845572838E-18 388.0,1.3944739070143253E-17 388.0,1.8868069065650154E-4 
389.0,9.019902439980562E-19 389.0,-9.428015845572832E-18 389.0,1.394473907014326E-17 389.0,1.886806906564995E-4 389.0,-2.0063923251732365E-17 
390.0,-9.428015845572843E-18 390.0,1.394473907014325E-17 390.0,1.8868069065649962E-4 390.0,-2.0063923251732152E-17 390.0,-9.773643216673233E-18 
391.0,1.3944739070143266E-17 391.0,1.8868069065649948E-4 391.0,-2.006392325173216E-17 391.0,-9.773643216673128E-18 391.0,1.2385809980806785E-17 
392.0,1.886806906564997E-4 392.0,-2.006392325173215E-17 392.0,-9.773643216673133E-18 392.0,1.2385809980806653E-17 392.0,-5.942576626258244E-18 
393.0,-2.006392325173217E-17 393.0,-9.773643216673127E-18 393.0,1.2385809980806659E-17 393.0,-5.942576626258181E-18 393.0,-1.3474461795012084E-18 
394.0,-9.773643216673138E-18 394.0,1.2385809980806651E-17 394.0,-5.942576626258183E-18 394.0,-1.347446179501194E-18 394.0,-6.683416656959374E-18 
395.0,1.2385809980806663E-17 395.0,-5.9425766262581795E-18 395.0,-1.3474461795011946E-18 395.0,-6.683416656959303E-18 395.0,6.401461361437403E-18 
396.0,-5.942576626258186E-18 396.0,-1.3474461795011938E-18 396.0,-6.683416656959306E-18 396.0,6.401461361437335E-18 396.0,2.3363356467968096E-4 
397.0,-1.3474461795011951E-18 397.0,-6.683416656959301E-18 397.0,6.401461361437338E-18 397.0,2.3363356467967847E-4 397.0,-1.845324508950685E-17 
398.0,-6.683416656959309E-18 398.0,6.4014613614373336E-18 398.0,2.3363356467967858E-4 398.0,-1.8453245089506652E-17 398.0,-1.0004416907588667E-17 
399.0,6.4014613614373405E-18 399.0,2.3363356467967841E-4 399.0,-1.845324508950666E-17 399.0,-1.0004416907588561E-17 399.0,8.896785181717454E-18 
400.0,2.3363356467967869E-4 400.0,-1.845324508950665E-17 400.0,-1.0004416907588566E-17 400.0,8.896785181717359E-18 400.0,-1.1761192515190079E-17 
401.0,-1.8453245089506668E-17 401.0,-1.0004416907588558E-17 401.0,8.896785181717363E-18 401.0,-1.1761192515189954E-17 401.0,-3.0141892318568717E-19 
402.0,-1.0004416907588569E-17 402.0,8.896785181717357E-18 402.0,-1.1761192515189959E-17 402.0,-3.01418923185684E-19 402.0,-1.0085567972728941E-17 
403.0,8.896785181717368E-18 403.0,-1.1761192515189951E-17 403.0,-3.014189231856841E-19 403.0,-1.0085567972728833E-17 403.0,1.1154087830041323E-17 
404.0,-1.1761192515189965E-17 404.0,-3.014189231856839E-19 404.0,-1.0085567972728838E-17 404.0,1.1154087830041202E-17 404.0,1.695893400611805E-4 
405.0,-3.0141892318568423E-19 405.0,-1.008556797272883E-17 405.0,1.1154087830041209E-17 405.0,1.6958934006117867E-4 405.0,-1.4574362147522864E-17 
406.0,-1.0085567972728843E-17 406.0,1.1154087830041201E-17 406.0,1.6958934006117875E-4 406.0,-1.457436214752271E-17 406.0,-8.860954757081029E-18 
407.0,1.1154087830041213E-17 407.0,1.6958934006117864E-4 407.0,-1.4574362147522716E-17 407.0,-8.860954757080935E-18 407.0,1.0073324169051733E-17 
408.0,1.6958934006117883E-4 408.0,-1.4574362147522707E-17 408.0,-8.860954757080938E-18 408.0,1.0073324169051626E-17 408.0,-5.2091261123528726E-18 
409.0,-1.4574362147522722E-17 409.0,-8.860954757080932E-18 409.0,1.0073324169051631E-17 409.0,-5.209126112352817E-18 409.0,-2.302402831862026E-19 
410.0,-8.860954757080943E-18 410.0,1.0073324169051623E-17 410.0,-5.2091261123528195E-18 410.0,-2.3024028318620012E-19 410.0,-5.576711723236333E-18 
411.0,1.0073324169051634E-17 411.0,-5.209126112352816E-18 411.0,-2.302402831862002E-19 411.0,-5.576711723236273E-18 411.0,3.718881326289745E-18 
412.0,-5.209126112352822E-18 412.0,-2.302402831862001E-19 412.0,-5.576711723236276E-18 412.0,3.718881326289706E-18 412.0,1.8868069065647918E-4 
413.0,-2.302402831862003E-19 413.0,-5.576711723236272E-18 413.0,3.718881326289707E-18 413.0,1.8868069065647715E-4 413.0,-1.3995134207502884E-17 
414.0,-5.576711723236278E-18 414.0,3.718881326289705E-18 414.0,1.8868069065647726E-4 414.0,-1.3995134207502736E-17 414.0,-8.12880407607244E-18 
415.0,3.718881326289709E-18 415.0,1.8868069065647712E-4 415.0,-1.3995134207502742E-17 415.0,-8.128804076072352E-18 415.0,5.145568215414091E-18 
416.0,1.8868069065647734E-4 416.0,-1.3995134207502733E-17 416.0,-8.128804076072357E-18 416.0,5.145568215414036E-18 416.0,-9.734089254688545E-18 
417.0,-1.3995134207502748E-17 417.0,-8.12880407607235E-18 417.0,5.145568215414039E-18 417.0,-9.73408925468844E-18 417.0,-3.428699760230616E-19 
418.0,-8.12880407607236E-18 418.0,5.145568215414035E-18 418.0,-9.734089254688444E-18 418.0,-3.4286997602305796E-19 418.0,-7.340756567083082E-18 
419.0,5.145568215414041E-18 419.0,-9.734089254688438E-18 419.0,-3.428699760230581E-19 419.0,-7.340756567083003E-18 419.0,8.608159132056057E-18 
420.0,-9.734089254688449E-18 420.0,-3.4286997602305786E-19 420.0,-7.340756567083008E-18 420.0,8.608159132055964E-18 420.0,1.3529106180613674E-4 
421.0,-3.4286997602305825E-19 421.0,-7.340756567083002E-18 421.0,8.608159132055969E-18 421.0,1.352910618061353E-4 421.0,-1.3235135281580804E-17 
422.0,-7.340756567083011E-18 422.0,8.608159132055963E-18 422.0,1.3529106180613535E-4 422.0,-1.3235135281580664E-17 422.0,-6.6896689311249854E-18 
423.0,8.608159132055972E-18 423.0,1.3529106180613527E-4 423.0,-1.3235135281580669E-17 423.0,-6.689668931124914E-18 423.0,8.76494363588534E-18 
424.0,1.352910618061354E-4 424.0,-1.3235135281580661E-17 424.0,-6.689668931124917E-18 424.0,8.764943635885246E-18 424.0,-4.900314864572624E-18 
425.0,-1.3235135281580675E-17 425.0,-6.689668931124912E-18 425.0,8.76494363588525E-18 425.0,-4.9003148645725726E-18 425.0,-5.177422520454832E-19 
426.0,-6.68966893112492E-18 426.0,8.764943635885244E-18 426.0,-4.900314864572574E-18 426.0,-5.177422520454776E-19 426.0,-5.956946811783192E-18 
427.0,8.764943635885254E-18 427.0,-4.900314864572571E-18 427.0,-5.177422520454779E-19 427.0,-5.956946811783129E-18 427.0,2.2536755936556584E-18 
428.0,-4.9003148645725765E-18 428.0,-5.177422520454775E-19 428.0,-5.956946811783131E-18 428.0,2.2536755936556346E-18 428.0,1.695893400611627E-4 
429.0,-5.177422520454781E-19 429.0,-5.956946811783127E-18 429.0,2.2536755936556353E-18 429.0,1.695893400611609E-4 429.0,-1.1227851275750836E-17 
430.0,-5.956946811783134E-18 430.0,2.2536755936556338E-18 430.0,1.6958934006116097E-4 430.0,-1.1227851275750715E-17 430.0,-6.906560658414605E-18 
431.0,2.2536755936556365E-18 431.0,1.6958934006116086E-4 431.0,-1.122785127575072E-17 431.0,-6.906560658414532E-18 431.0,3.909820080758241E-18 
432.0,1.6958934006116105E-4 432.0,-1.1227851275750712E-17 432.0,-6.906560658414535E-18 432.0,3.9098200807581985E-18 432.0,-7.504159691948652E-18 
433.0,-1.1227851275750726E-17 433.0,-6.90656065841453E-18 433.0,3.909820080758201E-18 433.0,-7.504159691948572E-18 433.0,5.769989768815811E-19 
434.0,-6.906560658414538E-18 434.0,3.909820080758198E-18 434.0,-7.504159691948575E-18 434.0,5.769989768815749E-19 434.0,-4.7515698424846935E-18 
435.0,3.909820080758202E-18 435.0,-7.50415969194857E-18 435.0,5.769989768815751E-19 435.0,-4.751569842484643E-18 435.0,6.972127950111116E-18 
436.0,-7.504159691948578E-18 436.0,5.769989768815747E-19 436.0,-4.751569842484645E-18 436.0,6.972127950111042E-18 436.0,9.223115662146729E-5 
437.0,5.769989768815754E-19 437.0,-4.751569842484642E-18 437.0,6.972127950111045E-18 437.0,9.22311566214663E-5 437.0,-1.1707337998331033E-17 
438.0,-4.7515698424846465E-18 438.0,6.97212795011104E-18 438.0,9.223115662146636E-5 438.0,-1.1707337998330908E-17 438.0,-4.8565973014555066E-18 
439.0,6.972127950111048E-18 439.0,9.223115662146629E-5 439.0,-1.1707337998330913E-17 439.0,-4.856597301455455E-18 439.0,6.869866290947532E-18 
440.0,9.22311566214664E-5 440.0,-1.1707337998330905E-17 440.0,-4.8565973014554565E-18 440.0,6.869866290947459E-18 440.0,-3.578559696689813E-18 
441.0,-1.1707337998330919E-17 441.0,-4.8565973014554534E-18 441.0,6.869866290947462E-18 441.0,-3.578559696689774E-18 441.0,-8.274450031056198E-19 
442.0,-4.856597301455459E-18 442.0,6.8698662909474576E-18 442.0,-3.578559696689776E-18 442.0,-8.27445003105611E-19 442.0,-5.440637358246456E-18 
443.0,6.869866290947465E-18 443.0,-3.5785596966897734E-18 443.0,-8.2744500310561135E-19 443.0,-5.440637358246397E-18 443.0,2.278416537887124E-18 
444.0,-3.578559696689777E-18 444.0,-8.274450031056108E-19 444.0,-5.4406373582463996E-18 444.0,2.2784165378870997E-18 444.0,1.3529106180612676E-4 
445.0,-8.274450031056117E-19 445.0,-5.4406373582463965E-18 445.0,2.2784165378871005E-18 445.0,1.3529106180612532E-4 445.0,-9.711536237118366E-18 
446.0,-5.440637358246403E-18 446.0,2.278416537887099E-18 446.0,1.3529106180612538E-4 446.0,-9.711536237118263E-18 446.0,-5.365994344319809E-18 
447.0,2.2784165378871017E-18 447.0,1.352910618061253E-4 447.0,-9.711536237118267E-18 447.0,-5.365994344319752E-18 447.0,3.707167838355925E-18 
448.0,1.3529106180612543E-4 448.0,-9.71153623711826E-18 448.0,-5.365994344319754E-18 448.0,3.7071678383558855E-18 448.0,-6.163166161735342E-18 
449.0,-9.71153623711827E-18 449.0,-5.365994344319751E-18 449.0,3.707167838355887E-18 449.0,-6.1631661617352766E-18 449.0,3.7383759128493026E-19 
450.0,-5.3659943443197565E-18 450.0,3.707167838355885E-18 450.0,-6.163166161735279E-18 450.0,3.7383759128492626E-19 450.0,-3.9992851173936265E-18 
451.0,3.7071678383558886E-18 451.0,-6.163166161735275E-18 451.0,3.738375912849264E-19 451.0,-3.999285117393584E-18 451.0,5.862339032051356E-18 
452.0,-6.163166161735282E-18 452.0,3.7383759128492617E-19 452.0,-3.999285117393586E-18 452.0,5.862339032051293E-18 452.0,7.022796181949901E-5 
453.0,3.738375912849266E-19 453.0,-3.999285117393583E-18 453.0,5.8623390320512955E-18 453.0,7.022796181949826E-5 453.0,-8.890941352544073E-18 
454.0,-3.999285117393588E-18 454.0,5.862339032051292E-18 454.0,7.022796181949829E-5 454.0,-8.89094135254398E-18 454.0,-4.0866278495381125E-18 
455.0,5.862339032051299E-18 455.0,7.022796181949825E-5 455.0,-8.890941352543983E-18 455.0,-4.0866278495380694E-18 455.0,5.3178717530874525E-18 
456.0,7.022796181949832E-5 456.0,-8.890941352543978E-18 456.0,-4.086627849538071E-18 456.0,5.317871753087396E-18 456.0,-2.573434601056638E-18 
457.0,-8.890941352543987E-18 457.0,-4.086627849538069E-18 457.0,5.3178717530873985E-18 457.0,-2.5734346010566105E-18 457.0,-5.827970358849009E-19 
458.0,-4.0866278495380725E-18 458.0,5.317871753087395E-18 458.0,-2.5734346010566116E-18 458.0,-5.827970358848946E-19 458.0,-3.397487707359294E-18 
459.0,5.317871753087401E-18 459.0,-2.5734346010566097E-18 459.0,-5.827970358848949E-19 459.0,-3.3974877073592578E-18 459.0,2.4540035082365595E-18 
460.0,-2.5734346010566128E-18 460.0,-5.827970358848945E-19 460.0,-3.3974877073592593E-18 460.0,2.4540035082365333E-18 460.0,9.22311566214592E-5 
461.0,-5.827970358848952E-19 461.0,-3.397487707359257E-18 461.0,2.454003508236534E-18 461.0,9.223115662145821E-5 461.0,-7.873363451665662E-18 
462.0,-3.397487707359261E-18 462.0,2.4540035082365326E-18 462.0,9.223115662145827E-5 462.0,-7.873363451665577E-18 462.0,-4.264855588997106E-18 
463.0,2.4540035082365353E-18 463.0,9.22311566214582E-5 463.0,-7.873363451665582E-18 463.0,-4.264855588997061E-18 463.0,3.550144152965141E-18 
464.0,9.223115662145831E-5 464.0,-7.873363451665576E-18 464.0,-4.264855588997062E-18 464.0,3.550144152965103E-18 464.0,-5.0189946641206035E-18 
465.0,-7.873363451665585E-18 465.0,-4.26485558899706E-18 465.0,3.550144152965105E-18 465.0,-5.01899466412055E-18 465.0,-3.579572713304617E-20 
466.0,-4.2648555889970645E-18 466.0,3.5501441529651024E-18 466.0,-5.018994664120553E-18 466.0,-3.579572713304579E-20 466.0,-3.973252945637211E-18 
467.0,3.550144152965106E-18 467.0,-5.018994664120549E-18 467.0,-3.5795727133045805E-20 467.0,-3.9732529456371684E-18 467.0,4.726407642493772E-18 
468.0,-5.018994664120554E-18 468.0,-3.5795727133045787E-20 468.0,-3.97325294563717E-18 468.0,4.726407642493722E-18 468.0,5.9954325470175566E-5 
469.0,-3.5795727133045823E-20 469.0,-3.973252945637168E-18 469.0,4.726407642493724E-18 469.0,5.995432547017492E-5 469.0,-6.504523243691411E-18 
470.0,-3.973252945637172E-18 470.0,4.726407642493721E-18 470.0,5.995432547017495E-5 470.0,-6.5045232436913416E-18 470.0,-3.6350497104637084E-18 
471.0,4.7264076424937256E-18 471.0,5.995432547017491E-5 471.0,-6.504523243691345E-18 471.0,-3.63504971046367E-18 471.0,4.2216492923963735E-18 
472.0,5.9954325470174977E-5 472.0,-6.50452324369134E-18 472.0,-3.6350497104636714E-18 472.0,4.221649292396329E-18 472.0,-2.1184225767427173E-18 
473.0,-6.504523243691347E-18 473.0,-3.635049710463669E-18 473.0,4.22164929239633E-18 473.0,-2.1184225767426946E-18 473.0,-2.0024154829817473E-19 
474.0,-3.635049710463673E-18 474.0,4.221649292396328E-18 474.0,-2.1184225767426958E-18 474.0,-2.002415482981726E-19 474.0,-2.5291387013712298E-18 
475.0,4.221649292396333E-18 475.0,-2.1184225767426942E-18 475.0,-2.0024154829817269E-19 475.0,-2.529138701371203E-18 475.0,1.7058619560105604E-18 
476.0,-2.1184225767426965E-18 476.0,-2.0024154829817254E-19 476.0,-2.529138701371204E-18 476.0,1.7058619560105423E-18 476.0,7.022796181949024E-5 
477.0,-2.0024154829817278E-19 477.0,-2.5291387013712024E-18 477.0,1.7058619560105429E-18 477.0,7.02279618194895E-5 477.0,-6.0681513790787185E-18 
478.0,-2.529138701371205E-18 478.0,1.7058619560105419E-18 478.0,7.022796181948952E-5 478.0,-6.068151379078654E-18 478.0,-3.428125768638312E-18 
479.0,1.7058619560105436E-18 479.0,7.022796181948948E-5 479.0,-6.068151379078656E-18 479.0,-3.4281257686382753E-18 479.0,2.396669387070433E-18 
480.0,7.022796181948955E-5 480.0,-6.068151379078652E-18 480.0,-3.428125768638277E-18 480.0,2.3966693870704076E-18 480.0,-4.06377204560031E-18 
481.0,-6.068151379078659E-18 481.0,-3.4281257686382745E-18 481.0,2.3966693870704087E-18 481.0,-4.063772045600266E-18 481.0,-1.2060362964558973E-19 
482.0,-3.4281257686382784E-18 482.0,2.396669387070407E-18 482.0,-4.0637720456002684E-18 482.0,-1.2060362964558843E-19 482.0,-3.1623270590342564E-18 
483.0,2.39666938707041E-18 483.0,-4.063772045600265E-18 483.0,-1.206036296455885E-19 483.0,-3.162327059034223E-18 483.0,3.6898838683933846E-18 
484.0,-4.06377204560027E-18 484.0,-1.206036296455884E-19 484.0,-3.1623270590342244E-18 484.0,3.689883868393345E-18 484.0,4.8811346819082375E-5 
485.0,-1.2060362964558855E-19 485.0,-3.162327059034222E-18 485.0,3.689883868393347E-18 485.0,4.881134681908186E-5 485.0,-5.489043536458634E-18 
486.0,-3.1623270590342256E-18 486.0,3.6898838683933445E-18 486.0,4.881134681908188E-5 486.0,-5.489043536458575E-18 486.0,-2.8327195289028544E-18 
487.0,3.689883868393348E-18 487.0,4.8811346819081846E-5 487.0,-5.4890435364585774E-18 487.0,-2.8327195289028244E-18 487.0,3.579762024795576E-18 
488.0,4.88113468190819E-5 488.0,-5.4890435364585735E-18 488.0,-2.8327195289028256E-18 488.0,3.579762024795538E-18 488.0,-1.9223438665941907E-18 
489.0,-5.48904353645858E-18 489.0,-2.8327195289028236E-18 489.0,3.579762024795539E-18 489.0,-1.9223438665941703E-18 489.0,-1.7656386356686742E-19 
490.0,-2.832719528902827E-18 490.0,3.579762024795537E-18 490.0,-1.922343866594171E-18 490.0,-1.7656386356686555E-19 490.0,-2.3835967237835874E-18 
491.0,3.579762024795541E-18 491.0,-1.92234386659417E-18 491.0,-1.7656386356686562E-19 491.0,-2.383596723783562E-18 491.0,1.069118425953449E-18 
492.0,-1.922343866594172E-18 492.0,-1.765638635668655E-19 492.0,-2.383596723783563E-18 492.0,1.0691184259534376E-18 492.0,5.995432547016785E-5 
493.0,-1.765638635668657E-19 493.0,-2.3835967237835616E-18 493.0,1.069118425953438E-18 493.0,5.9954325470167204E-5 493.0,-4.771945283142482E-18 
494.0,-2.3835967237835643E-18 494.0,1.0691184259534373E-18 494.0,5.995432547016723E-5 494.0,-4.771945283142431E-18 494.0,-2.8619855573625492E-18 
495.0,1.0691184259534384E-18 495.0,5.995432547016719E-5 495.0,-4.771945283142432E-18 495.0,-2.8619855573625188E-18 495.0,1.7284482835530156E-18 
496.0,5.995432547016726E-5 496.0,-4.771945283142429E-18 496.0,-2.86198555736252E-18 496.0,1.7284482835529971E-18 496.0,-3.1811557685593384E-18 
497.0,-4.771945283142435E-18 497.0,-2.8619855573625184E-18 497.0,1.728448283552998E-18 497.0,-3.1811557685593045E-18 497.0,1.1890549022069304E-19 
498.0,-2.8619855573625215E-18 498.0,1.7284482835529968E-18 498.0,-3.181155768559306E-18 498.0,1.1890549022069179E-19 498.0,-2.1809042972154282E-18 
499.0,1.7284482835529987E-18 499.0,-3.181155768559304E-18 499.0,1.1890549022069183E-19 499.0,-2.180904297215405E-18 499.0,2.9364572422961367E-18 
500.0,-3.1811557685593076E-18 500.0,1.1890549022069176E-19 500.0,-2.180904297215406E-18 500.0,2.9364572422961055E-18 500.0,3.526062586014062E-5 
501.0,1.1890549022069188E-19 501.0,-2.1809042972154043E-18 501.0,2.9364572422961067E-18 501.0,3.526062586014025E-5 501.0,-4.7604013814808186E-18 
502.0,-2.180904297215407E-18 502.0,2.9364572422961048E-18 502.0,3.526062586014026E-5 502.0,-4.760401381480768E-18 502.0,-2.1064036348186872E-18 
503.0,2.9364572422961082E-18 503.0,3.526062586014024E-5 503.0,-4.76040138148077E-18 503.0,-2.106403634818665E-18 503.0,2.8600682195639544E-18 
504.0,3.526062586014028E-5 504.0,-4.760401381480767E-18 504.0,-2.1064036348186657E-18 504.0,2.860068219563924E-18 504.0,-1.4662671455950799E-18 
505.0,-4.7604013814807716E-18 505.0,-2.1064036348186645E-18 505.0,2.860068219563925E-18 505.0,-1.4662671455950643E-18 505.0,-2.8332707335327857E-19 
506.0,-2.106403634818667E-18 506.0,2.860068219563923E-18 506.0,-1.4662671455950649E-18 506.0,-2.833270733532756E-19 506.0,-2.172845809776106E-18 
507.0,2.8600682195639263E-18 507.0,-1.4662671455950639E-18 507.0,-2.833270733532757E-19 507.0,-2.1728458097760823E-18 507.0,9.239416308649767E-19 
508.0,-1.4662671455950654E-18 508.0,-2.833270733532755E-19 508.0,-2.1728458097760835E-18 508.0,9.23941630864967E-19 508.0,4.8811346819077354E-5 
509.0,-2.8332707335327583E-19 509.0,-2.172845809776082E-18 509.0,9.239416308649673E-19 509.0,4.881134681907684E-5 509.0,-3.9909537542142025E-18 
510.0,-2.1728458097760843E-18 510.0,9.239416308649665E-19 510.0,4.881134681907686E-5 510.0,-3.99095375421416E-18 510.0,-2.2319330217868892E-18 
511.0,9.239416308649677E-19 511.0,4.8811346819076825E-5 511.0,-3.990953754214162E-18 511.0,-2.2319330217868657E-18 511.0,1.4957163485854946E-18 
