x:Traj Length y:fhat_k(x),
0.0,-2.39991212582171E-5 0.0,-2.2651477540277208E-17 0.0,-2.529810339526302E-16 0.0,4.19120257061328E-16 0.0,-2.0283822463138542E-16 
1.0,-2.2652021155833364E-17 1.0,-2.529810339526296E-16 1.0,4.191202570613278E-16 1.0,-2.0283822709252779E-16 1.0,-3.6153172427016646E-16 
2.0,-2.529871052751393E-16 2.0,4.1912025706132677E-16 2.0,-2.028382270925277E-16 2.0,-3.6153172865682016E-16 2.0,3.822287533966235E-16 
3.0,4.191303155791976E-16 3.0,-2.0283822709252722E-16 3.0,-3.6153172865681996E-16 3.0,3.822287580344051E-16 3.0,6.064159122429662E-16 
4.0,-2.028430950317349E-16 4.0,-3.6153172865681907E-16 4.0,3.822287580344049E-16 4.0,6.064159196009279E-16 4.0,0.24988608914158236 
5.0,-3.6154040510061367E-16 5.0,3.82228758034404E-16 5.0,6.064159196009276E-16 5.0,0.2498860921735811 5.0,8.837808889520473E-16 
6.0,3.8223793118871626E-16 6.0,6.064159196009262E-16 6.0,0.249886092173581 6.0,8.837808996754235E-16 6.0,7.01496795561268E-19 
7.0,6.064304730501133E-16 7.0,0.24988609217358038 7.0,8.837808996754232E-16 7.0,7.014968040728959E-19 7.0,3.4020584744988004E-16 
8.0,0.2498920892202071 8.0,8.83780899675421E-16 8.0,7.014968040728955E-19 8.0,3.402058515777757E-16 8.0,-7.07686176574269E-17 
9.0,8.838021096403976E-16 9.0,7.014968040728939E-19 9.0,3.4020585157777557E-16 9.0,-7.076861851609958E-17 9.0,1.3806262637107794E-15 
10.0,7.015136393797568E-19 10.0,3.4020585157777473E-16 10.0,-7.076861851609955E-17 10.0,1.3806262804626407E-15 10.0,-3.0631641525121156E-17 
11.0,3.4021401621925935E-16 11.0,-7.076861851609938E-17 11.0,1.38062628046264E-15 11.0,-3.06316418967909E-17 11.0,1.1619764035858273E-15 
12.0,-7.077031690075639E-17 12.0,1.3806262804626367E-15 12.0,-3.063164189679089E-17 12.0,1.1619764176846953E-15 12.0,-8.231178897350463E-6 
13.0,1.3806594142801533E-15 13.0,-3.0631641896790814E-17 13.0,1.1619764176846949E-15 13.0,-8.231178997223668E-6 13.0,1.0412264781899541E-15 
14.0,-3.063237702927902E-17 14.0,1.161976417684692E-15 14.0,-8.231178997223662E-6 14.0,1.0412264908237002E-15 14.0,2.5582927534829855E-16 
15.0,1.1620043040976387E-15 15.0,-8.231178997223642E-6 15.0,1.0412264908236996E-15 15.0,2.5582927845240907E-16 15.0,1.7671784335992551E-15 
16.0,-8.231376538286492E-6 16.0,1.041226490823697E-15 16.0,2.5582927845240897E-16 16.0,1.7671784550413564E-15 16.0,-2.541731372421049E-16 
17.0,1.0412514793445071E-15 17.0,2.5582927845240833E-16 17.0,1.7671784550413556E-15 17.0,-2.541731403261206E-16 17.0,5.238653960214467E-16 
18.0,2.5583541813028317E-16 18.0,1.7671784550413512E-15 18.0,-2.541731403261205E-16 18.0,5.238654023777798E-16 18.0,-1.9595819707070509E-16 
19.0,1.7672208657713778E-15 19.0,-2.5417314032611985E-16 19.0,5.238654023777795E-16 19.0,-1.959581994483685E-16 19.0,6.724899644619733E-16 
20.0,-2.54179240258135E-16 20.0,5.238654023777782E-16 20.0,-1.959581994483684E-16 20.0,6.724899726216461E-16 20.0,0.06279322476192044 
21.0,5.238779746870927E-16 21.0,-1.9595819944836792E-16 21.0,6.724899726216458E-16 21.0,0.0627932255238235 21.0,9.05036762189462E-16 
22.0,-1.9596290227295792E-16 22.0,6.724899726216442E-16 22.0,0.06279322552382348 22.0,9.050367731707467E-16 22.0,-1.3262891468480895E-15 
23.0,6.725061117900418E-16 23.0,0.06279322552382333 23.0,9.050367731707463E-16 23.0,-1.3262891629406503E-15 23.0,1.2087771704822396E-15 
24.0,0.06279473250605684 24.0,9.050367731707442E-16 24.0,-1.3262891629406497E-15 24.0,1.2087771851489657E-15 24.0,-5.076450244442816E-16 
25.0,9.050584932580062E-16 25.0,-1.3262891629406463E-15 25.0,1.2087771851489653E-15 25.0,-5.076450306038045E-16 25.0,1.7741520405227533E-16 
26.0,-1.3263209927150907E-15 26.0,1.2087771851489624E-15 26.0,-5.076450306038042E-16 26.0,1.774152062049469E-16 26.0,5.91398381653078E-17 
27.0,1.2088061947392023E-15 27.0,-5.07645030603803E-16 27.0,1.7741520620494683E-16 27.0,5.913983888288241E-17 27.0,4.131746904684138E-16 
28.0,-5.076572136384483E-16 28.0,1.7741520620494639E-16 28.0,5.913983888288239E-17 28.0,4.131746954816786E-16 28.0,0.2500823010573562 
29.0,1.7741946401399307E-16 29.0,5.913983888288225E-17 29.0,4.1317469548167843E-16 29.0,0.2500823040917357 29.0,-5.96857328856053E-16 
30.0,5.914125818704676E-17 30.0,4.131746954816774E-16 30.0,0.2500823040917356 30.0,-5.968573360980354E-16 30.0,2.2479376636292535E-16 
31.0,4.131846113112949E-16 31.0,0.250082304091735 31.0,-5.968573360980352E-16 31.0,2.247937690904658E-16 31.0,-2.447746601185542E-16 
32.0,0.25008830584727526 32.0,-5.968573360980337E-16 32.0,2.247937690904657E-16 32.0,-2.4477466308853326E-16 32.0,-9.394682165243759E-16 
33.0,-5.968716601496163E-16 33.0,2.247937690904652E-16 33.0,-2.4477466308853316E-16 33.0,-9.394682279234357E-16 33.0,2.3430503314530952E-15 
34.0,2.2479916394338755E-16 34.0,-2.4477466308853257E-16 34.0,-9.39468227923435E-16 34.0,2.3430503598825516E-15 34.0,4.2039330480953773E-16 
35.0,-2.4478053746535284E-16 35.0,-9.39468227923433E-16 35.0,2.3430503598825505E-15 35.0,4.203933099103898E-16 35.0,1.7421066569859441E-15 
36.0,-9.394907743353526E-16 36.0,2.343050359882545E-15 36.0,4.203933099103896E-16 36.0,1.7421066781238364E-15 36.0,0.015811807807090687 
37.0,2.3431065910322448E-15 37.0,4.2039330991038857E-16 37.0,1.7421066781238356E-15 37.0,0.01581180799894363 37.0,1.265537896702026E-15 
38.0,4.204033989804091E-16 38.0,1.7421066781238312E-15 38.0,0.015811807998943623 38.0,1.26553791205746E-15 38.0,-1.0232364755938259E-16 
39.0,1.7421484871532436E-15 39.0,0.01581180799894358 39.0,1.2655379120574593E-15 39.0,-1.0232364880092898E-16 39.0,1.721977090128173E-15 
40.0,0.015812187468441055 40.0,1.2655379120574562E-15 40.0,-1.0232364880092893E-16 40.0,1.7219771110218227E-15 40.0,-9.066114678435042E-17 
41.0,1.265568283855264E-15 41.0,-1.0232364880092869E-16 41.0,1.721977111021822E-15 41.0,-9.066114788438958E-17 41.0,1.8617564386237516E-15 
42.0,-1.023261044785838E-16 42.0,1.7219771110218176E-15 42.0,-9.066114788438954E-17 42.0,1.8617564612134175E-15 42.0,-2.582017226174682E-16 
43.0,1.7220184369593082E-15 43.0,-9.066114788438932E-17 43.0,1.8617564612134163E-15 43.0,-2.5820172575036486E-16 43.0,7.490514747839926E-16 
44.0,-9.066332367227076E-17 44.0,1.861756461213412E-15 44.0,-2.5820172575036476E-16 44.0,7.490514838726263E-16 44.0,0.06376629366481791 
45.0,1.861801141732477E-15 45.0,-2.582017257503641E-16 45.0,7.490514838726259E-16 45.0,0.06376629443852774 45.0,8.388679443607665E-16 
46.0,-2.5820792236488937E-16 46.0,7.490514838726241E-16 46.0,0.06376629443852772 46.0,8.388679545391905E-16 46.0,-3.614383206120331E-16 
47.0,7.490694604500138E-16 47.0,0.06376629443852756 47.0,8.388679545391901E-16 47.0,-3.614383249975535E-16 47.0,4.316786548913147E-16 
48.0,0.06376782477355994 48.0,8.388679545391881E-16 48.0,-3.614383249975533E-16 48.0,4.316786601290978E-16 48.0,-1.1136565091882539E-16 
49.0,8.388880866329483E-16 49.0,-3.614383249975525E-16 49.0,4.316786601290976E-16 49.0,-1.1136565227008313E-16 49.0,8.18704426380324E-16 
50.0,-3.6144699919974127E-16 50.0,4.316786601290966E-16 50.0,-1.1136565227008308E-16 50.0,8.187044363140934E-16 50.0,-1.9225309019839201E-16 
51.0,4.316890200376054E-16 51.0,-1.113656522700828E-16 51.0,8.18704436314093E-16 51.0,-1.9225309253109941E-16 51.0,1.1619667099402554E-15 
52.0,-1.1136832494787558E-16 52.0,8.187044363140911E-16 52.0,-1.9225309253109932E-16 52.0,1.161966724039006E-15 52.0,0.00403279325660061 
53.0,8.187240845011324E-16 53.0,-1.9225309253109885E-16 53.0,1.1619667240390053E-15 53.0,0.004032793305532602 53.0,5.949195332239781E-16 
54.0,-1.9225770643637868E-16 54.0,1.1619667240390026E-15 54.0,0.0040327933055326 54.0,5.949195404424482E-16 54.0,4.920423256452719E-16 
55.0,1.1619946102193102E-15 55.0,0.00403279330553259 55.0,5.949195404424479E-16 55.0,4.92042331615479E-16 55.0,1.0502368451007104E-15 
56.0,0.004032890089028137 56.0,5.949195404424465E-16 56.0,4.920423316154788E-16 56.0,1.0502368578437839E-15 56.0,-3.749151212185118E-16 
57.0,5.949338179886362E-16 57.0,4.920423316154777E-16 57.0,1.0502368578437835E-15 57.0,-3.7491512576755326E-16 57.0,1.2155037935848629E-15 
58.0,4.92054140199058E-16 58.0,1.050236857843781E-15 58.0,-3.7491512576755306E-16 58.0,1.2155038083332068E-15 58.0,6.238400668780706E-16 
59.0,1.0502620626054816E-15 59.0,-3.7491512576755217E-16 59.0,1.2155038083332062E-15 59.0,6.238400744474488E-16 59.0,7.133116100341452E-16 
60.0,-3.7492412340111683E-16 60.0,1.2155038083332032E-15 60.0,6.238400744474485E-16 60.0,7.133116186891285E-16 60.0,0.015955889438802193 
61.0,1.2155329793564888E-15 61.0,6.23840074447447E-16 61.0,7.133116186891282E-16 61.0,0.015955889632403353 61.0,1.0232240559082897E-15 
62.0,6.238550460610391E-16 62.0,7.133116186891264E-16 62.0,0.015955889632403346 62.0,1.0232240683236029E-15 62.0,-9.585772771593495E-17 
63.0,7.133287375411579E-16 63.0,0.015955889632403308 63.0,1.0232240683236023E-15 63.0,-9.585772887902695E-17 63.0,6.806691911821133E-16 
64.0,0.01595627255973337 64.0,1.0232240683236E-15 64.0,-9.58577288790269E-17 64.0,6.80669199441029E-16 64.0,6.055740348368324E-17 
65.0,1.0232486248020895E-15 65.0,-9.585772887902666E-17 65.0,6.806691994410287E-16 65.0,6.055740421845792E-17 65.0,7.959771504632445E-16 
66.0,-9.586002938028553E-17 66.0,6.80669199441027E-16 66.0,6.055740421845789E-17 66.0,7.95977160121252E-16 66.0,1.9709890683647328E-16 
67.0,6.806855349036808E-16 67.0,6.055740421845774E-17 67.0,7.959771601212516E-16 67.0,1.970989092279775E-16 67.0,5.754796041760252E-16 
68.0,6.055885754294464E-17 68.0,7.959771601212496E-16 68.0,1.9709890922797742E-16 68.0,5.754796111586205E-16 68.0,0.06314054582773997 
69.0,7.959962628736338E-16 69.0,1.9709890922797692E-16 69.0,5.754796111586202E-16 69.0,0.06314054659385726 69.0,1.117829796570966E-16 
70.0,1.9710363942859925E-16 70.0,5.754796111586189E-16 70.0,0.06314054659385723 70.0,1.1178298101341802E-16 70.0,-4.926215075660655E-16 
71.0,5.754934221635884E-16 71.0,0.06314054659385708 71.0,1.1178298101341797E-16 71.0,-4.926215135433001E-16 71.0,1.3992089942055198E-16 
72.0,0.06314206191149108 72.0,1.117829810134177E-16 72.0,-4.926215135432999E-16 72.0,1.3992090111828552E-16 72.0,-1.9251134376166131E-16 
73.0,1.117856637067336E-16 73.0,-4.926215135432987E-16 73.0,1.3992090111828545E-16 73.0,-1.9251134609750224E-16 73.0,1.7167597937720707E-15 
74.0,-4.926333360267364E-16 74.0,1.399209011182851E-16 74.0,-1.9251134609750217E-16 74.0,1.7167598146024162E-15 74.0,-2.830757787376976E-17 
75.0,1.3992425909695753E-16 75.0,-1.9251134609750168E-16 75.0,1.7167598146024154E-15 75.0,-2.8307578217240424E-17 75.0,1.4464397264350434E-15 
76.0,-1.9251596620064017E-16 76.0,1.7167598146024113E-15 76.0,-2.830757821724041E-17 76.0,1.4464397439854538E-15 76.0,0.004040313254017009 
77.0,1.7168010153293723E-15 77.0,-2.8307578217240344E-17 77.0,1.4464397439854532E-15 77.0,0.004040313303040245 77.0,1.2501844924733433E-15 
78.0,-2.830825757424249E-17 78.0,1.4464397439854497E-15 78.0,0.004040313303040243 78.0,1.2501845076424863E-15 78.0,3.878784213445899E-17 
79.0,1.4464744572682575E-15 79.0,0.004040313303040233 79.0,1.2501845076424857E-15 79.0,3.878784260509218E-17 79.0,1.3420145387446167E-15 
80.0,0.004040410267009112 80.0,1.2501845076424826E-15 80.0,3.8787842605092165E-17 80.0,1.3420145550279815E-15 80.0,-7.428923056092166E-16 
81.0,1.250214510972076E-15 81.0,3.8787842605092066E-17 81.0,1.342014555027981E-15 81.0,-7.428923146231179E-16 81.0,5.866070386667943E-16 
82.0,3.878877347923007E-17 82.0,1.3420145550279778E-15 82.0,-7.428923146231175E-16 82.0,5.8660704578440465E-16 82.0,-2.184606879254312E-16 
83.0,1.3420467621980136E-15 83.0,-7.428923146231157E-16 83.0,5.866070457844045E-16 83.0,-2.184606905761291E-16 83.0,5.359326734701979E-16 
84.0,-7.429101433858557E-16 84.0,5.86607045784403E-16 84.0,-2.18460690576129E-16 84.0,5.359326799729496E-16 84.0,0.031651129261252915 
85.0,5.866211238380254E-16 85.0,-2.184606905761285E-16 85.0,5.359326799729494E-16 85.0,0.03165112964529264 85.0,5.683732693784447E-16 
86.0,-2.1846593344073166E-16 86.0,5.35932679972948E-16 86.0,0.031651129645292625 86.0,5.683732762748151E-16 86.0,-6.977470114389832E-16 
87.0,5.359455418863207E-16 87.0,0.03165112964529255 87.0,5.683732762748149E-16 87.0,-6.977470199051129E-16 87.0,6.793459331328455E-16 
88.0,0.03165188924459085 88.0,5.683732762748135E-16 88.0,-6.977470199051126E-16 88.0,6.793459413757054E-16 88.0,-4.772947076330574E-16 
89.0,5.683869167339904E-16 89.0,-6.977470199051109E-16 89.0,6.793459413757051E-16 89.0,-4.772947134243241E-16 89.0,7.416264758067664E-16 
90.0,-6.977637652204488E-16 90.0,6.793459413757034E-16 90.0,-4.772947134243239E-16 90.0,7.416264848053087E-16 90.0,-1.0987950269543585E-16 
91.0,6.793622450813265E-16 91.0,-4.772947134243227E-16 91.0,7.416264848053084E-16 91.0,-1.0987950402866139E-16 91.0,6.182498316897375E-16 
92.0,-4.773061680780258E-16 92.0,7.416264848053065E-16 92.0,-1.0987950402866134E-16 92.0,6.182498391912864E-16 92.0,0.06290852362053763 
93.0,7.416442831892433E-16 93.0,-1.0987950402866107E-16 93.0,6.182498391912861E-16 93.0,0.06290852438383969 93.0,-2.0237317504409048E-17 
94.0,-1.0988214104020199E-16 94.0,6.182498391912846E-16 94.0,0.06290852438383966 94.0,-2.0237317749959017E-17 94.0,5.862291123852375E-17 
95.0,6.18264676644143E-16 95.0,0.06290852438383951 95.0,-2.0237317749959008E-17 95.0,5.862291194982623E-17 95.0,4.363985252358634E-16 
96.0,0.06291003413314433 96.0,-2.023731774995896E-17 96.0,5.86229119498262E-17 96.0,4.363985305309152E-16 96.0,-7.581683615500134E-16 
97.0,-2.0237803427801573E-17 97.0,5.862291194982606E-17 97.0,4.3639853053091504E-16 97.0,-7.58168370749267E-16 97.0,1.6451566497962586E-15 
98.0,5.862431884819842E-17 98.0,4.3639853053091396E-16 98.0,-7.581683707492667E-16 98.0,1.6451566697578056E-15 98.0,4.633122803044879E-17 
99.0,4.3640900371216486E-16 99.0,-7.581683707492649E-16 99.0,1.6451566697578048E-15 99.0,4.633122859260984E-17 99.0,1.2672879478896929E-15 
100.0,-7.581865661239282E-16 100.0,1.6451566697578009E-15 100.0,4.633122859260982E-17 100.0,1.2672879632663611E-15 100.0,0.011887851785996838 
101.0,1.6451961520722063E-15 101.0,4.633122859260971E-17 101.0,1.2672879632663605E-15 101.0,0.011887851930238369 101.0,8.95716073879584E-16 
102.0,4.633234050138272E-17 102.0,1.2672879632663574E-15 102.0,0.011887851930238363 102.0,8.957160847477761E-16 102.0,-2.1289348474569968E-16 
103.0,1.2673183770638563E-15 103.0,0.011887851930238334 103.0,8.957160847477757E-16 103.0,-2.1289348732884778E-16 103.0,1.0122819601702419E-15 
104.0,0.011888137228238302 104.0,8.957160847477736E-16 104.0,-2.1289348732884769E-16 104.0,1.012281972452789E-15 104.0,-3.5446280327325446E-16 
105.0,8.957375811467039E-16 105.0,-2.1289348732884717E-16 105.0,1.0122819724527884E-15 105.0,-3.5446280757413723E-16 105.0,1.0774013228733922E-15 
106.0,-2.1289859658546455E-16 106.0,1.012281972452786E-15 106.0,-3.544628075741371E-16 106.0,1.0774013359460666E-15 106.0,-1.2303758515545013E-16 
107.0,1.01230626633059E-15 107.0,-3.544628075741362E-16 107.0,1.0774013359460662E-15 107.0,-1.2303758664832958E-16 107.0,5.544178770309251E-16 
108.0,-3.5447131437003657E-16 108.0,1.0774013359460634E-15 108.0,-1.230375866483295E-16 108.0,5.544178837579674E-16 108.0,0.031379130582325096 
109.0,1.0774271926313682E-15 109.0,-1.2303758664832921E-16 109.0,5.544178837579671E-16 109.0,0.031379130963064515 109.0,3.7953703440479487E-16 
110.0,-1.2304053944229045E-16 110.0,5.544178837579658E-16 110.0,0.0313791309630645 110.0,3.7953703900991645E-16 110.0,-2.9259079184079094E-16 
111.0,5.544311892999856E-16 111.0,0.031379130963064425 111.0,3.7953703900991625E-16 111.0,-2.925907953909482E-16 111.0,3.4790843593492156E-16 
112.0,0.03137988403463337 112.0,3.795370390099153E-16 112.0,-2.9259079539094807E-16 112.0,3.4790844015627675E-16 112.0,-3.358752409921166E-16 
113.0,3.7954614756533635E-16 113.0,-2.9259079539094733E-16 113.0,3.479084401562766E-16 113.0,-3.3587524506746675E-16 113.0,7.673548902699872E-16 
114.0,-2.9259781731292485E-16 114.0,3.4790844015627576E-16 114.0,-3.358752450674666E-16 114.0,7.673548995807058E-16 114.0,-3.782674504479627E-17 
115.0,3.4791678965311767E-16 115.0,-3.358752450674658E-16 115.0,7.673548995807055E-16 115.0,-3.782674550376797E-17 115.0,9.488541384108317E-16 
116.0,-3.3588330577819964E-16 116.0,7.673548995807036E-16 116.0,-3.782674550376796E-17 116.0,9.488541499237758E-16 116.0,0.003930366876889969 
117.0,7.673733154239863E-16 117.0,-3.7826745503767866E-17 117.0,9.488541499237754E-16 117.0,0.003930366924579168 117.0,6.560481375697678E-16 
118.0,-3.7827653312419996E-17 118.0,9.48854149923773E-16 118.0,0.003930366924579166 118.0,6.560481455299434E-16 118.0,1.8232696086115397E-16 
119.0,9.48876921589573E-16 119.0,0.0039303669245791565 119.0,6.560481455299431E-16 119.0,1.8232696307342245E-16 119.0,7.186328558921155E-16 
120.0,0.0039304612499315664 120.0,6.560481455299414E-16 120.0,1.8232696307342235E-16 120.0,7.186328646116642E-16 120.0,-3.5261403791063345E-16 
121.0,6.560638901089369E-16 121.0,1.823269630734219E-16 121.0,7.186328646116639E-16 121.0,-3.526140421890842E-16 121.0,8.733881980527494E-16 
122.0,1.8233133876031727E-16 122.0,7.186328646116621E-16 122.0,-3.52614042189084E-16 122.0,8.733882086500257E-16 122.0,2.636291109494122E-16 
123.0,7.186501111689197E-16 123.0,-3.526140421890832E-16 123.0,8.733882086500253E-16 123.0,2.6362911414816223E-16 123.0,5.049946065652288E-16 
124.0,-3.526225046162389E-16 124.0,8.733882086500231E-16 124.0,2.636291141481621E-16 124.0,5.049946126925927E-16 124.0,0.01176765149878686 
125.0,8.7340916919954765E-16 125.0,2.6362911414816144E-16 125.0,5.049946126925925E-16 125.0,0.011767651641569937 125.0,5.972256126007229E-16 
126.0,2.6363544101523895E-16 126.0,5.049946126925912E-16 126.0,0.011767651641569931 126.0,5.972256198471739E-16 126.0,-1.3639174521078979E-16 
127.0,5.050067321195358E-16 127.0,0.011767651641569902 127.0,5.972256198471736E-16 127.0,-1.3639174686570225E-16 127.0,4.071578578921569E-16 
128.0,0.011767934054868567 128.0,5.972256198471721E-16 128.0,-1.3639174686570218E-16 128.0,4.0715786283241636E-16 128.0,-6.493588804896069E-17 
129.0,5.972399527372412E-16 129.0,-1.3639174686570186E-16 129.0,4.0715786283241616E-16 129.0,-6.493588883686182E-17 129.0,6.051580917236729E-16 
130.0,-1.3639502014777344E-16 130.0,4.0715786283241517E-16 130.0,-6.493588883686178E-17 130.0,6.051580990663729E-16 130.0,7.362654260772742E-17 
131.0,4.0716763426333634E-16 131.0,-6.493588883686162E-17 131.0,6.051580990663727E-16 131.0,7.362654350107681E-17 131.0,4.877173752380294E-16 
132.0,-6.493744724113181E-17 132.0,6.051580990663712E-16 132.0,7.362654350107677E-17 132.0,4.877173811557597E-16 132.0,0.016670726265133152 
133.0,6.051726223289708E-16 133.0,7.36265435010766E-17 133.0,4.877173811557594E-16 133.0,0.016670726467407804 133.0,2.0929475874370178E-16 
134.0,7.362831047342186E-17 134.0,4.877173811557582E-16 134.0,0.016670726467407797 134.0,2.0929476128318467E-16 134.0,-2.0313758381195425E-16 
135.0,4.87729085944328E-16 135.0,0.016670726467407755 135.0,2.0929476128318457E-16 135.0,-2.031375862767289E-16 135.0,2.0891267452728949E-16 
136.0,0.0166711265501937 136.0,2.0929476128318405E-16 136.0,-2.031375862767288E-16 136.0,2.0891267706213636E-16 136.0,-2.0309834786521318E-16 
137.0,2.0929978417353871E-16 137.0,-2.031375862767283E-16 137.0,2.0891267706213626E-16 137.0,-2.0309835032951177E-16 137.0,9.88761145273582E-16 
138.0,-2.0314246140029337E-16 138.0,2.0891267706213574E-16 138.0,-2.0309835032951168E-16 138.0,9.887611572707386E-16 138.0,4.49942530264396E-17 
139.0,2.0891769078280484E-16 139.0,-2.0309835032951118E-16 139.0,9.887611572707382E-16 139.0,4.4994253572378424E-17 139.0,7.804601713374079E-16 
140.0,-2.0310322451144799E-16 140.0,9.887611572707358E-16 140.0,4.4994253572378405E-17 140.0,7.804601808071397E-16 140.0,0.0039496219326807525 
141.0,9.88784886669644E-16 141.0,4.4994253572378294E-17 141.0,7.804601808071393E-16 141.0,0.003949621980603583 141.0,7.147364748186747E-16 
142.0,4.499533339492568E-17 142.0,7.804601808071375E-16 142.0,0.003949621980603581 142.0,7.147364834909466E-16 142.0,-2.960836381553487E-17 
143.0,7.804789111656535E-16 143.0,0.003949621980603572 143.0,7.147364834909463E-16 143.0,-2.9608364174788656E-17 143.0,6.556178363043093E-16 
144.0,0.003949716768060406 144.0,7.147364834909445E-16 144.0,-2.960836417478864E-17 144.0,6.556178442592638E-16 144.0,-3.7978252734360356E-16 
145.0,7.147536365384791E-16 145.0,-2.960836417478857E-17 145.0,6.556178442592635E-16 145.0,-3.797825319517038E-16 145.0,4.1619511596257067E-16 
146.0,-2.9609074749510645E-17 146.0,6.556178442592619E-16 146.0,-3.7978253195170363E-16 146.0,4.161951210124839E-16 146.0,-8.485672497108913E-17 
147.0,6.55633578511405E-16 147.0,-3.797825319517027E-16 147.0,4.161951210124837E-16 147.0,-8.48567260007002E-17 147.0,3.3811863317800126E-16 
148.0,-3.797916463987386E-16 148.0,4.161951210124827E-16 148.0,-8.485672600070017E-17 148.0,3.3811863728057164E-16 148.0,0.012096575888086752 
149.0,4.1620510932965875E-16 149.0,-8.485672600069996E-17 149.0,3.381186372805715E-16 149.0,0.01209657603486084 149.0,2.77930489335967E-16 
150.0,-8.485876248755678E-17 150.0,3.3811863728057066E-16 150.0,0.012096576034860834 150.0,2.7793049270824313E-16 150.0,-3.148609073371039E-16 
151.0,3.3812675183074626E-16 151.0,0.012096576034860805 151.0,2.77930492708243E-16 151.0,-3.1486091115747617E-16 151.0,3.067673617263482E-16 
152.0,0.01209686634205587 152.0,2.7793049270824234E-16 152.0,-3.14860911157476E-16 152.0,3.0676736544851726E-16 152.0,-2.5658212108714704E-16 
153.0,2.779371627958381E-16 153.0,-3.1486091115747523E-16 153.0,3.067673654485171E-16 153.0,-2.565821242003923E-16 153.0,5.847694097252935E-16 
154.0,-3.148684675426614E-16 154.0,3.0676736544851637E-16 154.0,-2.5658212420039213E-16 154.0,5.84769416820607E-16 154.0,-5.5157799849426484E-17 
155.0,3.0677472759571766E-16 155.0,-2.5658212420039154E-16 155.0,5.847694168206067E-16 155.0,-5.5157800518684945E-17 155.0,4.488435540686642E-16 
156.0,-2.565882819459028E-16 156.0,5.847694168206053E-16 156.0,-5.515780051868492E-17 156.0,4.48843559514718E-16 156.0,0.016560193577317875 
157.0,5.847834507727474E-16 157.0,-5.5157800518684785E-17 157.0,4.488435595147178E-16 157.0,0.016560193778251374 157.0,1.9925103701469839E-16 
158.0,-5.515912425742775E-17 158.0,4.488435595147167E-16 158.0,0.016560193778251367 158.0,1.9925103943231555E-16 158.0,8.663757265645936E-18 
159.0,4.488543313657272E-16 159.0,0.016560193778251325 159.0,1.9925103943231545E-16 159.0,8.663757370767839E-18 159.0,3.6963627358865227E-16 
160.0,0.01656059120834986 160.0,1.9925103943231498E-16 160.0,8.663757370767834E-18 160.0,3.696362780736427E-16 160.0,-4.054316830686283E-16 
161.0,1.9925582128217103E-16 161.0,8.663757370767814E-18 161.0,3.6963627807364255E-16 161.0,-4.0543168798794316E-16 161.0,7.693239309627045E-16 
162.0,8.663965293331502E-18 162.0,3.6963627807364166E-16 162.0,-4.05431687987943E-16 162.0,7.693239402973145E-16 162.0,-2.4162613288845155E-17 
163.0,3.696451490195004E-16 163.0,-4.0543168798794203E-16 163.0,7.693239402973142E-16 163.0,-2.4162613582022792E-17 163.0,5.85170123433057E-16 
164.0,-4.0544141799218376E-16 164.0,7.693239402973123E-16 164.0,-2.4162613582022783E-17 164.0,5.851701305332325E-16 164.0,0.006004778524956478 
165.0,7.69342403395842E-16 165.0,-2.4162613582022725E-17 165.0,5.851701305332322E-16 165.0,0.0060047785978156 165.0,4.3643042407124876E-16 
166.0,-2.416319346351598E-17 166.0,5.851701305332308E-16 166.0,0.006004778597815597 166.0,4.3643042936668757E-16 166.0,-1.4999196654720755E-16 
167.0,5.851841741021498E-16 167.0,0.006004778597815582 167.0,4.3643042936668737E-16 167.0,-1.499919683671386E-16 167.0,4.547628375000115E-16 
168.0,0.006004922707225277 168.0,4.3643042936668634E-16 168.0,-1.4999196836713855E-16 168.0,4.547628430178871E-16 168.0,-2.2133793813762645E-16 
169.0,4.3644090331348124E-16 169.0,-1.4999196836713818E-16 169.0,4.547628430178869E-16 169.0,-2.213379408232355E-16 169.0,5.544579070605529E-16 
170.0,-1.4999556804257472E-16 170.0,4.547628430178858E-16 170.0,-2.213379408232354E-16 170.0,5.54457913788081E-16 170.0,-6.021620988516284E-17 
171.0,4.547737569264989E-16 171.0,-2.2133794082323487E-16 171.0,5.544579137880808E-16 171.0,-6.021621061579764E-17 171.0,3.3331351381829745E-16 
172.0,-2.2134325273931564E-16 172.0,5.544579137880794E-16 172.0,-6.021621061579762E-17 172.0,3.333135178625648E-16 172.0,0.011874915525677484 
173.0,5.544712202907848E-16 173.0,-6.021621061579747E-17 173.0,3.3331351786256466E-16 173.0,0.011874915669762051 173.0,1.960171014254699E-16 
174.0,-6.021765575193771E-17 174.0,3.333135178625638E-16 174.0,0.011874915669762046 174.0,1.96017103803848E-16 174.0,-1.2669767597322302E-16 
175.0,3.3332151709409585E-16 175.0,0.011874915669762018 175.0,1.9601710380384792E-16 175.0,-1.2669767751051225E-16 175.0,2.3808439165238716E-16 
176.0,0.011875200657303102 176.0,1.9601710380384743E-16 176.0,-1.2669767751051218E-16 176.0,2.3808439454118973E-16 176.0,-2.380757071568623E-16 
177.0,1.9602180804209022E-16 177.0,-1.2669767751051188E-16 177.0,2.3808439454118964E-16 177.0,-2.3807571004555953E-16 177.0,4.845051800602917E-16 
178.0,-1.2670071814343754E-16 178.0,2.3808439454118904E-16 178.0,-2.3807571004555943E-16 178.0,4.845051859390466E-16 178.0,-2.310181693513424E-17 
179.0,2.380901083574432E-16 179.0,-2.3807571004555884E-16 179.0,4.8450518593904645E-16 179.0,-2.3101817215440678E-17 179.0,5.078833089999391E-16 
180.0,-2.3808142365339275E-16 180.0,4.845051859390453E-16 180.0,-2.310181721544067E-17 180.0,5.078833151623533E-16 180.0,0.0024733672534914047 
181.0,4.845168136377526E-16 181.0,-2.310181721544061E-17 181.0,5.07883315162353E-16 181.0,0.0024733672835020645 181.0,3.8164499841358604E-16 
182.0,-2.310237163875324E-17 182.0,5.078833151623518E-16 182.0,0.002473367283502063 182.0,3.8164500304428465E-16 182.0,3.525588515673929E-17 
183.0,5.078955039156172E-16 183.0,0.002473367283502057 183.0,3.8164500304428445E-16 183.0,3.525588558451741E-17 183.0,3.767276598147333E-16 
184.0,0.0024734266421434087 184.0,3.816450030442835E-16 184.0,3.525588558451739E-17 184.0,3.7672766438576725E-16 184.0,-1.9823825420365195E-16 
185.0,3.81654162188989E-16 185.0,3.5255885584517304E-17 185.0,3.7672766438576705E-16 185.0,-1.9823825660898048E-16 185.0,4.629077445062145E-16 
186.0,3.5256731694790496E-17 186.0,3.7672766438576616E-16 186.0,-1.9823825660898039E-16 186.0,4.629077501229164E-16 186.0,8.133863901958171E-17 
187.0,3.767367055186649E-16 187.0,-1.9823825660897992E-16 187.0,4.629077501229162E-16 187.0,8.133864000650599E-17 187.0,2.760258087552321E-16 
188.0,-1.9824301415293819E-16 188.0,4.629077501229151E-16 188.0,8.133864000650596E-17 188.0,2.7602581210439773E-16 188.0,0.005867195044420865 
189.0,4.629188595021414E-16 189.0,8.133864000650575E-17 189.0,2.7602581210439763E-16 189.0,0.0058671951156106135 189.0,2.7528416139101465E-16 
190.0,8.134059206239021E-17 190.0,2.7602581210439694E-16 190.0,0.005867195115610611 190.0,2.7528416473118154E-16 190.0,-8.527946246003247E-17 
191.0,2.760324364813319E-16 191.0,0.005867195115610597 191.0,2.752841647311814E-16 191.0,-8.527946349477283E-17 191.0,2.1205312275686035E-16 
192.0,0.00586733592313762 192.0,2.752841647311807E-16 192.0,-8.527946349477279E-17 192.0,2.1205312532981192E-16 192.0,-8.445880831127678E-17 
193.0,2.7529077130923043E-16 193.0,-8.527946349477258E-17 193.0,2.1205312532981182E-16 193.0,-8.445880933605973E-17 193.0,3.4590272222280317E-16 
194.0,-8.52815101269578E-17 194.0,2.120531253298113E-16 194.0,-8.44588093360597E-17 194.0,3.45902726419822E-16 194.0,1.9448447351902788E-17 
195.0,2.1205821441847917E-16 195.0,-8.445880933605948E-17 195.0,3.4590272641982185E-16 195.0,1.944844758788098E-17 195.0,3.0880486817109804E-16 
196.0,-8.446083627326603E-17 196.0,3.4590272641982096E-16 196.0,1.9448447587880972E-17 196.0,3.0880487191798914E-16 196.0,0.004759199359129907 
197.0,3.459110277812957E-16 197.0,1.9448447587880923E-17 197.0,3.0880487191798904E-16 197.0,0.004759199416875764 197.0,1.7473078451964806E-16 
198.0,1.944891433353286E-17 198.0,3.0880487191798825E-16 198.0,0.004759199416875762 198.0,1.7473078663974816E-16 198.0,-6.846210202150801E-17 
199.0,3.088122829635544E-16 199.0,0.0047591994168757505 199.0,1.7473078663974808E-16 199.0,-6.846210285219454E-17 199.0,1.6523247133050276E-16 
200.0,0.004759313633479646 200.0,1.7473078663974766E-16 200.0,-6.84621028521945E-17 200.0,1.6523247333535484E-16 200.0,-1.2745795133863365E-16 
201.0,1.7473498002508368E-16 201.0,-6.846210285219434E-17 201.0,1.6523247333535476E-16 201.0,-1.274579528851477E-16 201.0,4.710490588267049E-16 
202.0,-6.846374588250226E-17 202.0,1.6523247333535437E-16 202.0,-1.2745795288514763E-16 202.0,4.710490645421897E-16 202.0,3.623941710070284E-17 
203.0,1.6523643876951768E-16 203.0,-1.2745795288514734E-16 203.0,4.710490645421895E-16 203.0,3.623941754041466E-17 203.0,3.5036873854252484E-16 
204.0,-1.274610117640139E-16 204.0,4.710490645421883E-16 204.0,3.623941754041465E-17 204.0,3.5036874279373215E-16 204.0,0.0024430817643693024 
205.0,4.710603693058067E-16 205.0,3.6239417540414557E-17 205.0,3.50368742793732E-16 205.0,0.0024430817940124926 205.0,3.298340232879298E-16 
206.0,3.624028725459042E-17 206.0,3.5036874279373117E-16 206.0,0.0024430817940124913 206.0,3.2983402728997864E-16 206.0,-3.540795555726276E-17 
207.0,3.503771513356744E-16 207.0,0.0024430817940124857 207.0,3.298340272899785E-16 207.0,-3.5407955986886024E-17 207.0,2.80359672496244E-16 
208.0,0.0024431404258287025 208.0,3.298340272899777E-16 208.0,-3.5407955986886005E-17 208.0,2.803596758979947E-16 208.0,-1.6088016141780167E-16 
209.0,3.2984194301679357E-16 209.0,-3.540795598688592E-17 209.0,2.803596758979946E-16 209.0,-1.6088016336984488E-16 209.0,2.388280686228601E-16 
210.0,-3.540880574671514E-17 210.0,2.803596758979939E-16 210.0,-1.608801633698448E-16 210.0,2.388280715206861E-16 210.0,-2.517864996181756E-17 
211.0,2.8036640428385152E-16 211.0,-1.6088016336984441E-16 211.0,2.38828071520686E-16 211.0,-2.5178650267323304E-17 211.0,1.9420740974121475E-16 
212.0,-1.608840243523931E-16 212.0,2.388280715206854E-16 212.0,-2.517865026732329E-17 212.0,1.9420741209763494E-16 212.0,0.0042108931116860366 
213.0,2.388338031845336E-16 213.0,-2.517865026732323E-17 213.0,1.9420741209763484E-16 213.0,0.0042108931627790076 213.0,1.4523017626589662E-16 
214.0,-2.51792545328041E-17 214.0,1.9420741209763437E-16 214.0,0.004210893162779006 214.0,1.452301780280504E-16 214.0,-1.233414463016437E-16 
215.0,1.9421207290486644E-16 215.0,0.004210893162778995 215.0,1.4523017802805031E-16 215.0,-1.2334144779821004E-16 215.0,1.4286015441277955E-16 
216.0,0.004210994220514613 216.0,1.4523017802804997E-16 216.0,-1.2334144779821E-16 216.0,1.428601561461766E-16 216.0,-1.2414017170805216E-16 
217.0,1.4523366342470275E-16 217.0,-1.2334144779820967E-16 217.0,1.4286015614617653E-16 217.0,-1.2414017321430985E-16 217.0,3.263296498574167E-16 
218.0,-1.2334440788457148E-16 218.0,1.4286015614617618E-16 218.0,-1.2414017321430978E-16 218.0,3.263296538169452E-16 218.0,-1.1300612178214214E-17 
219.0,1.4286358466438644E-16 219.0,-1.2414017321430948E-16 219.0,3.2632965381694504E-16 219.0,-1.1300612315330458E-17 219.0,2.4455779854383586E-16 
220.0,-1.241431524693794E-16 220.0,3.263296538169442E-16 220.0,-1.1300612315330453E-17 220.0,2.445578015111837E-16 220.0,0.00470997176840871 
221.0,3.2633748544187615E-16 221.0,-1.1300612315330425E-17 221.0,2.445578015111836E-16 221.0,0.0047099718255572635 221.0,1.5635942608130968E-16 
222.0,-1.1300883520095667E-17 222.0,2.44557801511183E-16 222.0,0.004709971825557262 222.0,1.5635942797850046E-16 222.0,-7.769302156068049E-18 
223.0,2.44563670683516E-16 223.0,0.0047099718255572505 223.0,1.563594279785004E-16 223.0,-7.76930225033706E-18 223.0,2.0232179841114857E-16 
224.0,0.0047100848607422125 224.0,1.5635942797850002E-16 224.0,-7.769302250337056E-18 224.0,2.0232180086602489E-16 224.0,-1.830256024790776E-16 
225.0,1.5636318046737187E-16 225.0,-7.769302250337036E-18 225.0,2.0232180086602479E-16 225.0,-1.8302560469982303E-16 225.0,3.2450715428271515E-16 
226.0,-7.76948870676383E-18 226.0,2.023218008660243E-16 226.0,-1.8302560469982296E-16 226.0,3.2450715822013035E-16 226.0,-1.595559796515302E-17 
227.0,2.0232665641145637E-16 227.0,-1.8302560469982252E-16 227.0,3.245071582201302E-16 227.0,-1.5955598158750645E-17 227.0,2.4880731097242764E-16 
228.0,-1.83029997153503E-16 228.0,3.245071582201294E-16 228.0,-1.595559815875064E-17 228.0,2.48807313991337E-16 228.0,0.0025550155394936306 
229.0,3.2451494610676857E-16 229.0,-1.59555981587506E-17 229.0,2.488073139913369E-16 229.0,0.002555015570494972 229.0,1.83135192202203E-16 
230.0,-1.595598107908555E-17 230.0,2.488073139913363E-16 230.0,0.0025550155704949706 230.0,1.8313519442427815E-16 230.0,-8.172928249936829E-17 
231.0,2.488132851482346E-16 231.0,0.0025550155704949645 231.0,1.8313519442427808E-16 231.0,-8.172928349103246E-17 231.0,1.8729347641060372E-16 
232.0,0.002555076888623456 232.0,1.831351944242776E-16 232.0,-8.172928349103243E-17 232.0,1.8729347868313353E-16 232.0,-1.1222406059998617E-16 
233.0,1.8313958950801517E-16 233.0,-8.172928349103223E-17 233.0,1.8729347868313344E-16 233.0,-1.1222406196165946E-16 233.0,2.6961150199716254E-16 
234.0,-8.173124492201704E-17 234.0,1.87293478683133E-16 234.0,-1.1222406196165941E-16 234.0,2.6961150526850003E-16 234.0,-2.1412804379787997E-17 
235.0,1.8729797356203868E-16 235.0,-1.1222406196165914E-16 235.0,2.6961150526849993E-16 235.0,-2.1412804639600763E-17 235.0,1.772800805508813E-16 
236.0,-1.122267552405302E-16 236.0,2.6961150526849924E-16 236.0,-2.1412804639600754E-17 236.0,1.7728008270191332E-16 236.0,0.00410892131013994 
237.0,2.696179757077067E-16 237.0,-2.14128046396007E-17 237.0,1.7728008270191324E-16 237.0,0.004108921359995634 237.0,1.0744486750365137E-16 
238.0,-2.1413318528095717E-17 238.0,1.7728008270191282E-16 238.0,0.004108921359995632 238.0,1.074448688073362E-16 238.0,-4.605738938504711E-17 
239.0,1.7728433726811417E-16 239.0,0.004108921359995622 239.0,1.0744486880733615E-16 239.0,-4.605738994388553E-17 239.0,1.3502226614123754E-16 
240.0,0.004109019970497579 240.0,1.0744486880733589E-16 240.0,-4.6057389943885506E-17 240.0,1.350222677795334E-16 240.0,-1.2988982348475379E-16 
241.0,1.0744744738977092E-16 241.0,-4.6057389943885395E-17 241.0,1.3502226777953334E-16 241.0,-1.29889825060775E-16 241.0,2.450302710369114E-16 
242.0,-4.6058495280771475E-17 242.0,1.35022267779533E-16 242.0,-1.2988982506077496E-16 242.0,2.4503027400999195E-16 242.0,-1.154424551269231E-17 
243.0,1.3502550819530993E-16 243.0,-1.2988982506077464E-16 243.0,2.4503027400999185E-16 243.0,-1.1544245652764685E-17 243.0,2.336482663986343E-16 
244.0,-1.2989294230243643E-16 244.0,2.4503027400999126E-16 244.0,-1.154424565276468E-17 244.0,2.3364826923361106E-16 244.0,0.001254657613911381 
245.0,2.4503615452124903E-16 245.0,-1.1544245652764651E-17 245.0,2.336482692336109E-16 245.0,0.0012546576291347987 245.0,1.7604979276633451E-16 
246.0,-1.1544522704515902E-17 246.0,2.3364826923361037E-16 246.0,0.0012546576291347982 246.0,1.760497949024388E-16 246.0,-8.333383478584893E-18 
247.0,2.3365387658675536E-16 247.0,0.0012546576291347952 247.0,1.7604979490243872E-16 247.0,-8.333383579698197E-18 247.0,1.7018619447221676E-16 
248.0,0.0012546877398153737 248.0,1.760497949024383E-16 248.0,-8.333383579698194E-18 248.0,1.7018619653717496E-16 248.0,-9.864834286332492E-17 
249.0,1.7605401994281356E-16 249.0,-8.333383579698174E-18 249.0,1.7018619653717488E-16 249.0,-9.86483440602769E-17 249.0,2.2079835005109433E-16 
250.0,-8.33358357358119E-18 250.0,1.7018619653717446E-16 250.0,-9.864834406027687E-17 250.0,2.2079835273015632E-16 250.0,2.264861015533977E-17 
251.0,1.7019028085634156E-16 251.0,-9.864834406027662E-17 251.0,2.2079835273015622E-16 251.0,2.2648610430147214E-17 251.0,1.3723851476091984E-16 
252.0,-9.86507115338476E-17 252.0,2.2079835273015568E-16 252.0,2.2648610430147205E-17 252.0,1.3723851642610657E-16 252.0,0.0024740753616127693 
253.0,2.2080365169659636E-16 253.0,2.264861043014715E-17 253.0,1.3723851642610652E-16 253.0,0.002474075391632021 253.0,1.172948531805672E-16 
254.0,2.264915397689518E-17 254.0,1.3723851642610618E-16 254.0,0.00247407539163202 254.0,1.1729485460376707E-16 254.0,-4.085711427830042E-17 
255.0,1.3724181002990314E-16 255.0,0.0024740753916320138 255.0,1.1729485460376702E-16 255.0,-4.085711477404118E-17 255.0,1.0514078578757346E-16 
256.0,0.0024741347672673384 256.0,1.1729485460376672E-16 256.0,-4.085711477404116E-17 256.0,1.0514078706330166E-16 256.0,-6.357395169241534E-17 
257.0,1.1729766957720527E-16 257.0,-4.0857114774041057E-17 257.0,1.0514078706330162E-16 257.0,-6.357395246379138E-17 257.0,1.775393004171806E-16 
258.0,-4.0858095308892765E-17 258.0,1.0514078706330136E-16 258.0,-6.357395246379135E-17 258.0,1.775393025713579E-16 258.0,4.001877337896763E-18 
259.0,1.0514331034979923E-16 259.0,-6.357395246379119E-17 259.0,1.7753930257135782E-16 259.0,4.001877386453635E-18 259.0,1.619667596161795E-16 
260.0,-6.357547818278521E-17 260.0,1.7753930257135737E-16 260.0,4.0018773864536336E-18 260.0,1.6196676158140699E-16 260.0,0.0014961319020517878 
261.0,1.7754356335860782E-16 261.0,4.0018773864536236E-18 261.0,1.6196676158140691E-16 261.0,0.0014961319202051395 261.0,1.047295272105914E-16 
262.0,4.00197342799428E-18 262.0,1.6196676158140652E-16 262.0,0.0014961319202051388 262.0,1.047295284813296E-16 262.0,-2.415167596788578E-17 
263.0,1.6197064864135744E-16 263.0,0.0014961319202051351 263.0,1.0472952848132954E-16 263.0,-2.4151676260930708E-17 263.0,9.599868975366906E-17 
264.0,0.0014961678260565058 264.0,1.0472952848132929E-16 264.0,-2.41516762609307E-17 264.0,9.599869091847141E-17 264.0,-6.964418117594491E-17 
265.0,1.0473204189798258E-16 265.0,-2.415167626093064E-17 265.0,9.599869091847138E-17 265.0,-6.964418202097423E-17 265.0,2.0935169311193935E-16 
266.0,-2.4152255879937805E-17 266.0,9.599869091847114E-17 266.0,-6.96441820209742E-17 266.0,2.0935169565211306E-16 266.0,1.768279039979471E-17 
267.0,9.600099480269508E-17 267.0,-6.964418202097402E-17 267.0,2.0935169565211296E-16 267.0,1.7682790614349264E-17 267.0,1.4964200182587182E-16 
268.0,-6.964585342014324E-17 268.0,2.0935169565211244E-16 268.0,1.7682790614349257E-17 268.0,1.4964200364155656E-16 268.0,0.001221658028894729 
269.0,2.093567199088419E-16 269.0,1.7682790614349214E-17 269.0,1.496420036415565E-16 269.0,0.0012216580437177456 269.0,1.3604302590736244E-16 
270.0,1.7683214985785342E-17 270.0,1.4964200364155614E-16 270.0,0.0012216580437177452 270.0,1.360430275580437E-16 270.0,-2.2819932655184086E-17 
271.0,1.4964559491814679E-16 271.0,0.0012216580437177421 271.0,1.3604302755804363E-16 271.0,-2.2819932932070276E-17 271.0,1.1727307223688478E-16 
272.0,0.0012216873624372687 272.0,1.360430275580433E-16 272.0,-2.2819932932070267E-17 272.0,1.1727307365982035E-16 272.0,-7.030398541261291E-17 
273.0,1.3604629247115793E-16 273.0,-2.281993293207021E-17 273.0,1.172730736598203E-16 273.0,-7.030398626564797E-17 273.0,1.2285858925965914E-16 
274.0,-2.282048059040774E-17 274.0,1.1727307365982003E-16 274.0,-7.030398626564793E-17 274.0,1.2285859075036673E-16 274.0,-6.194036368526541E-18 
275.0,1.1727588811053506E-16 275.0,-7.030398626564777E-17 275.0,1.2285859075036666E-16 275.0,-6.194036443682028E-18 275.0,1.046360997928333E-16 
276.0,-7.030567349953906E-17 276.0,1.2285859075036636E-16 276.0,-6.1940364436820246E-18 276.0,1.0463610106243789E-16 276.0,0.00142406594743707 
277.0,1.2286153924858335E-16 277.0,-6.194036443682009E-18 277.0,1.0463610106243784E-16 277.0,0.0014240659647160078 277.0,7.303080038618448E-17 
278.0,-6.194185095113697E-18 278.0,1.0463610106243758E-16 278.0,0.0014240659647160071 278.0,7.303080127230542E-17 278.0,-4.429645832288619E-17 
279.0,1.0463861223691493E-16 279.0,0.0014240659647160037 279.0,7.303080127230538E-17 279.0,-4.429645886035831E-17 279.0,6.926601261373266E-17 
280.0,0.0014241001410477698 280.0,7.303080127230521E-17 280.0,-4.429645886035829E-17 280.0,6.926601345417346E-17 280.0,-6.005516364198969E-17 
281.0,7.303255394736048E-17 281.0,-4.429645886035818E-17 281.0,6.926601345417342E-17 281.0,-6.005516437067043E-17 281.0,1.5869628810965848E-16 
282.0,-4.429752193644566E-17 282.0,6.926601345417325E-17 282.0,-6.00551643706704E-17 282.0,1.5869629003520363E-16 282.0,1.0186834164188331E-18 
283.0,6.926767577762918E-17 283.0,-6.005516437067025E-17 283.0,1.5869629003520356E-16 283.0,1.0186834287790525E-18 283.0,1.1754710390138986E-16 
284.0,-6.005660564184215E-17 284.0,1.5869629003520316E-16 284.0,1.0186834287790519E-18 284.0,1.1754710532765043E-16 284.0,0.001470949078903555 
285.0,1.5870009860671086E-16 285.0,1.0186834287790494E-18 285.0,1.1754710532765038E-16 285.0,0.0014709490967513502 285.0,8.53259349005124E-17 
286.0,1.01870787628618E-18 286.0,1.1754710532765008E-16 286.0,0.0014709490967513496 286.0,8.532593593581665E-17 286.0,-9.399633199409826E-18 
287.0,1.1754992635488433E-16 287.0,0.0014709490967513461 287.0,8.532593593581661E-17 287.0,-9.399633313460498E-18 287.0,9.471722832461279E-17 
288.0,0.001470984398237083 288.0,8.53259359358164E-17 288.0,-9.399633313460493E-18 288.0,9.47172294738665E-17 288.0,-7.714952903483994E-17 
289.0,8.532798368329935E-17 289.0,-9.39963331346047E-18 289.0,9.471722947386647E-17 289.0,-7.714952997093557E-17 289.0,1.3509719696449874E-16 
290.0,-9.399858896400138E-18 290.0,9.471722947386623E-17 290.0,-7.714952997093553E-17 290.0,1.3509719860370378E-16 290.0,-7.327464362950004E-18 
291.0,9.471950260414158E-17 291.0,-7.714952997093535E-17 291.0,1.350971986037037E-16 291.0,-7.327464451857965E-18 291.0,1.0511769972755713E-16 
292.0,-7.71513814918601E-17 292.0,1.3509719860370338E-16 292.0,-7.327464451857962E-18 292.0,1.0511770100300521E-16 292.0,9.9427407998132E-4 
293.0,1.3510044081775425E-16 293.0,-7.327464451857945E-18 293.0,1.0511770100300516E-16 293.0,9.94274092045368E-4 293.0,7.567486169934563E-17 
294.0,-7.327640304565837E-18 294.0,1.051177010030049E-16 294.0,9.942740920453675E-4 294.0,7.567486261754834E-17 294.0,-3.624459793308294E-17 
295.0,1.0512022373545761E-16 295.0,9.94274092045365E-4 295.0,7.567486261754832E-17 295.0,-3.624459837285762E-17 295.0,7.531934819665025E-17 
296.0,9.942979537498635E-4 296.0,7.567486261754813E-17 296.0,-3.62445983728576E-17 296.0,7.531934911053934E-17 296.0,-5.239240745472952E-17 
297.0,7.567667874775225E-17 297.0,-3.6244598372857517E-17 297.0,7.53193491105393E-17 297.0,-5.239240809043403E-17 297.0,1.2526531741661663E-16 
298.0,-3.6245468211368806E-17 298.0,7.531934911053912E-17 298.0,-5.2392408090434004E-17 298.0,1.252653189365263E-16 298.0,-6.514809745288529E-18 
299.0,7.532115670873148E-17 299.0,-5.2392408090433875E-17 299.0,1.2526531893652625E-16 299.0,-6.514809824336126E-18 299.0,8.671724836286907E-17 
300.0,-5.2393665462188624E-17 300.0,1.2526531893652593E-16 300.0,-6.514809824336123E-18 300.0,8.671724941505484E-17 300.0,0.0013827885939539143 
301.0,1.252683251941045E-16 301.0,-6.514809824336108E-18 301.0,8.67172494150548E-17 301.0,0.0013827886107320123 301.0,5.58631148953012E-17 
302.0,-6.5149661740470525E-18 302.0,8.67172494150546E-17 302.0,0.0013827886107320117 302.0,5.586311557311762E-17 302.0,-1.7102210433530084E-17 
303.0,8.671933055283845E-17 303.0,0.0013827886107320082 303.0,5.58631155731176E-17 303.0,-1.7102210641040158E-17 303.0,6.737314374814676E-17 
304.0,0.001382821796443551 304.0,5.586311557311746E-17 304.0,-1.7102210641040152E-17 304.0,6.737314456562037E-17 304.0,-6.147783804955678E-17 
305.0,5.586445623880193E-17 305.0,-1.710221064104011E-17 305.0,6.737314456562035E-17 305.0,-6.147783879549957E-17 305.0,1.1178711999155496E-16 
306.0,-1.7102621079067058E-17 306.0,6.737314456562019E-17 306.0,-6.147783879549955E-17 306.0,1.1178712134792662E-16 306.0,-5.752504310015893E-18 
307.0,6.737476146188613E-17 307.0,-6.147783879549939E-17 307.0,1.1178712134792657E-16 307.0,-5.752504379814039E-18 307.0,1.0013186057525546E-16 
308.0,-6.147931420960731E-17 308.0,1.1178712134792627E-16 308.0,-5.752504379814037E-18 308.0,1.0013186179020775E-16 308.0,5.614493818852272E-4 
309.0,1.1178980414060657E-16 309.0,-5.752504379814023E-18 309.0,1.001318617902077E-16 309.0,5.614493886975865E-4 309.0,7.44986196162479E-17 
310.0,-5.752642434864169E-18 310.0,1.0013186179020746E-16 310.0,5.614493886975863E-4 310.0,7.449862052017866E-17 310.0,-1.1829781842333332E-17 
311.0,1.0013426486690033E-16 311.0,5.614493886975849E-4 311.0,7.449862052017862E-17 311.0,-1.1829781985870268E-17 311.0,7.161238755317336E-17 
312.0,5.614628629895443E-4 312.0,7.449862052017844E-17 312.0,-1.1829781985870264E-17 312.0,7.161238842208395E-17 312.0,-4.51170331989819E-17 
313.0,7.450040842160584E-17 313.0,-1.1829781985870234E-17 313.0,7.161238842208392E-17 313.0,-4.5117033746410484E-17 313.0,1.0048224137676723E-16 
314.0,-1.1830065890242566E-17 314.0,7.161238842208374E-17 314.0,-4.5117033746410465E-17 314.0,1.0048224259597087E-16 314.0,5.337609558300944E-18 
315.0,7.161410705647704E-17 315.0,-4.5117033746410354E-17 315.0,1.0048224259597083E-16 315.0,5.337609623064955E-18 315.0,6.551558087577403E-17 
316.0,-4.5118116515574024E-17 316.0,1.0048224259597059E-16 316.0,5.337609623064953E-18 316.0,6.551558167070887E-17 316.0,9.562735164892629E-4 
317.0,1.0048465408149489E-16 317.0,5.33760962306494E-18 317.0,6.551558167070885E-17 317.0,9.562735280922301E-4 317.0,5.074618404067185E-17 
318.0,5.33773772100551E-18 318.0,6.551558167070869E-17 318.0,9.562735280922297E-4 318.0,5.074618465640187E-17 318.0,-1.727759826599366E-17 
319.0,6.551715398709747E-17 319.0,9.562735280922274E-4 319.0,5.074618465640185E-17 319.0,-1.7277598475631806E-17 319.0,5.027589351751343E-17 
320.0,9.562964778165836E-4 320.0,5.0746184656401724E-17 320.0,-1.7277598475631797E-17 320.0,5.027589412753716E-17 320.0,-3.620674392093539E-17 
321.0,5.074740252024066E-17 321.0,-1.7277598475631753E-17 321.0,5.027589412753714E-17 321.0,-3.6206744360250774E-17 321.0,8.403895409280983E-17 
322.0,-1.7278013122812613E-17 322.0,5.027589412753702E-17 322.0,-3.6206744360250755E-17 322.0,8.403895511249846E-17 322.0,-2.9725587919970433E-19 
323.0,5.0277100704816526E-17 323.0,-3.620674436025067E-17 323.0,8.403895511249843E-17 323.0,-2.9725588280646556E-19 323.0,7.583100134572309E-17 
324.0,-3.620761329029892E-17 324.0,8.403895511249822E-17 324.0,-2.972558828064654E-19 324.0,7.583100226582033E-17 324.0,5.123505877069564E-4 
325.0,8.404097197357234E-17 325.0,-2.972558828064647E-19 325.0,7.583100226582029E-17 325.0,5.123505939235742E-4 325.0,5.1759048953891246E-17 
326.0,-2.9726301668644073E-19 326.0,7.58310022658201E-17 326.0,5.12350593923574E-4 326.0,5.175904958191089E-17 326.0,-1.0565839544984147E-17 
327.0,7.583282214323858E-17 327.0,5.123505939235728E-4 327.0,5.1759049581910864E-17 327.0,-1.056583967318501E-17 327.0,4.7777874491753445E-17 
328.0,5.123628898876029E-4 328.0,5.1759049581910734E-17 328.0,-1.0565839673185005E-17 328.0,4.777787507146741E-17 328.0,-3.38795045437717E-17 
329.0,5.1760291753617836E-17 329.0,-1.0565839673184979E-17 329.0,4.7777875071467393E-17 329.0,-3.3879504954849464E-17 329.0,9.018753794495786E-17 
330.0,-1.0566093244052487E-17 330.0,4.7777875071467276E-17 330.0,-3.387950495484945E-17 330.0,9.018753903925047E-17 330.0,6.481843220291694E-18 
331.0,4.777902169848455E-17 331.0,-3.3879504954849366E-17 331.0,9.018753903925044E-17 331.0,6.481843298939291E-18 331.0,6.245420685147054E-17 
332.0,-3.3880318033196934E-17 332.0,9.018753903925021E-17 332.0,6.481843298939288E-18 332.0,6.245420760926014E-17 332.0,5.40645399429431E-4 
333.0,9.018970346093556E-17 333.0,6.4818432989392725E-18 333.0,6.24542076092601E-17 333.0,5.406454059893647E-4 333.0,5.447768113792558E-17 
334.0,6.481998857482577E-18 334.0,6.245420760925995E-17 334.0,5.406454059893645E-4 334.0,5.4477681798931805E-17 334.0,-1.1606757728135448E-17 
335.0,6.245570645536143E-17 335.0,5.406454059893632E-4 335.0,5.447768179893178E-17 335.0,-1.1606757868966317E-17 335.0,4.839458770795041E-17 
336.0,5.40658381004019E-4 336.0,5.447768179893165E-17 336.0,-1.1606757868966311E-17 336.0,4.839458829514728E-17 336.0,-3.148520270114016E-17 
337.0,5.447898921542298E-17 337.0,-1.1606757868966283E-17 337.0,4.839458829514726E-17 337.0,-3.148520308316661E-17 337.0,5.942707977757223E-17 
338.0,-1.160703642095579E-17 338.0,4.839458829514714E-17 338.0,-3.14852030831666E-17 338.0,5.942708049863211E-17 338.0,-2.1146360425215176E-18 
339.0,4.8395749722739855E-17 339.0,-3.1485203083166523E-17 339.0,5.942708049863208E-17 339.0,-2.114636068179504E-18 339.0,5.1187606839870575E-17 
340.0,-3.148595870037314E-17 340.0,5.942708049863193E-17 340.0,-2.1146360681795028E-18 340.0,5.1187607460956604E-17 340.0,4.828937142345801E-4 
341.0,5.942850669634281E-17 341.0,-2.1146360681794978E-18 341.0,5.1187607460956586E-17 341.0,4.8289372009378237E-4 341.0,3.5463000630382734E-17 
342.0,-2.114686817586914E-18 342.0,5.1187607460956456E-17 342.0,4.8289372009378216E-4 342.0,3.546300106067389E-17 342.0,-1.6150690277527516E-17 
343.0,5.118883591855481E-17 343.0,4.8289372009378096E-4 343.0,3.546300106067387E-17 343.0,-1.61506904734923E-17 343.0,3.3093514324432365E-17 
344.0,4.829053091187241E-4 344.0,3.5463001060673786E-17 344.0,-1.615069047349229E-17 344.0,3.30935147259733E-17 344.0,-2.7526273682404915E-17 
345.0,3.5463852141536407E-17 345.0,-1.615069047349225E-17 345.0,3.309351472597329E-17 345.0,-2.7526274016395607E-17 345.0,7.145633008686939E-17 
346.0,-1.6151078075871322E-17 346.0,3.309351472597321E-17 346.0,-2.7526274016395594E-17 346.0,7.145633095388644E-17 346.0,1.814064467394475E-18 
347.0,3.309430894124596E-17 347.0,-2.7526274016395526E-17 347.0,7.145633095388642E-17 347.0,1.814064489405469E-18 347.0,5.199698275494578E-17 
348.0,-2.752693462278342E-17 348.0,7.145633095388624E-17 348.0,1.814064489405468E-18 348.0,5.1996983385852397E-17 348.0,4.990029062862186E-4 
349.0,7.145804584303743E-17 349.0,1.8140644894054635E-18 349.0,5.199698338585237E-17 349.0,4.990029123408821E-4 349.0,3.994239145148402E-17 
350.0,1.814108025359114E-18 350.0,5.199698338585224E-17 350.0,4.990029123408819E-4 350.0,3.994239193612597E-17 350.0,-6.171604433504509E-18 
351.0,5.199823126776156E-17 351.0,4.990029123408806E-4 351.0,3.994239193612595E-17 351.0,-6.171604508387817E-18 351.0,4.136757595579206E-17 
352.0,4.990148879722818E-4 352.0,3.994239193612585E-17 352.0,-6.171604508387814E-18 352.0,4.1367576457726514E-17 352.0,-3.17337262705549E-17 
353.0,3.994335051843325E-17 353.0,-6.171604508387798E-18 353.0,4.1367576457726496E-17 353.0,-3.173372665559681E-17 353.0,5.632826208910232E-17 
354.0,-6.17175262147275E-18 354.0,4.136757645772639E-17 354.0,-3.17337266555968E-17 354.0,5.632826277256261E-17 354.0,-2.8809828813948693E-18 
355.0,4.136856924320994E-17 355.0,-3.1733726655596724E-17 355.0,5.632826277256259E-17 355.0,-2.880982916351343E-18 355.0,4.4933098994127213E-17 
356.0,-3.173448823715069E-17 356.0,5.632826277256245E-17 356.0,-2.8809829163513418E-18 356.0,4.493309953932403E-17 356.0,3.688348895833983E-4 
357.0,5.632961460137097E-17 357.0,-2.8809829163513345E-18 357.0,4.493309953932401E-17 357.0,3.6883489405866506E-4 357.0,3.176296067461163E-17 
358.0,-2.8810520574096855E-18 358.0,4.49330995393239E-17 358.0,3.688348940586649E-4 358.0,3.176296106000826E-17 358.0,-1.489307800309375E-17 
359.0,4.493417789422823E-17 359.0,3.68834894058664E-4 359.0,3.1762961060008244E-17 359.0,-1.4893078183799264E-17 359.0,3.0907534924252626E-17 
360.0,3.688437457720106E-4 360.0,3.176296106000817E-17 360.0,-1.4893078183799258E-17 360.0,3.090753529926993E-17 360.0,-2.3222830490194614E-17 
361.0,3.176372334316215E-17 361.0,-1.489307818379922E-17 361.0,3.0907535299269915E-17 361.0,-2.3222830771969375E-17 361.0,5.602386488493789E-17 
362.0,-1.4893435604588456E-17 362.0,3.090753529926984E-17 362.0,-2.3222830771969366E-17 362.0,5.602386556470476E-17 362.0,-1.4252020149911089E-18 
363.0,3.0908277052957266E-17 363.0,-2.3222830771969307E-17 363.0,5.602386556470474E-17 363.0,-1.425202032283831E-18 363.0,3.967721902449968E-17 
364.0,-2.3223388099500954E-17 364.0,5.60238655647046E-17 364.0,-1.4252020322838303E-18 364.0,3.967721950592415E-17 364.0,4.6647566512292814E-4 
365.0,5.602521008824762E-17 365.0,-1.4252020322838268E-18 365.0,3.967721950592413E-17 365.0,4.664756707829216E-4 365.0,2.6874204236696383E-17 
366.0,-1.4252362358802166E-18 366.0,3.967721950592404E-17 366.0,4.664756707829214E-4 366.0,2.6874204562775172E-17 366.0,-7.006703401538008E-18 
367.0,3.967817172432613E-17 367.0,4.6647567078292025E-4 367.0,2.687420456277516E-17 367.0,-7.006703486554008E-18 367.0,3.1127436894381714E-17 
368.0,4.664868657891072E-4 368.0,2.6874204562775095E-17 368.0,-7.006703486554005E-18 368.0,3.11274372720672E-17 368.0,-2.679951456812563E-17 
369.0,2.68748495200691E-17 369.0,-7.006703486553988E-18 369.0,3.112743727206719E-17 369.0,-2.679951489329817E-17 369.0,4.8096655660202887E-17 
370.0,-7.006871641280579E-18 370.0,3.112743727206711E-17 370.0,-2.6799514893298156E-17 370.0,4.809665624378479E-17 370.0,-2.2857626187133496E-18 
371.0,3.112818430320865E-17 371.0,-2.6799514893298092E-17 371.0,4.809665624378477E-17 371.0,-2.285762646447704E-18 371.0,4.152346345697662E-17 
372.0,-2.6800158058105666E-17 372.0,4.809665624378465E-17 372.0,-2.285762646447703E-18 372.0,4.1523463960802536E-17 372.0,2.3224140408752047E-4 
373.0,4.809781052126994E-17 373.0,-2.2857626464476976E-18 373.0,4.152346396080252E-17 373.0,2.32241406905427E-4 373.0,3.027916249581092E-17 
374.0,-2.285817502742616E-18 374.0,4.152346396080242E-17 374.0,2.3224140690542692E-4 374.0,3.0279162863203855E-17 374.0,-7.347444131676527E-18 
375.0,4.1524460487449053E-17 375.0,2.3224140690542635E-4 375.0,3.0279162863203836E-17 375.0,-7.347444220826913E-18 375.0,2.921688496395984E-17 
376.0,2.3224698049511172E-4 376.0,3.027916286320376E-17 376.0,-7.34744422082691E-18 376.0,2.92168853184636E-17 376.0,-1.9832276359013847E-17 
377.0,3.02798895365049E-17 377.0,-7.347444220826892E-18 377.0,2.921688531846359E-17 377.0,-1.9832276599649238E-17 377.0,4.4450232483152065E-17 
378.0,-7.347620553031682E-18 378.0,2.9216885318463514E-17 378.0,-1.9832276599649232E-17 378.0,4.445023302249001E-17 378.0,1.3090874145314322E-18 
379.0,2.921758649803705E-17 379.0,-1.9832276599649183E-17 379.0,4.445023302248999E-17 379.0,1.3090874304152752E-18 379.0,2.981903279379324E-17 
380.0,-1.9832752556860115E-17 380.0,4.445023302248988E-17 380.0,1.3090874304152746E-18 380.0,2.981903315560318E-17 380.0,3.5274236574586964E-4 
381.0,4.445129978902212E-17 381.0,1.3090874304152713E-18 381.0,2.981903315560317E-17 381.0,3.527423700258774E-4 381.0,2.178208106282174E-17 
382.0,1.3091188473632509E-18 382.0,2.981903315560309E-17 382.0,3.527423700258773E-4 382.0,2.1782081327115133E-17 382.0,-7.182776839757244E-18 
383.0,2.981974878619558E-17 383.0,3.5274237002587644E-4 383.0,2.1782081327115123E-17 383.0,-7.182776926909637E-18 383.0,2.3152932293985107E-17 
384.0,3.527508355327874E-4 384.0,2.178208132711507E-17 384.0,-7.182776926909632E-18 384.0,2.3152932574911757E-17 384.0,-1.7746390483997284E-17 
385.0,2.1782604077926085E-17 385.0,-7.182776926909616E-18 385.0,2.3152932574911744E-17 385.0,-1.7746390699323533E-17 385.0,3.7368574287574307E-17 
386.0,-7.182949307244052E-18 386.0,2.315293257491169E-17 386.0,-1.7746390699323524E-17 386.0,3.7368574740986786E-17 386.0,-6.516976697301543E-19 
387.0,2.3153488224948025E-17 387.0,-1.774639069932348E-17 387.0,3.736857474098677E-17 387.0,-6.516976776375433E-19 387.0,3.3456928239115383E-17 
388.0,-1.774681659710576E-17 388.0,3.7368574740986675E-17 388.0,-6.51697677637543E-19 388.0,3.345692864506581E-17 388.0,1.8554594402622095E-4 
389.0,3.7369471553943115E-17 389.0,-6.516976776375415E-19 389.0,3.3456928645065794E-17 389.0,1.8554594627754703E-4 389.0,2.2976496965888222E-17 
390.0,-6.517133178091305E-19 390.0,3.3456928645065714E-17 390.0,1.8554594627754695E-4 390.0,2.2976497244674088E-17 390.0,-5.1218504427876926E-18 
391.0,3.3457731581953175E-17 391.0,1.855459462775465E-4 391.0,2.297649724467408E-17 391.0,-5.121850504933786E-18 391.0,2.1536902643887885E-17 
392.0,1.855503992172101E-4 392.0,2.2976497244674024E-17 392.0,-5.121850504933783E-18 392.0,2.15369029052064E-17 392.0,-1.54276478549527E-17 
393.0,2.2977048660417477E-17 393.0,-5.12185050493377E-18 393.0,2.1536902905206392E-17 393.0,-1.5427648042144426E-17 393.0,3.811369001180248E-17 
394.0,-5.121973424845103E-18 394.0,2.153690290520634E-17 394.0,-1.542764804214442E-17 394.0,3.8113690474255836E-17 394.0,2.3877486943161904E-18 
395.0,2.1537419771950675E-17 395.0,-1.5427648042144383E-17 395.0,3.8113690474255823E-17 395.0,2.3877487232879954E-18 395.0,2.6381329166148204E-17 
396.0,-1.542801829214047E-17 396.0,3.8113690474255725E-17 396.0,2.3877487232879946E-18 396.0,2.6381329486246682E-17 396.0,2.2167333352957286E-4 
397.0,3.8114605169335E-17 397.0,2.3877487232879885E-18 397.0,2.638132948624667E-17 397.0,2.2167333621925147E-4 397.0,2.1606124426454676E-17 
398.0,2.387806027159132E-18 398.0,2.6381329486246605E-17 398.0,2.2167333621925136E-4 398.0,2.1606124688613095E-17 398.0,-5.513133529340565E-18 
399.0,2.6381962614971886E-17 399.0,2.2167333621925082E-4 399.0,2.1606124688613085E-17 399.0,-5.513133596234301E-18 399.0,2.0246746850947735E-17 
400.0,2.2167865618452637E-4 400.0,2.1606124688613033E-17 400.0,-5.513133596234298E-18 400.0,2.0246747096612114E-17 400.0,-1.3953027821752544E-17 
401.0,2.1606643216619343E-17 401.0,-5.5131335962342845E-18 401.0,2.0246747096612105E-17 401.0,-1.3953027991051937E-17 401.0,2.7229553649345608E-17 
402.0,-5.513265906595971E-18 402.0,2.0246747096612056E-17 402.0,-1.395302799105193E-17 402.0,2.7229553979736037E-17 402.0,-7.266343749345925E-19 
403.0,2.0247233000750702E-17 403.0,-1.3953027991051897E-17 403.0,2.7229553979736024E-17 403.0,-7.266343837512278E-19 403.0,2.38760418489562E-17 
404.0,-1.3953362851462566E-17 404.0,2.722955397973596E-17 404.0,-7.266343837512274E-19 404.0,2.3876042138656716E-17 404.0,1.6664833009024302E-4 
405.0,2.7230207465103712E-17 405.0,-7.266343837512257E-19 405.0,2.3876042138656706E-17 405.0,1.6664833211227446E-4 405.0,1.633339113693566E-17 
406.0,-7.266518223379114E-19 406.0,2.3876042138656648E-17 406.0,1.6664833211227438E-4 406.0,1.6333391335117246E-17 406.0,-6.161009912663152E-18 
407.0,2.3876615142687088E-17 407.0,1.6664833211227397E-4 407.0,1.633339133511724E-17 407.0,-6.161009987417911E-18 407.0,1.524577747993514E-17 
408.0,1.6665233152580373E-4 408.0,1.63333913351172E-17 408.0,-6.1610099874179085E-18 408.0,1.5245777664920143E-17 408.0,-1.2210332123583689E-17 
409.0,1.63337833221564E-17 409.0,-6.161009987417893E-18 409.0,1.5245777664920136E-17 409.0,-1.2210332271738041E-17 409.0,3.0779263204914526E-17 
410.0,-6.1611578462436515E-18 410.0,1.5245777664920096E-17 410.0,-1.2210332271738035E-17 410.0,3.077926357837544E-17 410.0,1.1713235676662784E-18 
411.0,1.5246143550186946E-17 411.0,-1.2210332271738006E-17 411.0,3.077926357837543E-17 411.0,1.1713235818785606E-18 411.0,2.2262025499423635E-17 
412.0,-1.2210625308982793E-17 412.0,3.0779263578375355E-17 412.0,1.17132358187856E-18 412.0,2.2262025769540447E-17 412.0,1.7879518358397635E-4 
413.0,3.0780002253654194E-17 413.0,1.1713235818785571E-18 413.0,2.2262025769540434E-17 413.0,1.7879518575339193E-4 413.0,1.7191932441317065E-17 
414.0,1.1713516926152308E-18 414.0,2.2262025769540382E-17 414.0,1.7879518575339185E-4 414.0,1.7191932649915782E-17 414.0,-3.3990436617650326E-18 
415.0,2.2262560038596266E-17 415.0,1.787951857533914E-4 415.0,1.7191932649915772E-17 415.0,-3.3990437030074087E-18 415.0,1.7402325434979102E-17 
416.0,1.787994766807346E-4 416.0,1.7191932649915732E-17 416.0,-3.3990437030074072E-18 416.0,1.7402325646130626E-17 416.0,-1.2998026072246949E-17 
417.0,1.719234524119205E-17 417.0,-3.399043703007399E-18 417.0,1.740232564613062E-17 417.0,-1.2998026229958803E-17 417.0,2.353263012667296E-17 
418.0,-3.399125277069388E-18 418.0,1.7402325646130576E-17 418.0,-1.2998026229958797E-17 418.0,2.353263041220668E-17 418.0,-1.035199415382094E-18 
419.0,1.7402743286653924E-17 419.0,-1.2998026229958766E-17 419.0,2.353263041220667E-17 419.0,-1.0351994279427104E-18 419.0,1.9323869189220658E-17 
420.0,-1.299833817116637E-17 420.0,2.3532630412206612E-17 420.0,-1.03519942794271E-18 420.0,1.932386942368728E-17 420.0,1.336317076496731E-4 
421.0,2.353319517465739E-17 421.0,-1.0351994279427075E-18 421.0,1.932386942368727E-17 421.0,1.3363170927109658E-4 421.0,1.3374494785221092E-17 
422.0,-1.0352242718193046E-18 422.0,1.9323869423687224E-17 422.0,1.3363170927109652E-4 422.0,1.3374494947500838E-17 422.0,-6.036366486111752E-18 
423.0,1.9324333179572693E-17 423.0,1.336317092710962E-4 423.0,1.3374494947500834E-17 423.0,-6.036366559354147E-18 423.0,1.2885387609808885E-17 
424.0,1.3363491631469086E-4 424.0,1.33744949475008E-17 424.0,-6.036366559354145E-18 424.0,1.288538776615404E-17 424.0,-1.005421487713696E-17 
425.0,1.3374815923626806E-17 425.0,-6.03636655935413E-18 425.0,1.2885387766154033E-17 425.0,-1.0054214999130013E-17 425.0,2.4187826891854092E-17 
426.0,-6.036511426847144E-18 426.0,1.2885387766154003E-17 426.0,-1.0054214999130009E-17 426.0,2.418782718533766E-17 426.0,-4.7699754368239776E-20 
427.0,1.2885697004137454E-17 427.0,-1.0054214999129984E-17 427.0,2.4187827185337647E-17 427.0,-4.7699754947005865E-20 427.0,1.7453816527518538E-17 
428.0,-1.00544562914549E-17 428.0,2.418782718533759E-17 428.0,-4.7699754947005847E-20 428.0,1.745381673929483E-17 428.0,1.599971443860589E-4 
429.0,2.418840767193517E-17 429.0,-4.7699754947005727E-20 429.0,1.7453816739294824E-17 429.0,1.59997146327388E-4 429.0,1.2226535390882255E-17 
430.0,-4.7700899699208666E-20 430.0,1.745381673929478E-17 430.0,1.5999714632738794E-4 430.0,1.222653553923321E-17 430.0,-3.0261596009212592E-18 
431.0,1.7454235615559117E-17 431.0,1.5999714632738754E-4 431.0,1.2226535539233204E-17 431.0,-3.026159637639238E-18 431.0,1.3575591097653338E-17 
432.0,1.6000098611830316E-4 432.0,1.2226535539233175E-17 432.0,-3.0261596376392365E-18 432.0,1.3575591262373093E-17 432.0,-1.1220356278456539E-17 
433.0,1.2226828965342143E-17 433.0,-3.026159637639229E-18 433.0,1.3575591262373087E-17 433.0,-1.1220356414598997E-17 433.0,2.0020427044117255E-17 
434.0,-3.026232262811318E-18 434.0,1.3575591262373053E-17 434.0,-1.1220356414598992E-17 434.0,2.002042728703558E-17 434.0,-9.563914769831784E-19 
435.0,1.3575917064633905E-17 435.0,-1.1220356414598964E-17 435.0,2.002042728703557E-17 435.0,-9.563914885875769E-19 435.0,1.7091240271439912E-17 
436.0,-1.1220625693293112E-17 436.0,2.002042728703552E-17 436.0,-9.563914885875765E-19 436.0,1.7091240478816878E-17 436.0,9.13190563621699E-5 
437.0,2.0020907759697617E-17 437.0,-9.563914885875742E-19 437.0,1.709124047881687E-17 437.0,9.131905747019184E-5 437.0,1.2160010167585846E-17 
438.0,-9.564144411428787E-19 438.0,1.709124047881683E-17 438.0,9.13190574701918E-5 438.0,1.2160010315129617E-17 438.0,-3.727429585601258E-18 
439.0,1.7091650653569525E-17 439.0,9.131905747019157E-5 439.0,1.216001031512961E-17 439.0,-3.727429630828113E-18 439.0,1.1760218761846632E-17 
440.0,9.132124904732493E-5 440.0,1.2160010315129581E-17 440.0,-3.7274296308281116E-18 440.0,1.1760218904539524E-17 440.0,-8.432064857587113E-18 
441.0,1.2160302144691629E-17 441.0,-3.727429630828102E-18 441.0,1.1760218904539518E-17 441.0,-8.432064959897772E-18 441.0,1.9048457386816086E-17 
442.0,-3.727519085863792E-18 442.0,1.176021890453949E-17 442.0,-8.432064959897768E-18 442.0,1.904845761794099E-17 442.0,3.789274837858907E-19 
443.0,1.1760501139458998E-17 443.0,-8.432064959897748E-18 443.0,1.9048457617940982E-17 443.0,3.789274883836162E-19 443.0,1.3189246604816858E-17 
444.0,-8.432267322047174E-18 444.0,1.9048457617940936E-17 444.0,3.7892748838361605E-19 444.0,1.3189246764848893E-17 444.0,1.2713072335528337E-4 
445.0,1.9048914764185083E-17 445.0,3.7892748838361513E-19 445.0,1.3189246764848887E-17 445.0,1.27130724897827E-4 445.0,9.354855644666006E-18 
446.0,3.7893658231035675E-19 446.0,1.3189246764848854E-17 446.0,1.2713072489782694E-4 446.0,9.354855758173367E-18 446.0,-2.9784164452311634E-18 
447.0,1.3189563295181262E-17 447.0,1.2713072489782664E-4 447.0,9.354855758173364E-18 447.0,-2.9784164813698494E-18 447.0,1.0212091946723068E-17 
448.0,1.2713377592350904E-4 448.0,9.35485575817334E-18 448.0,-2.9784164813698482E-18 448.0,1.0212092070631726E-17 448.0,-8.047000837647015E-18 
449.0,9.355080266491029E-18 449.0,-2.978416481369841E-18 449.0,1.0212092070631722E-17 449.0,-8.047000935285489E-18 449.0,1.5921368080868208E-17 
450.0,-2.9784879607481334E-18 450.0,1.0212092070631696E-17 450.0,-8.047000935285484E-18 450.0,1.5921368274050503E-17 450.0,-3.46105237224829E-19 
451.0,1.0212337151867595E-17 451.0,-8.047000935285464E-18 451.0,1.5921368274050497E-17 451.0,-3.4610524142430506E-19 451.0,1.4078116508141163E-17 
452.0,-8.047194056236672E-18 452.0,1.5921368274050457E-17 452.0,-3.461052414243049E-19 452.0,1.407811667895832E-17 452.0,6.902469882986723E-5 
453.0,1.5921750372898255E-17 453.0,-3.4610524142430405E-19 453.0,1.4078116678958314E-17 453.0,6.902469966738003E-5 453.0,9.688826955595417E-18 
454.0,-3.4611354764596096E-19 454.0,1.407811667895828E-17 454.0,6.902469966738E-5 454.0,9.688827073155026E-18 454.0,-2.47002976258165E-18 
455.0,1.407845454138754E-17 455.0,6.902469966737984E-5 455.0,9.688827073155022E-18 455.0,-2.4700297925518144E-18 455.0,9.236205144376541E-18 
456.0,6.902635619951693E-5 456.0,9.688827073154999E-18 456.0,-2.4700297925518133E-18 456.0,9.236205256444254E-18 456.0,-6.6404098441264056E-18 
457.0,9.689059596490772E-18 457.0,-2.4700297925518075E-18 457.0,9.236205256444249E-18 457.0,-6.6404099246979744E-18 457.0,1.5799443174114302E-17 
458.0,-2.470089071096309E-18 458.0,9.236205256444227E-18 458.0,-6.640409924697971E-18 458.0,1.5799443365817218E-17 458.0,7.803282873656155E-19 
459.0,9.236426917254138E-18 459.0,-6.640409924697955E-18 459.0,1.5799443365817212E-17 459.0,7.803282968337471E-19 459.0,1.100398271773151E-17 
460.0,-6.640569288700939E-18 460.0,1.5799443365817172E-17 460.0,7.803282968337468E-19 460.0,1.1003982851248594E-17 460.0,8.652747407617557E-5 
461.0,1.5799822538574312E-17 461.0,7.803282968337449E-19 461.0,1.100398285124859E-17 461.0,8.652747512605872E-5 461.0,8.499251573801473E-18 
462.0,7.803470240271614E-19 462.0,1.1003982851248562E-17 462.0,8.652747512605867E-5 462.0,8.499251676927342E-18 462.0,-2.4014985774811634E-18 
463.0,1.1004246937167328E-17 463.0,8.652747512605846E-5 463.0,8.499251676927337E-18 463.0,-2.401498606619803E-18 463.0,8.471611897935682E-18 
464.0,8.652955170942613E-5 464.0,8.499251676927317E-18 464.0,-2.4014986066198017E-18 464.0,8.471612000726184E-18 464.0,-6.128180867272675E-18 
465.0,8.499455651498912E-18 465.0,-2.401498606619796E-18 465.0,8.47161200072618E-18 465.0,-6.128180941629102E-18 465.0,1.1892495255525174E-17 
466.0,-2.4015562404760563E-18 466.0,8.47161200072616E-18 466.0,-6.128180941629099E-18 466.0,1.1892495399823045E-17 466.0,-2.9199766235860283E-19 
467.0,8.471815311969813E-18 467.0,-6.128180941629084E-18 467.0,1.1892495399823041E-17 467.0,-2.9199766590156334E-19 467.0,1.0482266348962976E-17 
468.0,-6.128328012586592E-18 468.0,1.1892495399823012E-17 468.0,-2.919976659015632E-19 468.0,1.0482266476149803E-17 468.0,5.8752033759689755E-5 
469.0,1.189278080926217E-17 469.0,-2.9199766590156248E-19 469.0,1.0482266476149798E-17 469.0,5.875203447255894E-5 469.0,7.073879060600748E-18 
470.0,-2.9200467358895345E-19 470.0,1.0482266476149772E-17 470.0,5.875203447255892E-5 470.0,7.073879146431826E-18 470.0,-2.3661110690659048E-18 
471.0,1.048251804133399E-17 471.0,5.875203447255877E-5 471.0,7.073879146431823E-18 471.0,-2.3661110977751693E-18 471.0,6.7212526920244444E-18 
472.0,5.875344446975822E-5 472.0,7.073879146431806E-18 472.0,-2.366111097775168E-18 472.0,6.721252773576922E-18 472.0,-5.2580471776021E-18 
473.0,7.074048913315203E-18 473.0,-2.3661110977751624E-18 473.0,6.721252773576919E-18 473.0,-5.2580472414007395E-18 473.0,1.2802182964408745E-17 
474.0,-2.3661678823623073E-18 474.0,6.7212527735769025E-18 474.0,-5.2580472414007364E-18 474.0,1.2802183119744334E-17 474.0,5.781035667724015E-19 
475.0,6.72141407773722E-18 475.0,-5.258047241400724E-18 475.0,1.2802183119744328E-17 475.0,5.7810357378683475E-19 475.0,9.232601930395032E-18 
476.0,-5.258173429914049E-18 476.0,1.2802183119744297E-17 476.0,5.781035737868346E-19 476.0,9.232602042419025E-18 476.0,6.582539858066022E-5 
477.0,1.2802490360889352E-17 477.0,5.781035737868331E-19 477.0,9.23260204241902E-18 477.0,6.582539937935424E-5 477.0,7.042085504149865E-18 
478.0,5.781174477645999E-19 478.0,9.232602042418999E-18 478.0,6.582539937935421E-5 478.0,7.042085589595175E-18 478.0,-1.6108019670477216E-18 
479.0,9.232823616754938E-18 479.0,6.582539937935405E-5 479.0,7.042085589595172E-18 479.0,-1.6108019865924252E-18 479.0,7.16685534511353E-18 
480.0,6.58269791310956E-5 480.0,7.042085589595155E-18 480.0,-1.6108019865924244E-18 480.0,7.166855432072738E-18 480.0,-5.302348929307213E-18 
481.0,7.042254593461128E-18 481.0,-1.6108019865924206E-18 481.0,7.166855432072735E-18 481.0,-5.302348993643389E-18 481.0,9.74585283583967E-18 
482.0,-1.610840644424619E-18 482.0,7.166855432072718E-18 482.0,-5.3023489936433864E-18 482.0,9.745852954091204E-18 482.0,-3.451952898909651E-19 
483.0,7.167027430305269E-18 483.0,-5.302348993643373E-18 483.0,9.745852954091201E-18 483.0,-3.4519529407940027E-19 483.0,8.241576942431512E-18 
484.0,-5.302476245359823E-18 484.0,9.745852954091176E-18 484.0,-3.4519529407940012E-19 484.0,8.241577042430879E-18 484.0,4.799160531958929E-5 
485.0,9.746086845997982E-18 485.0,-3.4519529407939926E-19 485.0,8.241577042430876E-18 485.0,4.799160590189656E-5 485.0,5.578045445877859E-18 
486.0,-3.452035784631195E-19 486.0,8.241577042430856E-18 486.0,4.799160590189654E-5 486.0,5.578045513559205E-18 486.0,-2.2777881551537607E-18 
487.0,8.241774833037651E-18 487.0,4.799160590189643E-5 487.0,5.5780455135592024E-18 487.0,-2.277788182791357E-18 487.0,5.382058779132764E-18 
488.0,4.7992757658265815E-5 488.0,5.5780455135591886E-18 488.0,-2.277788182791356E-18 488.0,5.382058844436101E-18 488.0,-4.247283286301088E-18 
489.0,5.57817938174985E-18 489.0,-2.2777881827913503E-18 489.0,5.382058844436099E-18 489.0,-4.2472833378356E-18 489.0,1.0095751064762677E-17 
490.0,-2.2778428477061488E-18 490.0,5.382058844436086E-18 490.0,-4.247283337835599E-18 490.0,1.0095751187259711E-17 490.0,1.0514477216736162E-19 
491.0,5.3821880091189095E-18 491.0,-4.247283337835588E-18 491.0,1.0095751187259707E-17 491.0,1.0514477344313818E-19 491.0,7.375589097536952E-18 
492.0,-4.2473852689034285E-18 492.0,1.0095751187259682E-17 492.0,1.0514477344313814E-19 492.0,7.375589187028835E-18 492.0,5.6004714349645586E-5 
493.0,1.0095993476416612E-17 493.0,1.0514477344313788E-19 493.0,7.375589187028832E-18 493.0,5.6004715029180106E-5 493.0,5.221376452666088E-18 
494.0,1.0514729682530536E-19 494.0,7.375589187028814E-18 494.0,5.6004715029180085E-5 494.0,5.2213765160197825E-18 494.0,-1.282682338326568E-18 
495.0,7.375766194688061E-18 495.0,5.600471502917994E-5 495.0,5.22137651601978E-18 495.0,-1.2826823538900243E-18 495.0,5.71482354013318E-18 
496.0,5.6006059093126936E-5 496.0,5.221376516019767E-18 496.0,-1.2826823538900237E-18 496.0,5.714823609474126E-18 496.0,-4.581899170766718E-18 
497.0,5.221501824467908E-18 497.0,-1.2826823538900206E-18 497.0,5.7148236094741235E-18 497.0,-4.581899226361299E-18 497.0,8.153446088609615E-18 
498.0,-1.2827131371393667E-18 498.0,5.71482360947411E-18 498.0,-4.581899226361297E-18 498.0,8.153446187539646E-18 498.0,-3.2949908636698783E-19 
499.0,5.71496076021888E-18 499.0,-4.5818992263612855E-18 499.0,8.153446187539642E-18 499.0,-3.2949909036497274E-19 499.0,7.000321302780958E-18 
500.0,-4.58200918791641E-18 500.0,8.153446187539622E-18 500.0,-3.294990903649726E-19 500.0,7.000321387719522E-18 500.0,3.476184309829972E-5 
501.0,8.153641863083345E-18 501.0,-3.294990903649718E-19 501.0,7.000321387719519E-18 501.0,3.476184352008336E-5 501.0,4.833678023231787E-18 
502.0,-3.2950699805359575E-19 502.0,7.0003213877195E-18 502.0,3.4761843520083346E-5 502.0,4.833678081881334E-18 502.0,-1.6354954766948013E-18 
503.0,7.000489389281328E-18 503.0,3.4761843520083265E-5 503.0,4.833678081881331E-18 503.0,-1.635495496539124E-18 503.0,4.6947900028835086E-18 
504.0,3.4762677773781045E-5 504.0,4.833678081881319E-18 504.0,-1.6354954965391235E-18 504.0,4.694790059847853E-18 504.0,-3.522986345843572E-18 
505.0,4.833794085907727E-18 505.0,-1.6354954965391195E-18 505.0,4.694790059847851E-18 505.0,-3.52298638858981E-18 505.0,7.961003232376422E-18 
506.0,-1.6355347469938574E-18 506.0,4.69479005984784E-18 506.0,-3.5229863885898085E-18 506.0,7.961003328971441E-18 506.0,1.3852845546240088E-19 
507.0,4.6949027306837656E-18 507.0,-3.522986388589799E-18 507.0,7.961003328971438E-18 507.0,1.3852845714323917E-19 507.0,5.6395598368766995E-18 
508.0,-3.523070937167329E-18 508.0,7.961003328971418E-18 508.0,1.385284571432391E-19 508.0,5.639559905304432E-18 508.0,4.5411955872101926E-5 
509.0,7.961194386055644E-18 509.0,1.3852845714323876E-19 509.0,5.63955990530443E-18 509.0,4.541195642310896E-5 509.0,3.973789182775461E-18 
510.0,1.385317817044794E-19 510.0,5.639559905304416E-18 510.0,4.541195642310894E-5 510.0,3.973789230991526E-18 510.0,-1.1773622132375214E-18 
511.0,5.639695249786423E-18 511.0,4.5411956423108825E-5 511.0,3.973789230991524E-18 511.0,-1.1773622275230734E-18 511.0,4.359543193867123E-18 
