x:Traj Length y:|f_k(x)-fhat_k(x)|,
0.0,2.3999121257382697E-5 0.0,1.0912772992435406E-16 0.0,1.7076858990110023E-16 0.0,2.8188160834073365E-16 0.0,8.676952172287785E-17 
1.0,1.0912827353991032E-16 1.0,1.7076858990110053E-16 1.0,2.818816083407334E-16 1.0,8.676952418402145E-17 1.0,6.601721733031981E-16 
2.0,1.707625185785913E-16 2.0,2.818816083407324E-16 2.0,8.676952418402133E-17 2.0,6.601721776898486E-16 2.0,4.2422064191488437E-16 
3.0,2.8189166685860316E-16 3.0,8.676952418402091E-17 3.0,6.601721776898485E-16 3.0,4.242206465526655E-16 3.0,3.3424011079832986E-16 
4.0,8.677439212322847E-17 4.0,6.601721776898475E-16 4.0,4.242206465526653E-16 4.0,3.342401181562945E-16 4.0,1.1391085840253834E-4 
5.0,6.601808541336423E-16 5.0,4.242206465526644E-16 5.0,3.3424011815629407E-16 5.0,1.1390782640113839E-4 5.0,7.335681614455444E-16 
6.0,4.242298197069767E-16 6.0,3.342401181562928E-16 6.0,1.1390782640136043E-4 6.0,7.335681721689222E-16 6.0,1.3204725118053877E-15 
7.0,3.3425467160547966E-16 7.0,1.1390782640180452E-4 7.0,7.335681721689217E-16 7.0,1.3204725118138853E-15 7.0,1.10288669951036E-16 
8.0,1.07910779775372E-4 8.0,7.335681721689198E-16 8.0,1.320472511813886E-15 8.0,1.1028866582313549E-16 8.0,4.2815771722735356E-16 
9.0,7.335893821338961E-16 9.0,1.320472511813885E-15 9.0,1.1028866582313583E-16 9.0,4.281577163686755E-16 9.0,1.4903986754160807E-15 
10.0,1.3204725286491933E-15 10.0,1.1028866582313638E-16 10.0,4.2815771636867575E-16 10.0,1.4903986921679408E-15 10.0,1.196327829808411E-15 
11.0,1.1028050118165225E-16 11.0,4.281577163686756E-16 11.0,1.4903986921679402E-15 11.0,1.1963278301800684E-15 11.0,1.1978980114115841E-15 
12.0,4.281560179840191E-16 12.0,1.4903986921679368E-15 12.0,1.196327830180069E-15 12.0,1.1978980255104517E-15 12.0,8.23117889880156E-6 
13.0,1.4904318259854536E-15 13.0,1.196327830180068E-15 13.0,1.1978980255104515E-15 13.0,8.231178998674764E-6 13.0,1.2366543717207745E-15 
14.0,1.1963285653125575E-15 14.0,1.1978980255104484E-15 14.0,8.231178998674759E-6 14.0,1.2366543843545184E-15 14.0,4.584417453565023E-16 
15.0,1.1979259119233954E-15 15.0,8.231178998674738E-6 15.0,1.236654384354518E-15 15.0,4.584417484606106E-16 15.0,1.4386532288903524E-15 
16.0,8.231376539737588E-6 16.0,1.2366543843545152E-15 16.0,4.584417484606106E-16 16.0,1.4386532503324572E-15 16.0,1.828985551899256E-16 
17.0,1.2366793728753255E-15 17.0,4.584417484606098E-16 17.0,1.4386532503324562E-15 17.0,1.8289855210590525E-16 17.0,2.1326392110166952E-16 
18.0,4.58447888138485E-16 18.0,1.438653250332452E-15 18.0,1.8289855210590554E-16 18.0,2.132639147453285E-16 18.0,2.3355398793495403E-16 
19.0,1.4386956610624784E-15 19.0,1.8289855210590589E-16 19.0,2.132639147453291E-16 19.0,2.3355398555728604E-16 19.0,6.430355757201143E-16 
20.0,1.8289245217389121E-16 20.0,2.132639147453299E-16 20.0,2.3355398555728634E-16 20.0,6.430355838797874E-16 20.0,2.9322476192224223E-4 
21.0,2.132513424360163E-16 21.0,2.3355398555728654E-16 21.0,6.430355838797871E-16 21.0,2.932255238259768E-4 21.0,1.7294301152604308E-15 
22.0,2.3354928273269696E-16 22.0,6.430355838797856E-16 22.0,2.9322552382592126E-4 22.0,1.7294301262417069E-15 22.0,1.1772873266363154E-15 
23.0,6.430517230481831E-16 23.0,2.9322552382581024E-4 23.0,1.7294301262417069E-15 23.0,1.1772873427288777E-15 23.0,3.7814187224101443E-16 
24.0,2.9473250605925594E-4 24.0,1.7294301262417041E-15 24.0,1.177287342728877E-15 24.0,3.781418869077494E-16 24.0,8.971308683089594E-18 
25.0,1.7294518463289671E-15 25.0,1.1772873427288737E-15 25.0,3.781418869077487E-16 25.0,8.971302523561193E-18 25.0,7.6970833108468E-16 
26.0,1.177319172503318E-15 26.0,3.7814188690774623E-16 26.0,8.971302523561686E-18 26.0,7.697083332373453E-16 26.0,1.0687568077799928E-15 
27.0,3.7817089649798526E-16 27.0,8.971302523562573E-18 27.0,7.697083332373455E-16 27.0,1.0687568084975566E-15 27.0,2.6145280528883395E-16 
28.0,8.95911948891774E-18 28.0,7.697083332373446E-16 28.0,1.0687568084975572E-15 28.0,2.614528103021004E-16 28.0,8.23010573646199E-5 
29.0,7.69712591046392E-16 29.0,1.0687568084975562E-15 29.0,2.614528103021002E-16 29.0,8.230409174680986E-5 29.0,3.401439397852937E-16 
30.0,1.0687582278017219E-15 30.0,2.6145281030209924E-16 30.0,8.230409174658782E-5 30.0,3.401439470272788E-16 30.0,1.4386942467231733E-15 
31.0,2.6146272613171653E-16 31.0,8.230409174614373E-5 31.0,3.401439470272785E-16 31.0,1.4386942494507007E-15 31.0,1.758879867337931E-16 
32.0,8.830584728614088E-5 32.0,3.4014394702727724E-16 32.0,1.4386942494507013E-15 32.0,1.7588798970377292E-16 32.0,1.0919969303917848E-16 
33.0,3.4015827107885954E-16 33.0,1.4386942494507E-15 33.0,1.758879897037728E-16 33.0,1.0919970443824715E-16 33.0,2.0112321803840685E-15 
34.0,1.4386996443036235E-15 34.0,1.7588798970377225E-16 34.0,1.0919970443824617E-16 34.0,2.0112322088135285E-15 34.0,2.6121040033324865E-17 
35.0,1.7589386408059245E-16 35.0,1.0919970443824459E-16 35.0,2.0112322088135273E-15 35.0,2.6121045134181126E-17 35.0,1.4487848221562284E-15 
36.0,1.092222508501634E-16 36.0,2.0112322088135218E-15 36.0,2.612104513418073E-17 36.0,1.4487848432941236E-15 36.0,1.868078070897776E-4 
37.0,2.0112884399632216E-15 37.0,2.6121045134179992E-17 37.0,1.4487848432941228E-15 37.0,1.8680799894288738E-4 37.0,2.2160870047227878E-15 
38.0,2.6131134204200063E-17 38.0,1.4487848432941186E-15 38.0,1.868079989428735E-4 38.0,2.2160870200782114E-15 38.0,1.6119274079410433E-16 
39.0,1.4488266523235306E-15 39.0,1.8680799894284228E-4 39.0,2.2160870200782114E-15 39.0,1.611927395525551E-16 39.0,1.1244550700358824E-15 
40.0,1.8718746844029882E-4 40.0,2.2160870200782075E-15 40.0,1.611927395525553E-16 40.0,1.1244550909295383E-15 40.0,2.1338130377121803E-16 
41.0,2.216117391876016E-15 41.0,1.6119273955255535E-16 41.0,1.1244550909295371E-15 41.0,2.1338130267117563E-16 41.0,2.1163663581269823E-15 
42.0,1.6119028387490055E-16 42.0,1.1244550909295332E-15 42.0,2.133813026711758E-16 42.0,2.1163663807166454E-15 42.0,1.2663703433846752E-17 
43.0,1.1244964168670232E-15 43.0,2.1338130267117586E-16 43.0,2.1163663807166442E-15 43.0,1.266370656674601E-17 43.0,1.7492313658855782E-16 
44.0,2.1337912688329476E-16 44.0,2.11636638071664E-15 44.0,1.2663706566745813E-17 44.0,1.7492314567719766E-16 44.0,0.0012662936648170364 
45.0,2.1164110612357055E-15 45.0,1.266370656674532E-17 45.0,1.7492314567719697E-16 45.0,0.0012662944385275349 45.0,1.4985030998715691E-15 
46.0,1.266990318127032E-17 46.0,1.749231456771956E-16 46.0,0.0012662944385274794 46.0,1.4985031100499862E-15 46.0,1.5139169987844568E-16 
47.0,1.7494112225458472E-16 47.0,0.0012662944385273683 47.0,1.4985031100499862E-15 47.0,1.5139169549291976E-16 47.0,1.8981373387832493E-16 
48.0,0.0012678247735596754 48.0,1.4985031100499836E-15 48.0,1.5139169549292015E-16 48.0,1.8981372864053519E-16 48.0,2.829536776595862E-17 
49.0,1.4985232421437446E-15 49.0,1.513916954929207E-16 49.0,1.8981372864053568E-16 49.0,2.829536911721725E-17 49.0,4.854008765138688E-16 
50.0,1.513830212907325E-16 50.0,1.8981372864053622E-16 50.0,2.829536911721716E-17 50.0,4.854008864476418E-16 50.0,1.2595827910570694E-16 
51.0,1.898033687320281E-16 51.0,2.829536911721694E-17 51.0,4.854008864476413E-16 51.0,1.2595828143841503E-16 51.0,5.776634312595285E-16 
52.0,2.829804179500962E-17 52.0,4.854008864476396E-16 52.0,1.2595828143841488E-16 52.0,5.776634453582852E-16 52.0,1.265432565970663E-4 
53.0,4.854205346346805E-16 53.0,1.259582814384145E-16 53.0,5.776634453582844E-16 53.0,1.265433055290992E-4 53.0,8.751867885926295E-16 
54.0,1.2596289534369422E-16 54.0,5.776634453582821E-16 54.0,1.2654330552909574E-4 54.0,8.751867958110966E-16 54.0,8.43110484731971E-16 
55.0,5.77691331538589E-16 55.0,1.265433055290888E-4 55.0,8.751867958110964E-16 55.0,8.431104907021745E-16 55.0,8.024595916573805E-16 
56.0,1.2664008902463133E-4 56.0,8.751867958110949E-16 56.0,8.431104907021744E-16 56.0,8.024596044004567E-16 56.0,4.8647433489364035E-17 
57.0,8.752010733572848E-16 57.0,8.43110490702173E-16 57.0,8.024596044004561E-16 57.0,4.8647438038408986E-17 57.0,1.1104836039065922E-15 
58.0,8.431222992857537E-16 58.0,8.024596044004538E-16 58.0,4.864743803840864E-17 58.0,1.1104836186549371E-15 58.0,7.189877812047451E-16 
59.0,8.024848091621543E-16 59.0,4.864743803840795E-17 59.0,1.1104836186549365E-15 59.0,7.189877887741223E-16 59.0,2.9383500677166037E-16 
60.0,4.8656435671972266E-17 60.0,1.1104836186549338E-15 60.0,7.189877887741221E-16 60.0,2.9383501542664814E-16 60.0,3.3088943880043437E-4 
61.0,1.1105127896782192E-15 61.0,7.189877887741205E-16 61.0,2.9383501542664765E-16 61.0,3.308896324017603E-4 61.0,1.7662976990290822E-15 
62.0,7.190027603877127E-16 62.0,2.9383501542664617E-16 62.0,3.3088963240174643E-4 62.0,1.7662977114443877E-15 62.0,1.0517032640080714E-16 
63.0,2.938521342786771E-16 63.0,3.308896324017187E-4 63.0,1.7662977114443873E-15 63.0,1.05170325237713E-16 63.0,5.2136601851323E-16 
64.0,3.312725597317649E-4 64.0,1.7662977114443845E-15 64.0,1.0517032523771312E-16 64.0,5.213660267721474E-16 64.0,6.954591254601809E-16 
65.0,1.7663222679228747E-15 65.0,1.0517032523771323E-16 65.0,5.21366026772147E-16 65.0,6.95459126194949E-16 65.0,1.1449389675334398E-15 
66.0,1.0516802473645459E-16 66.0,5.213660267721454E-16 66.0,6.954591261949491E-16 66.0,1.1449389771914436E-15 66.0,8.291138063569033E-16 
67.0,5.21382362234799E-16 67.0,6.954591261949486E-16 67.0,1.1449389771914434E-15 67.0,8.291138087484007E-16 67.0,1.4325057007530053E-16 
68.0,6.954605795194362E-16 68.0,1.1449389771914412E-15 68.0,8.291138087484009E-16 68.0,1.4325057705790041E-16 68.0,3.360166722620045E-4 
69.0,1.144958079943826E-15 69.0,8.291138087484E-16 69.0,1.4325057705789992E-16 69.0,3.3601590614404375E-4 69.0,1.1145511938797844E-16 
70.0,8.29118538949023E-16 70.0,1.4325057705789884E-16 70.0,3.3601590614409926E-4 70.0,1.1145512074429986E-16 70.0,2.514376746221384E-16 
71.0,1.4326438806286792E-16 71.0,3.360159061442103E-4 71.0,1.114551207442998E-16 71.0,2.5143766864489585E-16 71.0,4.604110399625653E-16 
72.0,3.3450058851028364E-4 72.0,1.1145512074429954E-16 72.0,2.5143766864489634E-16 72.0,4.604110382648253E-16 72.0,3.0358518844459314E-16 
73.0,1.1145780343761544E-16 73.0,2.5143766864489713E-16 73.0,4.604110382648257E-16 73.0,3.035851861087469E-16 73.0,1.5938858699579779E-15 
74.0,2.514258461614602E-16 74.0,4.604110382648256E-16 74.0,3.035851861087473E-16 74.0,1.5938858907883248E-15 74.0,6.329495856012022E-16 
75.0,4.604076802861539E-16 75.0,3.035851861087474E-16 75.0,1.593885890788324E-15 75.0,6.329495859446663E-16 75.0,1.275599748974047E-15 
76.0,3.035805660056095E-16 76.0,1.5938858907883198E-15 76.0,6.329495859446666E-16 76.0,1.2755997665244592E-15 76.0,1.3406325401477646E-4 
77.0,1.5939270915152807E-15 77.0,6.329495859446661E-16 77.0,1.2755997665244586E-15 77.0,1.340633030380541E-4 77.0,1.5132480247950147E-15 
78.0,6.32950265301669E-16 78.0,1.2755997665244553E-15 78.0,1.3406330303805062E-4 78.0,1.5132480399641548E-15 78.0,4.712685514309455E-16 
79.0,1.275634479807263E-15 79.0,1.3406330303804281E-4 79.0,1.5132480399641544E-15 79.0,4.712685519015741E-16 79.0,1.0189874136747702E-15 
80.0,1.341602670069178E-4 80.0,1.513248039964151E-15 80.0,4.712685519015743E-16 80.0,1.0189874299581386E-15 80.0,4.129970895068955E-16 
81.0,1.513278043293745E-15 81.0,4.712685519015739E-16 81.0,1.0189874299581378E-15 81.0,4.129970985208003E-16 81.0,4.1121450950565643E-16 
82.0,4.712694827757124E-16 82.0,1.0189874299581348E-15 82.0,4.1299709852079975E-16 82.0,4.1121451662326857E-16 82.0,2.2330856081995666E-16 
83.0,1.0190196371281702E-15 83.0,4.129970985207982E-16 83.0,4.1121451662326833E-16 83.0,2.2330855816925405E-16 83.0,2.6517143320682195E-16 
84.0,4.130149272835379E-16 84.0,4.11214516623267E-16 84.0,2.2330855816925434E-16 84.0,2.6517143970957653E-16 84.0,1.5698863625089599E-4 
85.0,4.112285946768892E-16 85.0,2.2330855816925454E-16 85.0,2.6517143970957624E-16 85.0,1.5698902029095269E-4 85.0,1.188406271882565E-15 
86.0,2.2330331530465186E-16 86.0,2.65171439709575E-16 86.0,1.5698902029092493E-4 86.0,1.188406278778929E-15 86.0,3.4839127627764193E-16 
87.0,2.651843016229474E-16 87.0,1.5698902029086942E-4 87.0,1.1884062787789291E-15 87.0,3.4839128474377546E-16 87.0,1.9185377811973234E-16 
88.0,1.5774861958913616E-4 88.0,1.1884062787789271E-15 88.0,3.48391284743775E-16 88.0,1.9185378636259743E-16 88.0,1.2312688421325217E-16 
89.0,1.1884199192381048E-15 89.0,3.4839128474377343E-16 89.0,1.9185378636259684E-16 89.0,1.231268900045226E-16 89.0,8.466245206498499E-16 
90.0,3.4840803005911096E-16 90.0,1.9185378636259556E-16 90.0,1.231268900045222E-16 90.0,8.46624529648391E-16 90.0,5.84812017245833E-16 
91.0,1.91870090068218E-16 91.0,1.2312689000452127E-16 91.0,8.466245296483908E-16 91.0,5.848120159126001E-16 91.0,7.493305555553749E-16 
92.0,1.2313834465822396E-16 92.0,8.466245296483888E-16 92.0,5.848120159126004E-16 92.0,7.493305630569225E-16 92.0,5.680388794651603E-4 
93.0,8.466423280323258E-16 93.0,5.848120159126002E-16 93.0,7.493305630569222E-16 93.0,5.680381161624337E-4 93.0,4.102550492242363E-16 
94.0,5.848093789010601E-16 94.0,7.493305630569206E-16 94.0,5.680381161624892E-4 94.0,4.1025504897868174E-16 94.0,5.391329216555276E-16 
95.0,7.493454005097792E-16 95.0,5.680381161626002E-4 95.0,4.1025504897868194E-16 95.0,5.391329223668249E-16 95.0,6.587557355423968E-16 
96.0,5.665283668578464E-4 96.0,4.102550489786817E-16 96.0,5.391329223668251E-16 96.0,6.587557408374462E-16 96.0,2.6661573675246117E-16 
97.0,4.102545633008396E-16 97.0,5.391329223668246E-16 97.0,6.587557408374461E-16 97.0,2.6661574595172E-16 97.0,1.4865796698808864E-15 
98.0,5.391343292651975E-16 98.0,6.587557408374449E-16 98.0,2.666157459517195E-16 98.0,1.4865796898424351E-15 98.0,9.572476964153811E-17 
99.0,6.58766214018696E-16 99.0,2.6661574595171794E-16 99.0,1.4865796898424342E-15 99.0,9.572476907937557E-17 99.0,1.0125366655123355E-15 
100.0,2.666339413263808E-16 100.0,1.4865796898424304E-15 100.0,9.572476907937563E-17 100.0,1.0125366808890063E-15 100.0,1.0806662974515227E-4 
101.0,1.4866191721568357E-15 101.0,9.572476907937564E-17 101.0,1.0125366808890057E-15 101.0,1.0806677398680735E-4 101.0,1.7709092867309217E-15 
102.0,9.572365717060281E-17 102.0,1.0125366808890027E-15 102.0,1.0806677398679694E-4 102.0,1.7709092975991045E-15 102.0,7.273550134388566E-17 
103.0,1.0125670946865013E-15 103.0,1.0806677398677612E-4 103.0,1.7709092975991045E-15 103.0,7.273550392703527E-17 103.0,5.251689551871801E-16 
104.0,1.0835207198672987E-4 104.0,1.7709092975991018E-15 104.0,7.27355039270351E-17 104.0,5.251689674697324E-16 104.0,9.594585557200336E-17 
105.0,1.770930793998033E-15 105.0,7.273550392703468E-17 105.0,5.251689674697316E-16 105.0,9.594585987288889E-17 105.0,1.2903952079554436E-15 
106.0,7.27406131836519E-17 106.0,5.251689674697295E-16 106.0,9.594585987288859E-17 106.0,1.2903952210281156E-15 106.0,1.893961545640157E-16 
107.0,5.25193261347533E-16 107.0,9.59458598728879E-17 107.0,1.2903952210281152E-15 107.0,1.8939615307113294E-16 107.0,3.172222354510581E-16 
108.0,9.595436666878798E-17 108.0,1.2903952210281125E-15 108.0,1.8939615307113316E-16 108.0,3.17222242178103E-16 108.0,1.1501004267806814E-4 
109.0,1.2904210777134174E-15 109.0,1.893961530711332E-16 109.0,3.172222421781026E-16 109.0,1.1500966193831591E-4 109.0,9.052178694279738E-16 
110.0,1.8939320027717232E-16 110.0,3.1722224217810146E-16 110.0,1.1500966193834367E-4 110.0,9.052178740330898E-16 110.0,1.0753856443815318E-16 
111.0,3.1723554772012095E-16 111.0,1.1500966193839918E-4 111.0,9.052178740330898E-16 111.0,1.0753856088799161E-16 111.0,6.955704315672649E-17 
112.0,1.1425659036948949E-4 112.0,9.052178740330884E-16 112.0,1.0753856088799196E-16 112.0,6.955703893536686E-17 112.0,1.5383746199066477E-16 
113.0,9.0522698258851E-16 113.0,1.0753856088799245E-16 113.0,6.955703893536716E-17 113.0,1.5383746606601687E-16 113.0,5.487963085962585E-16 
114.0,1.0753153896601537E-16 114.0,6.955703893536775E-17 114.0,1.5383746606601662E-16 114.0,5.487963179069795E-16 114.0,4.3885647948572107E-17 
115.0,6.954868943852628E-17 115.0,1.5383746606601596E-16 115.0,5.487963179069791E-16 115.0,4.388564748959953E-17 115.0,5.701087763656203E-16 
116.0,1.5384552677674959E-16 116.0,5.487963179069773E-16 116.0,4.388564748959958E-17 116.0,5.701087878785686E-16 116.0,8.858087824968261E-6 
117.0,5.488147337502598E-16 117.0,4.3885647489599625E-17 117.0,5.70108787878568E-16 117.0,8.858135514209706E-6 117.0,1.0751043799858363E-15 
118.0,4.388473968094758E-17 118.0,5.701087878785658E-16 118.0,8.858135514206236E-6 118.0,1.0751043879460074E-15 118.0,3.869726959740866E-16 
119.0,5.701315595443654E-16 119.0,8.858135514199297E-6 119.0,1.0751043879460074E-15 119.0,3.8697269818635293E-16 119.0,5.303641774665607E-16 
120.0,8.952460866604867E-6 120.0,1.0751043879460054E-15 120.0,3.869726981863529E-16 120.0,5.303641861861114E-16 120.0,2.753230654746573E-16 
121.0,1.0751201325250013E-15 121.0,3.8697269818635234E-16 121.0,5.30364186186111E-16 121.0,2.7532306975310887E-16 121.0,8.944336678268808E-16 
122.0,3.869770738732479E-16 122.0,5.303641861861094E-16 122.0,2.7532306975310867E-16 122.0,8.944336784241568E-16 122.0,4.119055172040427E-16 
123.0,5.303814327433668E-16 123.0,2.753230697531079E-16 123.0,8.944336784241564E-16 123.0,4.1190552040279114E-16 123.0,2.4096242359836903E-16 
124.0,2.753315321802635E-16 124.0,8.944336784241542E-16 124.0,4.1190552040279104E-16 124.0,2.409624297257357E-16 124.0,1.2133657465359174E-5 
125.0,8.944546389736789E-16 125.0,4.1190552040279035E-16 125.0,2.409624297257354E-16 125.0,1.2133514682157245E-5 125.0,1.1439390562169844E-15 
126.0,4.11911847269868E-16 126.0,2.409624297257343E-16 126.0,1.2133514682167654E-5 126.0,1.1439390634634295E-15 126.0,3.460153634246949E-17 
127.0,2.409745491526786E-16 127.0,1.213351468218847E-5 127.0,1.1439390634634295E-15 127.0,3.46015346875552E-17 127.0,1.9184564562307207E-16 
128.0,1.1851101383537205E-5 128.0,1.1439390634634275E-15 128.0,3.460153468755535E-17 128.0,1.9184565056333383E-16 128.0,2.944728460344696E-16 
129.0,1.1439533963534973E-15 129.0,3.4601534687555546E-17 129.0,1.9184565056333356E-16 129.0,2.944728452465646E-16 129.0,7.341609763293046E-16 
130.0,3.4598261405484167E-17 130.0,1.918456505633327E-16 130.0,2.944728452465648E-16 130.0,7.341609836720032E-16 130.0,4.274093417793927E-16 
131.0,1.9185542199425364E-16 131.0,2.944728452465647E-16 131.0,7.341609836720031E-16 131.0,4.2740934267273835E-16 131.0,1.996181633294452E-16 
132.0,2.944712868422949E-16 132.0,7.341609836720015E-16 132.0,4.2740934267273845E-16 132.0,1.996181692471786E-16 132.0,1.7879155713515504E-4 
133.0,7.341755069346012E-16 133.0,4.2740934267273805E-16 133.0,1.9961816924717817E-16 133.0,1.7879135486032274E-4 133.0,3.46079259459361E-16 
134.0,4.2741110964508366E-16 134.0,1.9961816924717718E-16 134.0,1.7879135486033662E-4 134.0,3.460792619988424E-16 134.0,1.323060146220001E-16 
135.0,1.9962987403574674E-16 135.0,1.7879135486036785E-4 135.0,3.4607926199884237E-16 135.0,1.323060121572219E-16 135.0,9.632248979926295E-17 
136.0,1.7839127207443933E-4 136.0,3.4607926199884177E-16 136.0,1.3230601215722214E-16 136.0,9.632248726441283E-17 136.0,7.894177616708474E-19 
137.0,3.460842848891966E-16 137.0,1.3230601215722239E-16 137.0,9.632248726441308E-17 137.0,7.894152973700578E-19 137.0,9.333408464962886E-16 
138.0,1.3230113703365772E-16 138.0,9.63224872644134E-17 138.0,7.89415297370255E-19 138.0,9.333408584934458E-16 138.0,1.3892516985040545E-16 
139.0,9.631747354374459E-17 139.0,7.894152973706248E-19 139.0,9.333408584934454E-16 139.0,1.3892516930446467E-16 139.0,6.303338811756937E-16 
140.0,7.845411154340416E-19 140.0,9.33340858493443E-16 140.0,1.389251693044648E-16 140.0,6.303338906454271E-16 140.0,2.8113143616548958E-5 
141.0,9.333645878923512E-16 141.0,1.3892516930446477E-16 141.0,6.303338906454267E-16 141.0,2.8113191539422093E-5 141.0,9.756971085823663E-16 
142.0,1.3892408948191757E-16 142.0,6.303338906454249E-16 142.0,2.8113191539418624E-5 142.0,9.756971172546353E-16 142.0,2.1009484530449858E-16 
143.0,6.303526210039408E-16 143.0,2.8113191539411685E-5 143.0,9.75697117254635E-16 143.0,2.1009484494524222E-16 143.0,4.504968326195412E-16 
144.0,2.8207978996241424E-5 144.0,9.75697117254633E-16 144.0,2.1009484494524235E-16 144.0,4.504968405744979E-16 144.0,1.4998955696487002E-16 
145.0,9.75714270302168E-16 145.0,2.1009484494524225E-16 145.0,4.504968405744975E-16 145.0,1.4998956157297275E-16 145.0,4.037836465760628E-16 
146.0,2.1009413437052043E-16 146.0,4.50496840574496E-16 146.0,1.4998956157297245E-16 146.0,4.0378365162597615E-16 146.0,2.0543689365647863E-16 
147.0,4.50512574826639E-16 147.0,1.4998956157297166E-16 147.0,4.0378365162597595E-16 147.0,2.0543689262686447E-16 147.0,1.3916037077677712E-16 
148.0,1.4999867602000732E-16 148.0,4.037836516259749E-16 148.0,2.0543689262686464E-16 148.0,1.3916037487934962E-16 148.0,1.0661276268315867E-5 
149.0,4.0379363994315097E-16 149.0,2.0543689262686467E-16 149.0,1.3916037487934938E-16 149.0,1.0661423042531912E-5 149.0,5.866929117065475E-16 
150.0,2.0543485614000812E-16 150.0,1.3916037487934866E-16 150.0,1.0661423042521503E-5 150.0,5.866929150788203E-16 150.0,8.838491762204085E-17 
151.0,1.3916848942952405E-16 151.0,1.0661423042500687E-5 151.0,5.866929150788203E-16 151.0,8.838492144241552E-17 151.0,4.843325174549146E-17 
152.0,1.0951730237551346E-5 152.0,5.866929150788194E-16 152.0,8.838492144241527E-17 152.0,4.8433255467663207E-17 152.0,7.402100062147826E-17 
153.0,5.866995851664155E-16 153.0,8.838492144241463E-17 153.0,4.843325546766296E-17 153.0,7.402100373472544E-17 153.0,5.83824437219315E-16 
154.0,8.839247782760056E-17 154.0,4.843325546766242E-17 154.0,7.40210037347252E-17 154.0,5.838244443146285E-16 154.0,2.030368083223162E-16 
155.0,4.8440617614863415E-17 155.0,7.402100373472473E-17 155.0,5.838244443146282E-16 155.0,2.03036807653055E-16 155.0,4.901921938854398E-16 
156.0,7.402716148023577E-17 156.0,5.838244443146268E-16 156.0,2.0303680765305511E-16 156.0,4.901921993314932E-16 156.0,2.893242449501024E-4 
157.0,5.838384782667689E-16 157.0,2.030368076530551E-16 157.0,4.90192199331493E-16 157.0,2.89324044016423E-4 157.0,4.594088605575865E-16 
158.0,2.0303548391431242E-16 158.0,4.901921993314919E-16 158.0,2.8932404401643685E-4 158.0,4.594088629752008E-16 158.0,2.24079048736132E-16 
159.0,4.902029711825024E-16 159.0,2.893240440164681E-4 159.0,4.594088629752009E-16 159.0,2.240790488412516E-16 159.0,4.277738591255851E-16 
160.0,2.889266139179496E-4 160.0,4.594088629752003E-16 160.0,2.2407904884125164E-16 160.0,4.277738636105749E-16 160.0,1.6068972679389174E-16 
161.0,4.594136448250566E-16 161.0,2.240790488412515E-16 161.0,4.277738636105748E-16 161.0,1.6068973171320922E-16 161.0,7.215362297499891E-16 
162.0,2.2407925676381545E-16 162.0,4.2777386361057386E-16 162.0,1.6068973171320892E-16 162.0,7.215362390845997E-16 162.0,3.536224098986604E-18 
163.0,4.2778273455643266E-16 163.0,1.6068973171320813E-16 163.0,7.215362390845994E-16 163.0,3.536224392164461E-18 163.0,4.2668735388478864E-16 
164.0,1.6069946171744956E-16 164.0,7.215362390845975E-16 164.0,3.536224392164442E-18 164.0,4.2668736098496583E-16 164.0,3.835358293849834E-5 
165.0,7.215547021831271E-16 165.0,3.536224392164399E-18 165.0,4.266873609849655E-16 165.0,3.835365579768317E-5 165.0,8.793901112521247E-16 
166.0,3.536804273657631E-18 166.0,4.266873609849642E-16 166.0,3.8353655797677966E-5 166.0,8.793901165475588E-16 166.0,4.7508420323337145E-17 
167.0,4.2670140455388304E-16 167.0,3.835365579766756E-5 167.0,8.793901165475588E-16 167.0,4.750842214326929E-17 167.0,1.9618513140602464E-16 
168.0,3.849776520735513E-5 168.0,8.793901165475574E-16 168.0,4.750842214326919E-17 168.0,1.9618513692390294E-16 168.0,7.160545910919346E-17 
169.0,8.794005904943528E-16 169.0,4.7508422143268885E-17 169.0,1.961851369239026E-16 169.0,7.160546179480413E-17 169.0,6.312886157193069E-16 
170.0,4.751202181870531E-17 170.0,1.961851369239017E-16 170.0,7.160546179480395E-17 170.0,6.312886224468342E-16 170.0,1.4300838663188135E-16 
171.0,1.9619605083251453E-16 171.0,7.160546179480351E-17 171.0,6.31288622446834E-16 171.0,1.4300838590124437E-16 171.0,2.5931236852198275E-16 
172.0,7.161077371088411E-17 172.0,6.3128862244683255E-16 172.0,1.4300838590124447E-16 172.0,2.593123725662509E-16 172.0,2.1099908614114968E-4 
173.0,6.31301928949538E-16 173.0,1.4300838590124452E-16 173.0,2.5931237256625074E-16 173.0,2.1099894205645411E-4 173.0,4.777899086705168E-16 
174.0,1.430069407651045E-16 174.0,2.5931237256624995E-16 174.0,2.1099894205646452E-4 174.0,4.777899110488918E-16 174.0,7.26628994272929E-17 
175.0,2.593203717977819E-16 175.0,2.109989420564836E-4 175.0,4.777899110488919E-16 175.0,7.266289789000154E-17 175.0,8.256081127940213E-17 
176.0,2.1071395451541415E-4 176.0,4.777899110488912E-16 176.0,7.266289789000172E-17 176.0,8.256081416820638E-17 176.0,1.0433732258547835E-16 
177.0,4.777946152871343E-16 177.0,7.266289789000186E-17 177.0,8.256081416820621E-17 177.0,1.0433732547417699E-16 177.0,3.949125653981174E-16 
178.0,7.265985725707643E-17 178.0,8.256081416820572E-17 178.0,1.0433732547417684E-16 178.0,3.949125712768733E-16 178.0,2.0623211135942618E-17 
179.0,8.256652798445971E-17 179.0,1.0433732547417633E-16 179.0,3.9491257127687306E-16 179.0,2.062321085563571E-17 179.0,3.2151764242641247E-16 
180.0,1.0434303908201009E-16 180.0,3.9491257127687193E-16 180.0,2.0623210855635745E-17 180.0,3.2151764858882864E-16 180.0,1.3838207202484729E-6 
181.0,3.9492419897557916E-16 181.0,2.0623210855635772E-17 181.0,3.2151764858882825E-16 181.0,1.3838507309346833E-6 181.0,6.664369656077954E-16 
182.0,2.0622656432323192E-17 182.0,3.215176485888272E-16 182.0,1.3838507309320812E-6 182.0,6.66436970238491E-16 182.0,1.3780663154178333E-16 
183.0,3.215298373420924E-16 183.0,1.3838507309277444E-6 183.0,6.664369702384909E-16 183.0,1.3780663196956037E-16 183.0,2.4752845887361123E-16 
184.0,1.443209372276738E-6 184.0,6.664369702384898E-16 184.0,1.378066319695604E-16 184.0,2.4752846344464657E-16 184.0,1.4421079950720383E-16 
185.0,6.664461293831955E-16 185.0,1.3780663196956024E-16 185.0,2.475284634446463E-16 185.0,1.4421080191253293E-16 185.0,4.962946996761877E-16 
186.0,1.3780747807983355E-16 186.0,2.4752846344464553E-16 186.0,1.442108019125328E-16 186.0,4.962947052928892E-16 186.0,1.959817998120632E-16 
187.0,2.475375045775441E-16 187.0,1.4421080191253236E-16 187.0,4.962947052928891E-16 187.0,1.9598180079898628E-16 187.0,1.585310868308368E-16 
188.0,1.4421555945649058E-16 188.0,4.962947052928878E-16 188.0,1.959818007989863E-16 188.0,1.5853109018000367E-16 188.0,9.922989759730914E-5 
189.0,4.963058146721143E-16 189.0,1.9598180079898604E-16 189.0,1.5853109018000352E-16 189.0,9.922982640749728E-5 189.0,5.590124891417465E-16 
190.0,1.959837528548706E-16 190.0,1.585310901800029E-16 190.0,9.922982640750248E-5 190.0,5.590124924819104E-16 190.0,2.5092370786945092E-17 
191.0,1.5853771455693773E-16 191.0,9.922982640751202E-5 191.0,5.590124924819104E-16 191.0,2.5092369752203564E-17 191.0,8.532484124885163E-17 
192.0,9.908901888049625E-5 192.0,5.590124924819095E-16 192.0,2.509236975220365E-17 192.0,8.532484382180453E-17 192.0,8.52788877734287E-17 
193.0,5.590190990599595E-16 193.0,2.5092369752203786E-17 193.0,8.532484382180438E-17 193.0,8.527888674864393E-17 193.0,3.744857778978441E-16 
194.0,2.5090323120018696E-17 194.0,8.532484382180396E-17 194.0,8.527888674864404E-17 194.0,3.744857820948626E-16 194.0,1.71146504185563E-16 
195.0,8.532993291047168E-17 195.0,8.527888674864415E-17 195.0,3.744857820948625E-16 195.0,1.7114650442153958E-16 195.0,1.5371620746729053E-16 
196.0,8.527685981143778E-17 196.0,3.7448578209486157E-16 196.0,1.7114650442153963E-16 196.0,1.5371621121418328E-16 196.0,7.117595463044905E-5 
197.0,3.7449408345633637E-16 197.0,1.7114650442153948E-16 197.0,1.537162112141831E-16 197.0,7.11758968845403E-5 197.0,3.033322628575805E-16 
198.0,1.711469711671916E-16 198.0,1.5371621121418244E-16 198.0,7.117589688454464E-5 198.0,3.0333226497767926E-16 198.0,7.375445872349935E-17 
199.0,1.5372362225974842E-16 199.0,7.117589688455331E-5 199.0,3.033322649776792E-16 199.0,7.375445789281132E-17 199.0,2.582373527774598E-17 
200.0,7.106168028066327E-5 200.0,3.033322649776787E-16 200.0,7.37544578928114E-17 200.0,2.5823737282599535E-17 200.0,4.985902286476507E-17 
201.0,3.033364583630149E-16 201.0,7.375445789281149E-17 201.0,2.5823737282599387E-17 201.0,4.985902441127996E-17 201.0,4.599611099301207E-16 
202.0,7.375281486250373E-17 202.0,2.582373728259909E-17 202.0,4.985902441127985E-17 202.0,4.599611156456056E-16 202.0,6.844790280981005E-18 
203.0,2.582770271676225E-17 203.0,4.9859024411279603E-17 203.0,4.599611156456054E-16 203.0,6.84479072069314E-18 203.0,2.649333583779709E-16 
204.0,4.9862083290146076E-17 204.0,4.599611156456042E-16 204.0,6.844790720693115E-18 204.0,2.6493336262917916E-16 204.0,2.890166840155764E-5 
205.0,4.599724204092226E-16 205.0,6.844790720693041E-18 205.0,2.6493336262917896E-16 205.0,2.890163875834094E-5 205.0,5.004892015828389E-16 
206.0,6.8456604348688755E-18 206.0,2.649333626291782E-16 206.0,2.890163875834354E-5 206.0,5.004892055848859E-16 206.0,7.960371133884219E-17 
207.0,2.649417711711213E-16 207.0,2.8901638758347444E-5 207.0,5.0048920558488585E-16 207.0,7.96037109092177E-17 207.0,1.7387462396753358E-16 
208.0,2.884300694213325E-5 208.0,5.00489205584885E-16 208.0,7.960371090921776E-17 208.0,1.738746273692854E-16 208.0,3.5982599714897406E-17 
209.0,5.00497121311701E-16 209.0,7.960371090921778E-17 209.0,1.7387462736928526E-16 209.0,3.598260166694195E-17 209.0,2.486713590177381E-16 
210.0,7.960286114938871E-17 210.0,1.7387462736928462E-16 210.0,3.59826016669418E-17 210.0,2.48671361915564E-16 210.0,1.1955507652896923E-16 
211.0,1.7388135575514216E-16 211.0,3.5982601666941506E-17 211.0,2.4867136191556393E-16 211.0,1.1955507622346197E-16 211.0,8.011471946418718E-17 
212.0,3.5986462649490044E-17 212.0,2.4867136191556333E-16 212.0,1.1955507622346204E-16 212.0,8.011472182060858E-17 212.0,1.8179369709001372E-5 
213.0,2.486770935794115E-16 213.0,1.19555076223462E-16 213.0,8.011472182060843E-17 213.0,1.817931861598527E-5 213.0,2.890460978128763E-16 
214.0,1.195544719579813E-16 214.0,8.011472182060804E-17 214.0,1.8179318615989606E-5 214.0,2.8904609957502855E-16 214.0,8.952354927270843E-18 
215.0,8.011938262783998E-17 215.0,1.8179318615996545E-5 215.0,2.8904609957502855E-16 215.0,8.95235642383839E-18 215.0,2.2475348048613412E-17 
216.0,1.80782608803845E-5 216.0,2.890460995750281E-16 216.0,8.952356423838292E-18 216.0,2.2475349782011745E-17 216.0,4.6752041694325705E-17 
217.0,2.8904958497168104E-16 217.0,8.952356423838046E-18 217.0,2.2475349782011622E-17 217.0,4.6752043200584224E-17 217.0,3.1972333551393424E-16 
218.0,8.955316510199737E-18 218.0,2.247534978201135E-17 218.0,4.6752043200584113E-17 218.0,3.1972333947346284E-16 218.0,7.791260010058099E-17 
219.0,2.2478778300221484E-17 219.0,4.6752043200583867E-17 219.0,3.197233394734627E-16 219.0,7.79125999634638E-17 219.0,2.3651200371150443E-16 
220.0,4.6755022455653707E-17 220.0,3.1972333947346186E-16 220.0,7.791259996346384E-17 220.0,2.365120066788523E-16 220.0,1.204035453513724E-4 
221.0,3.197311710983938E-16 221.0,7.79125999634638E-17 221.0,2.365120066788522E-16 221.0,1.2040348820276797E-4 221.0,2.9316071200772593E-16 
222.0,7.791232875869866E-17 222.0,2.365120066788516E-16 222.0,1.2040348820277144E-4 222.0,2.931607139049152E-16 222.0,9.224866491412183E-17 
223.0,2.365178758511846E-16 223.0,1.2040348820278012E-4 223.0,2.931607139049152E-16 223.0,9.224866481985174E-17 223.0,1.9753879583013122E-16 
224.0,1.2029045301782323E-4 224.0,2.931607139049147E-16 224.0,9.22486648198518E-17 224.0,1.9753879828500759E-16 224.0,6.742712458840126E-17 
225.0,2.9316446639378676E-16 225.0,9.224866481985176E-17 225.0,1.975387982850075E-16 225.0,6.742712680914793E-17 225.0,3.148078842630021E-16 
226.0,9.224847836342507E-17 226.0,1.97538798285007E-16 226.0,6.742712680914781E-17 226.0,3.148078882004174E-16 226.0,2.965934753737723E-17 
227.0,1.9754365383043905E-16 227.0,6.742712680914744E-17 227.0,3.1480788820041724E-16 227.0,2.965934734377912E-17 227.0,1.624724852730816E-16 
228.0,6.743151926282779E-17 228.0,3.1480788820041645E-16 228.0,2.965934734377914E-17 228.0,1.6247248829199185E-16 228.0,6.14118364017412E-6 
229.0,3.148156760870556E-16 229.0,2.9659347343779155E-17 229.0,1.6247248829199172E-16 229.0,6.141214641542693E-6 229.0,3.7549348183626356E-16 
230.0,2.965896442344425E-17 230.0,1.624724882919912E-16 230.0,6.141214641540091E-6 230.0,3.754934840583367E-16 230.0,1.9790534917566266E-17 
231.0,1.624784594488894E-16 231.0,6.141214641535754E-6 231.0,3.754934840583367E-16 231.0,1.9790535909231107E-17 231.0,6.93301700819503E-17 
232.0,6.202532770024569E-6 232.0,3.754934840583361E-16 232.0,1.9790535909231045E-17 232.0,6.933017235448137E-17 232.0,4.3198590568454856E-17 
233.0,3.7549787914207385E-16 233.0,1.9790535909230885E-17 233.0,6.933017235448122E-17 233.0,4.319859193012889E-17 233.0,2.9255730852042645E-16 
234.0,1.9792497340215636E-17 234.0,6.933017235448085E-17 234.0,4.3198591930128804E-17 234.0,2.925573117917637E-16 234.0,7.384987179680042E-17 
235.0,6.933466723338642E-17 235.0,4.319859193012858E-17 235.0,2.925573117917636E-16 235.0,7.384987153698664E-17 235.0,1.513896770195769E-16 
236.0,4.320128520899956E-17 236.0,2.925573117917629E-16 236.0,7.384987153698669E-17 236.0,1.5138967917060919E-16 236.0,1.2015117125504723E-4 
237.0,2.925637822309704E-16 237.0,7.384987153698669E-17 237.0,1.513896791706091E-16 237.0,1.2015112139930877E-4 237.0,2.4030188848161166E-16 
238.0,7.384935764849177E-17 238.0,1.5138967917060872E-16 238.0,1.2015112139931311E-4 238.0,2.4030188978529507E-16 238.0,4.382422676565856E-17 
239.0,1.5139393373681004E-16 239.0,1.2015112139932005E-4 239.0,2.4030188978529507E-16 239.0,4.382422620681919E-17 239.0,8.139569872182503E-17 
240.0,1.2005251089736765E-4 240.0,2.4030188978529473E-16 240.0,4.382422620681925E-17 240.0,8.139570036012145E-17 240.0,5.498003126765927E-17 
241.0,2.403044683677299E-16 241.0,4.38242262068193E-17 241.0,8.139570036012137E-17 241.0,5.4980032843681295E-17 241.0,2.1365714583098058E-16 
242.0,4.382312086993332E-17 242.0,8.139570036012105E-17 242.0,5.498003284368121E-17 242.0,2.1365714880406145E-16 242.0,1.6466354108146317E-17 
243.0,8.139894077589794E-17 243.0,5.498003284368094E-17 243.0,2.1365714880406135E-16 243.0,1.6466353968073642E-17 243.0,1.473768020269986E-16 
244.0,5.498315008534264E-17 244.0,2.1365714880406076E-16 244.0,1.646635396807366E-17 244.0,1.4737680486197629E-16 244.0,5.568332449253956E-7 
245.0,2.136630293153185E-16 245.0,1.646635396807367E-17 245.0,1.4737680486197611E-16 245.0,5.568180214943728E-7 245.0,3.240332063956301E-16 
246.0,1.6466076916322448E-17 246.0,1.4737680486197564E-16 246.0,5.56818021495457E-7 246.0,3.240332085317328E-16 246.0,4.053534515792075E-17 
247.0,1.4738241221512054E-16 247.0,5.568180214976255E-7 247.0,3.240332085317328E-16 247.0,4.0535345056806917E-17 247.0,9.818270073885682E-17 
248.0,5.267073409204702E-7 248.0,3.240332085317323E-16 248.0,4.053534505680695E-17 248.0,9.81827028038158E-17 248.0,6.703782468531559E-17 
249.0,3.2403743357210773E-16 249.0,4.053534505680693E-17 249.0,9.818270280381568E-17 249.0,6.703782588226791E-17 249.0,2.3851401537989877E-16 
250.0,4.053514506292397E-17 250.0,9.818270280381531E-17 250.0,6.703782588226786E-17 250.0,2.3851401805896053E-16 250.0,8.639934558611966E-17 
251.0,9.818678712298232E-17 251.0,6.703782588226764E-17 251.0,2.385140180589605E-16 251.0,8.639934586092643E-17 251.0,9.198382048741596E-17 
252.0,6.704019335583859E-17 252.0,2.385140180589599E-16 252.0,8.639934586092645E-17 252.0,9.198382215260318E-17 252.0,7.479899424071802E-5 
253.0,2.385193170254006E-16 253.0,8.639934586092636E-17 253.0,9.19838221526031E-17 253.0,7.479896422143886E-5 253.0,2.468030600455091E-16 
254.0,8.639988940767445E-17 254.0,9.19838221526028E-17 254.0,7.479896422144146E-5 254.0,2.468030614687076E-16 254.0,1.6861706615850705E-17 
255.0,9.198711575639969E-17 255.0,7.47989642214458E-5 255.0,2.4680306146870767E-16 255.0,1.686170612010933E-17 255.0,4.756745332189636E-17 
256.0,7.473958858612373E-5 256.0,2.468030614687073E-16 256.0,1.6861706120109373E-17 256.0,4.756745459762518E-17 256.0,1.1812753145918334E-17 
257.0,2.468058764421459E-16 257.0,1.686170612010944E-17 257.0,4.7567454597625106E-17 257.0,1.1812752374541495E-17 257.0,1.7983363778152088E-16 
258.0,1.6860725585257795E-17 258.0,4.7567454597624884E-17 258.0,1.1812752374541545E-17 258.0,1.7983363993569814E-16 258.0,6.297881821797767E-17 
259.0,4.7569977884122697E-17 259.0,1.1812752374541656E-17 259.0,1.7983363993569806E-16 259.0,6.297881826653392E-17 259.0,8.873045456271926E-17 
260.0,1.1811226655547724E-17 260.0,1.7983363993569762E-16 260.0,6.297881826653393E-17 260.0,8.873045652794754E-17 260.0,2.5265538177541604E-5 
261.0,1.7983790072294806E-16 261.0,6.297881826653389E-17 261.0,8.873045652794743E-17 261.0,2.526552002417369E-5 261.0,1.862695714893461E-16 
262.0,6.297891430807461E-17 262.0,8.873045652794708E-17 262.0,2.5265520024175207E-5 262.0,1.8626957276008342E-16 262.0,3.4106565867393454E-17 
263.0,8.873434358789792E-17 263.0,2.526552002417781E-5 263.0,1.862695727600834E-16 263.0,3.410656557434791E-17 263.0,3.299950478071645E-17 
264.0,2.522961417280884E-5 264.0,1.862695727600831E-16 264.0,3.410656557434794E-17 264.0,3.299950594551948E-17 264.0,3.8005039668864566E-17 
265.0,1.8627208617673648E-16 265.0,3.410656557434796E-17 265.0,3.299950594551941E-17 265.0,3.800504051389422E-17 265.0,2.1036553861684597E-16 
266.0,3.410598595534086E-17 266.0,3.2999505945519224E-17 266.0,3.8005040513894173E-17 266.0,2.1036554115701965E-16 266.0,2.5864572841876082E-17 
267.0,3.3001809829743085E-17 267.0,3.800504051389402E-17 267.0,2.1036554115701955E-16 267.0,2.5864573056430545E-17 267.0,1.0971960884784723E-16 
268.0,3.80067119130632E-17 268.0,2.1036554115701903E-16 268.0,2.5864573056430545E-17 268.0,1.0971961066353239E-16 268.0,3.355641826147376E-5 
269.0,2.103705654137485E-16 269.0,2.5864573056430496E-17 269.0,1.0971961066353232E-16 269.0,3.35564034384438E-5 269.0,2.256559135855957E-16 
270.0,2.586499742786663E-17 270.0,1.0971961066353198E-16 270.0,3.3556403438444885E-5 270.0,2.25655915236276E-16 270.0,2.85066389874933E-17 
271.0,1.0972320194012259E-16 271.0,3.355640343844705E-5 271.0,2.2565591523627597E-16 271.0,2.850663871060656E-17 271.0,6.724634665823217E-17 
272.0,3.352708471892176E-5 272.0,2.256559152362756E-16 272.0,2.850663871060659E-17 272.0,6.724634808116827E-17 272.0,9.63974510578084E-18 
273.0,2.256591801493903E-16 273.0,2.850663871060661E-17 273.0,6.72463480811682E-17 273.0,9.639745958816554E-18 273.0,1.2792582955102909E-16 
274.0,2.8506091052269143E-17 274.0,6.724634808116795E-17 274.0,9.639745958816492E-18 274.0,1.2792583104173663E-16 274.0,5.671690443598494E-17 
275.0,6.724916253188293E-17 275.0,9.639745958816369E-18 275.0,1.2792583104173656E-16 275.0,5.67169043608288E-17 275.0,4.881510724177066E-17 
276.0,9.641433192707582E-18 276.0,1.2792583104173626E-16 276.0,5.671690436082882E-17 276.0,4.881510851137584E-17 276.0,1.3551532969148083E-5 
277.0,1.2792877953995324E-16 277.0,5.67169043608288E-17 277.0,4.8815108511375767E-17 277.0,1.3551515690194858E-5 277.0,1.4072327639299188E-16 
278.0,5.671675570939718E-17 278.0,4.8815108511375545E-17 278.0,1.3551515690196159E-5 278.0,1.407232772791121E-16 278.0,6.8028345132581925E-18 
279.0,4.881761968585283E-17 279.0,1.3551515690198761E-5 279.0,1.407232772791121E-16 279.0,6.802833975785533E-18 279.0,1.4831080160513912E-17 
280.0,1.3517339358434148E-5 280.0,1.4072327727911187E-16 280.0,6.80283397578557E-18 280.0,1.483108100095529E-17 280.0,2.819655839316656E-17 
281.0,1.407250299541672E-16 281.0,6.80283397578565E-18 281.0,1.4831081000955227E-17 281.0,2.819655912184764E-17 281.0,1.5618567697924727E-16 
282.0,6.8017708996982254E-18 282.0,1.483108100095509E-17 282.0,2.81965591218476E-17 282.0,1.5618567890479247E-16 282.0,3.2966372846639764E-17 
283.0,1.4832743324410963E-17 283.0,2.819655912184747E-17 283.0,1.561856789047924E-16 283.0,3.296637285899965E-17 283.0,1.0681527983257615E-16 
284.0,2.8198000393019326E-17 284.0,1.56185678904792E-16 284.0,3.2966372858999655E-17 284.0,1.0681528125883682E-16 284.0,5.044836132563784E-5 
285.0,1.5618948747629968E-16 285.0,3.2966372858999636E-17 285.0,1.0681528125883677E-16 285.0,5.044834347782629E-5 285.0,1.5240352216764346E-16 
286.0,3.2966397306506796E-17 286.0,1.0681528125883648E-16 286.0,5.0448343477827806E-5 286.0,1.5240352320294698E-16 286.0,3.509453138106489E-17 
287.0,1.0681810228607071E-16 287.0,5.044834347783019E-5 287.0,1.5240352320294698E-16 287.0,3.509453126701375E-17 287.0,8.043711305644028E-17 
288.0,5.041304199209515E-5 288.0,1.5240352320294673E-16 288.0,3.5094531267013774E-17 288.0,8.043711420569414E-17 288.0,2.479674611023857E-17 
289.0,1.5240557095042973E-16 289.0,3.5094531267013774E-17 289.0,8.043711420569409E-17 289.0,2.4796747046334762E-17 289.0,1.3460243013982171E-16 
290.0,3.509430568407415E-17 290.0,8.043711420569387E-17 290.0,2.47967470463347E-17 290.0,1.3460243177902675E-16 290.0,2.3880794610512283E-17 
291.0,8.04393873359692E-17 291.0,2.4796747046334553E-17 291.0,1.3460243177902668E-16 291.0,2.3880794521603986E-17 291.0,6.381916814470278E-17 
292.0,2.479859856725924E-17 292.0,1.3460243177902636E-16 292.0,2.388079452160401E-17 292.0,6.381916942015131E-17 292.0,2.348879083678571E-6 
293.0,1.3460567399307723E-16 293.0,2.3880794521604E-17 293.0,6.381916942015124E-17 293.0,2.3488670196200514E-6 293.0,1.5434483910442303E-16 
294.0,2.3880618668896146E-17 294.0,6.381916942015102E-17 294.0,2.3488670196209187E-6 294.0,1.543448400226249E-16 294.0,4.1503585804476115E-18 
295.0,6.382169215260368E-17 295.0,2.3488670196226535E-6 295.0,1.543448400226249E-16 295.0,4.150359020222633E-18 295.0,2.4370930604738275E-17 
296.0,2.325005315125363E-6 296.0,1.5434484002262465E-16 296.0,4.1503590202226025E-18 296.0,2.4370931518627902E-17 296.0,2.2518336849252872E-17 
297.0,1.5434665615282887E-16 297.0,4.150359020222541E-18 297.0,2.4370931518627847E-17 297.0,2.2518337484957702E-17 297.0,1.3128040967392956E-16 
298.0,4.151228858733793E-18 298.0,2.4370931518627693E-17 298.0,2.2518337484957665E-17 298.0,1.3128041119383915E-16 298.0,3.226610851378906E-17 
299.0,2.4372739116819996E-17 299.0,2.2518337484957554E-17 299.0,1.312804111938391E-16 299.0,3.226610843474105E-17 299.0,7.680983236975345E-17 
300.0,2.2519594856712272E-17 300.0,1.3128041119383878E-16 300.0,3.2266108434741067E-17 300.0,7.680983342193931E-17 300.0,5.4828886452237824E-5 
301.0,1.3128341745141735E-16 301.0,3.2266108434741054E-17 301.0,7.680983342193928E-17 301.0,5.482886967412442E-5 301.0,1.1460810082738887E-16 
302.0,3.226595208503015E-17 302.0,7.680983342193907E-17 302.0,5.482886967412572E-5 302.0,1.1460810150520466E-16 302.0,2.22760331027842E-17 
303.0,7.681191455972292E-17 303.0,5.482886967412832E-5 303.0,1.1460810150520466E-16 303.0,2.2276032895273706E-17 303.0,4.647435951471206E-17 
304.0,5.479568396258693E-5 304.0,1.146081015052045E-16 304.0,2.227603289527373E-17 304.0,4.64743603321859E-17 304.0,2.4276872624724825E-17 
305.0,1.1460944217088903E-16 305.0,2.227603289527375E-17 305.0,4.647436033218587E-17 305.0,2.427687337066801E-17 305.0,1.0292694962151014E-16 
306.0,2.2275622457246843E-17 306.0,4.6474360332185726E-17 306.0,2.4276873370667968E-17 306.0,1.029269509778819E-16 306.0,1.1327169717840632E-17 
307.0,4.6475977228451646E-17 307.0,2.427687337066784E-17 307.0,1.0292695097788184E-16 307.0,1.1327169648042304E-17 307.0,6.265351968692593E-17 
308.0,2.4278348784775724E-17 308.0,1.0292695097788155E-16 308.0,1.1327169648042316E-17 308.0,6.265352090187862E-17 308.0,1.5099696701580947E-6 
309.0,1.0292963377056184E-16 309.0,1.1327169648042316E-17 309.0,6.265352090187857E-17 309.0,1.5099628577928612E-6 309.0,1.4094684705965775E-16 
310.0,1.1327031592992189E-17 310.0,6.265352090187834E-17 310.0,1.5099628577932948E-6 310.0,1.409468479635878E-16 310.0,1.189826206244723E-17 
311.0,6.265592397857116E-17 311.0,1.509962857794379E-6 311.0,1.409468479635878E-16 311.0,1.1898261918910041E-17 311.0,3.6370841018406304E-17 
312.0,1.4964885658356021E-6 312.0,1.4094684796358755E-16 312.0,1.1898261918910055E-17 312.0,3.637084188731727E-17 312.0,2.781979950053547E-17 
313.0,1.4094863586501502E-16 313.0,1.1898261918910069E-17 313.0,3.6370841887317215E-17 313.0,2.7819800047964235E-17 313.0,1.07768470515041E-16 
314.0,1.1897978014537764E-17 314.0,3.637084188731707E-17 314.0,2.781980004796421E-17 314.0,1.0776847173424456E-16 314.0,3.5542529107112175E-17 
315.0,3.637256052171032E-17 315.0,2.7819800047964106E-17 315.0,1.0776847173424453E-16 315.0,3.554252917187587E-17 315.0,4.9753941808520263E-17 
316.0,2.7820882817127757E-17 316.0,1.0776847173424427E-16 316.0,3.5542529171875874E-17 316.0,4.975394260345527E-17 316.0,4.03494425757231E-5 
317.0,1.0777088321976858E-16 317.0,3.554252917187584E-17 317.0,4.975394260345524E-17 317.0,4.03494309727453E-5 317.0,1.0598322097421007E-16 
318.0,3.554265726981645E-17 318.0,4.975394260345509E-17 318.0,4.034943097274617E-5 318.0,1.059832215899395E-16 318.0,1.0659133417481384E-17 
319.0,4.975551491984385E-17 319.0,4.0349430972747794E-5 319.0,1.059832215899395E-16 319.0,1.0659133207842936E-17 319.0,2.6758074868468107E-17 
320.0,4.0326481248392624E-5 320.0,1.0598322158993934E-16 320.0,1.0659133207842957E-17 320.0,2.675807547849209E-17 320.0,3.1527060226439445E-18 
321.0,1.0598443945377834E-16 321.0,1.0659133207842982E-17 321.0,2.6758075478492057E-17 321.0,3.1527064619596828E-18 321.0,8.290209307300823E-17 
322.0,1.0658718560662154E-17 322.0,2.6758075478491955E-17 322.0,3.152706461959646E-18 322.0,8.290209409269687E-17 322.0,2.281249199744778E-17 
323.0,2.6759282055771432E-17 323.0,3.152706461959584E-18 323.0,8.290209409269684E-17 323.0,2.2812491993840773E-17 323.0,4.3344071561874026E-17 
324.0,3.153575392007796E-18 324.0,8.290209409269663E-17 324.0,2.2812491993840782E-17 324.0,4.3344072481971606E-17 324.0,8.738610239275991E-6 
325.0,8.290411095377075E-17 325.0,2.2812491993840767E-17 325.0,4.3344072481971557E-17 325.0,8.738604022652638E-6 325.0,9.448729256109326E-17 
326.0,2.2812484859960818E-17 326.0,4.334407248197139E-17 326.0,8.738604022653072E-6 326.0,9.448729318911244E-17 326.0,1.3087418708423733E-17 
327.0,4.334589235938984E-17 327.0,8.738604022653939E-6 327.0,9.448729318911243E-17 327.0,1.3087418580222618E-17 327.0,1.957757201722347E-17 
328.0,8.726308058624424E-6 328.0,9.448729318911228E-17 328.0,1.3087418580222632E-17 328.0,1.9577572596937738E-17 328.0,2.034734122907171E-17 
329.0,9.448853536081943E-17 329.0,1.3087418580222642E-17 329.0,1.95775725969377E-17 329.0,2.034734164014962E-17 329.0,9.255217313823849E-17 
330.0,1.3087165009355162E-17 330.0,1.957757259693761E-17 330.0,2.0347341640149602E-17 330.0,9.255217423253108E-17 330.0,1.7033604081770603E-17 
331.0,1.9578719223954847E-17 331.0,2.0347341640149525E-17 331.0,9.255217423253104E-17 331.0,1.7033604160418088E-17 331.0,4.605092372434369E-17 
332.0,2.0348154718497078E-17 332.0,9.255217423253082E-17 332.0,1.7033604160418088E-17 332.0,4.605092448213346E-17 332.0,2.2313952125913744E-5 
333.0,9.255433865421617E-17 333.0,1.7033604160418063E-17 333.0,4.6050924482133416E-17 333.0,2.2313945565974086E-5 333.0,9.655873113722605E-17 
334.0,1.7033759718961382E-17 334.0,4.6050924482133274E-17 334.0,2.231394556597452E-5 334.0,9.655873179823182E-17 334.0,1.1420663333167905E-17 
335.0,4.605242332823474E-17 335.0,2.2313945565975496E-5 335.0,9.655873179823182E-17 335.0,1.142066319233679E-17 335.0,2.6694120386163757E-17 
336.0,2.2300970551320356E-5 336.0,9.655873179823167E-17 336.0,1.1420663192336808E-17 336.0,2.6694120973360855E-17 336.0,4.077136274760573E-18 
337.0,9.656003921472304E-17 337.0,1.142066319233682E-17 337.0,2.6694120973360828E-17 337.0,4.0771366567873124E-18 337.0,6.112635532425248E-17 
338.0,1.1420384640347338E-17 338.0,2.6694120973360723E-17 338.0,4.077136656787288E-18 338.0,6.112635604531234E-17 338.0,2.323008470217938E-17 
339.0,2.6695282400953414E-17 339.0,4.077136656787232E-18 339.0,6.112635604531231E-17 339.0,2.3230084676521124E-17 339.0,2.5513755212194215E-17 
340.0,4.077892273993816E-18 340.0,6.112635604531216E-17 340.0,2.3230084676521134E-17 340.0,2.551375583328052E-17 340.0,6.782955353576078E-6 
341.0,6.112778224302304E-17 341.0,2.3230084676521124E-17 341.0,2.5513755833280488E-17 341.0,6.782949494368591E-6 341.0,6.740062034749962E-17 
342.0,2.3230033927113735E-17 342.0,2.5513755833280377E-17 342.0,6.782949494369024E-6 342.0,6.740062077779045E-17 342.0,5.561762602946266E-18 
343.0,2.5514984290878702E-17 343.0,6.782949494369892E-6 343.0,6.740062077779043E-17 343.0,5.561762406981252E-18 343.0,9.51815828863079E-18 
344.0,6.771360469427291E-6 344.0,6.740062077779033E-17 344.0,5.5617624069812704E-18 344.0,9.518158690171979E-18 344.0,1.4653634402747338E-17 
345.0,6.740147185865298E-17 345.0,5.561762406981295E-18 345.0,9.518158690171954E-18 345.0,1.4653634736738168E-17 345.0,7.123413382021887E-17 
346.0,5.561374804602248E-18 346.0,9.51815869017189E-18 346.0,1.465363473673815E-17 346.0,7.123413468723592E-17 346.0,1.454429740245679E-17 
347.0,9.518952905444614E-18 347.0,1.465363473673809E-17 347.0,7.12341346872359E-17 347.0,1.4544297424467648E-17 347.0,4.4925547528748524E-17 
348.0,1.465429534312597E-17 348.0,7.123413468723573E-17 348.0,1.454429742446765E-17 348.0,4.492554815965521E-17 348.0,2.2086291659956974E-5 
349.0,7.123584957638692E-17 349.0,1.454429742446764E-17 349.0,4.492554815965519E-17 349.0,2.2086285605287946E-5 349.0,7.130048050338337E-17 
350.0,1.4544340960421302E-17 350.0,4.492554815965506E-17 350.0,2.208628560528838E-5 350.0,7.130048098802498E-17 350.0,1.3065568239655724E-17 
351.0,4.492679604156437E-17 351.0,2.2086285605289356E-5 351.0,7.130048098802498E-17 351.0,1.3065568164772209E-17 351.0,3.164889539943201E-17 
352.0,2.2074309973888644E-5 352.0,7.130048098802486E-17 352.0,1.3065568164772221E-17 352.0,3.164889590136658E-17 352.0,8.90193702267486E-18 
353.0,7.13014395703323E-17 353.0,1.3065568164772224E-17 353.0,3.1648895901366555E-17 353.0,8.901937407717014E-18 353.0,5.683953608636721E-17 
354.0,1.3065420051687294E-17 354.0,3.1648895901366456E-17 354.0,8.901937407716993E-18 354.0,5.683953676982749E-17 354.0,1.3242162909417823E-17 
355.0,3.164988868684999E-17 355.0,8.901937407716934E-18 355.0,5.683953676982746E-17 355.0,1.3242162874461178E-17 355.0,2.5682486431775318E-17 
356.0,8.902698989270872E-18 356.0,5.683953676982733E-17 356.0,1.3242162874461188E-17 356.0,2.5682486976972337E-17 356.0,2.7400175799209624E-6 
357.0,5.684088859863585E-17 357.0,1.3242162874461184E-17 357.0,2.568248697697231E-17 357.0,2.7400131046502224E-6 357.0,6.411659751726777E-17 
358.0,1.324209373340285E-17 358.0,2.5682486976972214E-17 358.0,2.7400131046505477E-6 358.0,6.411659790266406E-17 358.0,1.942392028144342E-19 
359.0,2.5683565331876523E-17 359.0,2.7400131046512524E-6 359.0,6.411659790266406E-17 359.0,1.942390221087601E-19 359.0,9.647981872557942E-18 
360.0,2.7311613913050085E-6 360.0,6.411659790266396E-17 360.0,1.9423902210877243E-19 360.0,9.647982247575471E-18 360.0,1.092065986719257E-17 
361.0,6.411736018581798E-17 361.0,1.9423902210880016E-19 361.0,9.64798224757545E-18 361.0,1.0920660148967463E-17 361.0,5.76530452991585E-17 
362.0,1.9388160131958055E-19 362.0,9.647982247575388E-18 362.0,1.0920660148967447E-17 362.0,5.765304597892536E-17 362.0,1.3751512484959048E-17 
363.0,9.648724001262791E-18 363.0,1.0920660148967398E-17 363.0,5.765304597892533E-17 363.0,1.3751512467666167E-17 363.0,3.500054548972355E-17 
364.0,1.0921217476499031E-17 364.0,5.76530459789252E-17 364.0,1.3751512467666173E-17 364.0,3.500054597114807E-17 364.0,2.3201004465190625E-5 
365.0,5.765439050246822E-17 365.0,1.3751512467666167E-17 365.0,3.500054597114805E-17 365.0,2.320099880519195E-5 365.0,5.29006502528482E-17 
366.0,1.3751478264069793E-17 366.0,3.500054597114796E-17 366.0,2.3200998805192384E-5 366.0,5.2900650578926715E-17 366.0,9.628567850518598E-18 
367.0,3.5001498189550044E-17 367.0,2.3200998805193197E-5 367.0,5.290065057892671E-17 367.0,9.628567765502418E-18 367.0,2.2364985810044862E-17 
368.0,2.3189803799006804E-5 368.0,5.290065057892663E-17 368.0,9.62856776550243E-18 368.0,2.2364986187730442E-17 368.0,9.841491929212607E-18 
369.0,5.2901295536220665E-17 369.0,9.628567765502435E-18 369.0,2.2364986187730426E-17 369.0,9.841492254385328E-18 369.0,4.5622927027910295E-17 
370.0,9.628399610775863E-18 370.0,2.2364986187730353E-17 370.0,9.84149225438531E-18 370.0,4.5622927611492225E-17 370.0,7.239128599686854E-18 
371.0,2.2365733218871882E-17 371.0,9.841492254385254E-18 371.0,4.56229276114922E-17 371.0,7.239128571952397E-18 371.0,2.535479205561423E-17 
372.0,9.84213541919281E-18 372.0,4.5622927611492083E-17 372.0,7.239128571952402E-18 372.0,2.535479255944032E-17 372.0,1.392160592177241E-6 
373.0,4.562408188897737E-17 373.0,7.239128571952402E-18 373.0,2.5354792559440295E-17 373.0,1.3921577742682218E-6 373.0,5.86171321369313E-17 
374.0,7.239073715657494E-18 374.0,2.5354792559440205E-17 374.0,1.3921577742684115E-6 374.0,5.861713250432392E-17 374.0,3.5194094044153765E-18 
375.0,2.5355789086086822E-17 375.0,1.392157774268818E-6 375.0,5.861713250432392E-17 375.0,3.519409315264874E-18 375.0,1.326919853099394E-17 
376.0,1.386584184583713E-6 376.0,5.861713250432382E-17 376.0,3.519409315264882E-18 376.0,1.3269198885497874E-17 376.0,1.1743920681116898E-17 
377.0,5.8617859177625E-17 377.0,3.5194093152648944E-18 377.0,1.3269198885497853E-17 377.0,1.1743920921752375E-17 377.0,4.698648501285123E-17 
378.0,3.519232983060115E-18 378.0,1.3269198885497791E-17 378.0,1.1743920921752366E-17 378.0,4.698648555218915E-17 378.0,1.4439495792957058E-17 
379.0,1.3269900065071306E-17 379.0,1.1743920921752321E-17 379.0,4.698648555218913E-17 379.0,1.443949580884076E-17 379.0,2.375222279895881E-17 
380.0,1.1744396878963246E-17 380.0,4.698648555218902E-17 380.0,1.4439495808840766E-17 380.0,2.3752223160768813E-17 380.0,1.8832541417433657E-5 
381.0,4.6987552318721265E-17 381.0,1.4439495808840754E-17 381.0,2.3752223160768797E-17 381.0,1.883253713742193E-5 381.0,4.5026699701721897E-17 
382.0,1.4439527225788747E-17 382.0,2.3752223160768726E-17 382.0,1.88325371374222E-5 382.0,4.5026699966015044E-17 382.0,5.2365670788178104E-18 
383.0,2.3752938791361208E-17 383.0,1.883253713742285E-5 383.0,4.5026699966015044E-17 383.0,5.236566991665285E-18 383.0,1.3751491623286356E-17 
384.0,1.8824071630512253E-5 384.0,4.5026699966014976E-17 384.0,5.236566991665296E-18 384.0,1.3751491904213106E-17 384.0,3.490759613841892E-18 
385.0,4.502722271682602E-17 385.0,5.236566991665305E-18 385.0,1.3751491904213089E-17 385.0,3.490759829168292E-18 385.0,3.646658404357624E-17 
386.0,5.236394611330881E-18 386.0,1.375149190421304E-17 386.0,3.490759829168277E-18 386.0,3.646658449698873E-17 386.0,8.77631817584278E-18 
387.0,1.3752047554249366E-17 387.0,3.490759829168243E-18 387.0,3.6466584496988713E-17 387.0,8.77631816793529E-18 387.0,1.9512189168971982E-17 
388.0,3.491185726950508E-18 388.0,3.646658449698862E-17 388.0,8.776318167935295E-18 388.0,1.951218957492256E-17 388.0,3.134746630280592E-6 
389.0,3.646748130994506E-17 389.0,8.77631816793529E-18 389.0,1.9512189574922534E-17 389.0,3.1347443789524806E-6 389.0,4.3040420217620584E-17 
390.0,8.776302527763713E-18 390.0,1.9512189574922463E-17 390.0,3.1347443789526703E-6 390.0,4.304042049640624E-17 390.0,4.6517927738855406E-18 
391.0,1.951299251180991E-17 391.0,3.1347443789529956E-6 391.0,4.304042049640624E-17 391.0,4.651792711739343E-18 391.0,9.1510926630811E-18 
392.0,3.1302914392895907E-6 392.0,4.304042049640617E-17 392.0,4.65179271173935E-18 392.0,9.151092924399749E-18 392.0,9.485071228694456E-18 
393.0,4.3040971912149644E-17 393.0,4.6517927117393566E-18 393.0,9.151092924399733E-18 393.0,9.485071415886245E-18 393.0,3.946113619130369E-17 
394.0,4.651669791828035E-18 394.0,9.151092924399689E-18 394.0,9.485071415886236E-18 394.0,3.946113665375703E-17 394.0,9.071165351275564E-18 
395.0,9.151609791144012E-18 395.0,9.485071415886204E-18 395.0,3.9461136653757016E-17 395.0,9.071165380247299E-18 395.0,1.9979867804710802E-17 
396.0,9.485441665882284E-18 396.0,3.946113665375692E-17 396.0,9.0711653802473E-18 396.0,1.9979868124809347E-17 396.0,1.1960231150108102E-5 
397.0,3.946205134883619E-17 397.0,9.07116538024729E-18 397.0,1.9979868124809332E-17 397.0,1.1960228460426996E-5 397.0,4.0059369515961525E-17 
398.0,9.071222684118441E-18 398.0,1.997986812480927E-17 398.0,1.1960228460427213E-5 398.0,4.005936977811975E-17 398.0,4.491283378248102E-18 
399.0,1.9980501253534546E-17 399.0,1.1960228460427592E-5 399.0,4.005936977811975E-17 399.0,4.49128331135426E-18 399.0,1.1349961669230281E-17 
400.0,1.1954908495152318E-5 400.0,4.005936977811968E-17 400.0,4.491283311354267E-18 400.0,1.1349961914894756E-17 400.0,2.191835306562465E-18 
401.0,4.0059888306126013E-17 401.0,4.4912833113542734E-18 401.0,1.1349961914894742E-17 401.0,2.1918354758619824E-18 401.0,2.7530972572531296E-17 
402.0,4.491151000992598E-18 402.0,1.1349961914894699E-17 402.0,2.1918354758619716E-18 402.0,2.7530972902921722E-17 402.0,9.358933597794349E-18 
403.0,1.1350447819033334E-17 403.0,2.1918354758619454E-18 403.0,2.753097290292171E-17 403.0,9.358933588977606E-18 403.0,1.2721954018914878E-17 
404.0,2.1921703362726012E-18 404.0,2.7530972902921645E-17 404.0,9.35893358897761E-18 404.0,1.2721954308615513E-17 404.0,2.9410099709374713E-6 
405.0,2.7531626388289397E-17 405.0,9.358933588977605E-18 405.0,1.2721954308615498E-17 405.0,2.9410079489042144E-6 405.0,3.090775328445852E-17 
406.0,9.358916150390931E-18 406.0,1.2721954308615447E-17 406.0,2.941007948904377E-6 406.0,3.0907753482639956E-17 406.0,2.6999448444178773E-18 
407.0,1.2722527312645875E-17 407.0,2.941007948904675E-6 407.0,3.0907753482639956E-17 407.0,2.6999447696630243E-18 407.0,5.172453310883409E-18 
408.0,2.9370085353751002E-6 408.0,3.0907753482639906E-17 408.0,2.6999447696630297E-18 408.0,5.172453495868516E-18 408.0,7.001206011230817E-18 
409.0,3.0908145469679125E-17 409.0,2.699944769663039E-18 409.0,5.1724534958685055E-18 409.0,7.001206159385224E-18 409.0,3.100950348810073E-17 
410.0,2.6997969108372913E-18 410.0,5.172453495868473E-18 410.0,7.001206159385216E-18 410.0,3.100950386156164E-17 410.0,6.748035290902611E-18 
411.0,5.172819381135312E-18 411.0,7.001206159385189E-18 411.0,3.100950386156163E-17 411.0,6.748035305114833E-18 411.0,1.854314417313389E-17 
412.0,7.001499196629971E-18 412.0,3.1009503861561554E-17 412.0,6.7480353051148356E-18 412.0,1.854314444325074E-17 412.0,9.885507072502833E-6 
413.0,3.101024253684039E-17 413.0,6.748035305114829E-18 413.0,1.8543144443250726E-17 413.0,9.88550490308522E-6 413.0,3.118706664881995E-17 
414.0,6.748063415851509E-18 414.0,1.8543144443250676E-17 414.0,9.88550490308541E-6 414.0,3.1187066857418515E-17 414.0,4.729760414307407E-18 
415.0,1.8543678712306557E-17 415.0,9.885504903085708E-6 415.0,3.1187066857418515E-17 415.0,4.7297603730649434E-18 415.0,1.225675721956501E-17 
416.0,9.881213975742746E-6 416.0,3.1187066857418465E-17 416.0,4.7297603730649496E-18 416.0,1.225675743071659E-17 416.0,3.263936817558404E-18 
417.0,3.11874794486948E-17 417.0,4.729760373064952E-18 417.0,1.225675743071658E-17 417.0,3.2639369752703635E-18 417.0,2.387550010269602E-17 
418.0,4.729678799002972E-18 418.0,1.2256757430716542E-17 418.0,3.2639369752703528E-18 418.0,2.3875500388229737E-17 418.0,6.305557151700988E-18 
419.0,1.2257175071239883E-17 419.0,3.263936975270328E-18 419.0,2.3875500388229728E-17 419.0,6.305557139140293E-18 419.0,1.0715710057164601E-17 
420.0,3.264248916477921E-18 420.0,2.387550038822967E-17 420.0,6.305557139140298E-18 420.0,1.0715710291631315E-17 420.0,1.659354156463642E-6 
421.0,2.3876065150680447E-17 421.0,6.305557139140294E-18 421.0,1.0715710291631301E-17 421.0,1.6593525350387238E-6 421.0,2.6609630066801895E-17 
422.0,6.3055322952637064E-18 422.0,1.0715710291631261E-17 422.0,1.6593525350388323E-6 422.0,2.6609630229081504E-17 422.0,6.533024450132331E-19 
423.0,1.0716174047516721E-17 423.0,1.6593525350390762E-6 423.0,2.6609630229081504E-17 423.0,6.533023717707667E-19 423.0,4.120443973923545E-18 
424.0,1.6561454914445475E-6 424.0,2.660963022908146E-17 424.0,6.533023717707721E-19 424.0,4.120444130268794E-18 424.0,5.153900012564336E-18 
425.0,2.660995120520748E-17 425.0,6.533023717707821E-19 425.0,4.120444130268783E-18 425.0,5.1539001345574406E-18 425.0,2.4705569143899575E-17 
426.0,6.531575042777759E-19 426.0,4.120444130268758E-18 426.0,5.1539001345574344E-18 426.0,2.4705569437383137E-17 426.0,5.909247057414952E-18 
427.0,4.120753368252201E-18 427.0,5.153900134557413E-18 427.0,2.4705569437383125E-17 427.0,5.909247056836123E-18 427.0,1.520014093386288E-17 
428.0,5.154141426882323E-18 428.0,2.4705569437383066E-17 428.0,5.909247056836125E-18 428.0,1.5200141145639195E-17 428.0,9.592195675103805E-6 
429.0,2.4706149923980647E-17 429.0,5.909247056836121E-18 429.0,1.520014114563919E-17 429.0,9.592193733772892E-6 429.0,2.345438666663309E-17 
430.0,5.909245912083925E-18 430.0,1.520014114563915E-17 430.0,9.592193733773028E-6 430.0,2.3454386814983927E-17 430.0,3.880401057493345E-18 
431.0,1.520056002190348E-17 431.0,9.592193733773326E-6 431.0,2.3454386814983924E-17 431.0,3.880401020775294E-18 431.0,9.665771016895097E-18 
432.0,9.588353942857896E-6 432.0,2.3454386814983887E-17 432.0,3.880401020775298E-18 432.0,9.665771181614895E-18 432.0,3.716196586507887E-18 
433.0,2.345468024109287E-17 433.0,3.8804010207753014E-18 433.0,9.665771181614886E-18 433.0,3.716196722650425E-18 433.0,1.9443428067235673E-17 
434.0,3.88032839560322E-18 434.0,9.665771181614855E-18 434.0,3.716196722650417E-18 434.0,1.9443428310154003E-17 434.0,3.795178365501515E-18 
435.0,9.666096983875703E-18 435.0,3.716196722650394E-18 435.0,1.9443428310153993E-17 435.0,3.7951783538970656E-18 435.0,1.0119112321328796E-17 
436.0,3.716466001344535E-18 436.0,1.9443428310153944E-17 436.0,3.795178353897069E-18 436.0,1.0119112528705836E-17 436.0,9.12100259297386E-7 
437.0,1.944390878281604E-17 437.0,3.795178353897068E-18 437.0,1.0119112528705824E-17 437.0,9.12099151274465E-7 437.0,2.386734816591688E-17 
438.0,3.795155401341768E-18 438.0,1.0119112528705788E-17 438.0,9.120991512745599E-7 438.0,2.3867348313460525E-17 438.0,1.1291677158542482E-18 
439.0,1.0119522703458476E-17 439.0,9.120991512747225E-7 439.0,2.3867348313460525E-17 439.0,1.1291676706273418E-18 439.0,4.8903524708991E-18 
440.0,9.099075741414648E-7 440.0,2.3867348313460488E-17 440.0,1.129167670627345E-18 440.0,4.890352613592065E-18 440.0,4.853505160897301E-18 
441.0,2.3867640143022546E-17 441.0,1.129167670627351E-18 441.0,4.890352613592056E-18 441.0,4.853505263207998E-18 441.0,1.9875902389921705E-17 
442.0,1.1290782155916667E-18 442.0,4.890352613592033E-18 442.0,4.853505263207992E-18 442.0,1.9875902621046602E-17 442.0,5.819564842032347E-18 
443.0,4.890634848511533E-18 443.0,4.853505263207974E-18 443.0,1.9875902621046592E-17 443.0,5.819564846630014E-18 443.0,1.0910830066929734E-17 
444.0,4.8537076253573965E-18 444.0,1.9875902621046546E-17 444.0,5.819564846630015E-18 444.0,1.0910830226961793E-17 444.0,8.16033845084339E-6 
445.0,1.9876359767290696E-17 445.0,5.819564846630011E-18 445.0,1.0910830226961786E-17 445.0,8.160336908298328E-6 445.0,1.9066391881784374E-17 
446.0,5.819573940556759E-18 446.0,1.0910830226961755E-17 446.0,8.160336908298436E-6 446.0,1.9066391995291628E-17 446.0,2.3875778990886456E-18 
447.0,1.0911146757294161E-17 447.0,8.160336908298653E-6 447.0,1.906639199529163E-17 447.0,2.3875778629499025E-18 447.0,6.5049241083671435E-18 
448.0,8.157285882616391E-6 448.0,1.90663919952916E-17 448.0,2.387577862949906E-18 448.0,6.504924232275841E-18 448.0,1.8838346759116725E-18 
449.0,1.90666165036093E-17 449.0,2.3875778629499102E-18 449.0,6.504924232275835E-18 449.0,1.8838347735502124E-18 449.0,1.5547530489583276E-17 
450.0,2.387506383571623E-18 450.0,6.504924232275811E-18 450.0,1.8838347735502054E-18 450.0,1.5547530682765578E-17 450.0,3.653179880168797E-18 
451.0,6.505169313511707E-18 451.0,1.8838347735501892E-18 451.0,1.554753068276557E-17 451.0,3.653179875969279E-18 451.0,8.215777476089808E-18 
452.0,1.88402789450139E-18 452.0,1.554753068276553E-17 452.0,3.653179875969281E-18 452.0,8.215777646907027E-18 452.0,1.203262989631776E-6 
453.0,1.554791278161333E-17 453.0,3.653179875969279E-18 453.0,8.215777646907018E-18 453.0,1.2032621521182322E-6 453.0,1.8579768308139492E-17 
454.0,3.653171569747627E-18 454.0,8.215777646906989E-18 454.0,1.2032621521182864E-6 454.0,1.8579768425699007E-17 454.0,1.6165980869564624E-18 
455.0,8.216115509336241E-18 455.0,1.2032621521184083E-6 455.0,1.8579768425699004E-17 455.0,1.616598056986255E-18 455.0,3.9183333912890885E-18 
456.0,1.2016056199813874E-6 456.0,1.8579768425698977E-17 456.0,1.6165980569862577E-18 456.0,3.918333503356857E-18 456.0,4.066975243069768E-18 
457.0,1.858000094903476E-17 457.0,1.6165980569862611E-18 457.0,3.9183335033568504E-18 457.0,4.066975323641364E-18 457.0,1.6382240209999202E-17 
458.0,1.6165387784417634E-18 458.0,3.918333503356833E-18 458.0,4.06697532364136E-18 458.0,1.6382240401702112E-17 458.0,4.1778159947249096E-18 
459.0,3.918555164166737E-18 459.0,4.066975323641346E-18 459.0,1.6382240401702106E-17 459.0,4.1778160041930046E-18 459.0,8.54997920949495E-18 
460.0,4.0671346876443265E-18 460.0,1.6382240401702066E-17 460.0,4.177816004193006E-18 460.0,8.54997934301206E-18 460.0,5.703682545283635E-6 
461.0,1.6382619574459206E-17 461.0,4.1778160041930015E-18 461.0,8.549979343012056E-18 461.0,5.703681495399497E-6 461.0,1.6372615025467135E-17 
462.0,4.177834731386422E-18 462.0,8.54997934301203E-18 462.0,5.703681495399592E-6 462.0,1.6372615128592918E-17 462.0,1.8633570115159427E-18 
463.0,8.550243428930793E-18 463.0,5.703681495399741E-6 463.0,1.6372615128592918E-17 463.0,1.863356982377258E-18 463.0,4.921467744970541E-18 
464.0,5.701604912032173E-6 464.0,1.6372615128592893E-17 464.0,1.8633569823772605E-18 464.0,4.921467847761081E-18 464.0,1.1091862031520711E-18 
465.0,1.6372819103164497E-17 465.0,1.863356982377264E-18 465.0,4.921467847761075E-18 465.0,1.1091862775085516E-18 465.0,1.1928290982658221E-17 
466.0,1.8632993485210082E-18 466.0,4.921467847761057E-18 466.0,1.1091862775085462E-18 466.0,1.192829112695609E-17 466.0,3.681255283278608E-18 
467.0,4.921671159004707E-18 467.0,1.1091862775085354E-18 467.0,1.1928291126956086E-17 467.0,3.6812552797356054E-18 467.0,5.755858706469205E-18 
468.0,1.1093333484660375E-18 468.0,1.1928291126956057E-17 468.0,3.681255279735607E-18 468.0,5.755858833656081E-18 468.0,1.2022917104858108E-6 
469.0,1.1928576536395215E-17 469.0,3.6812552797356054E-18 469.0,5.755858833656074E-18 469.0,1.2022909976159841E-6 469.0,1.3578402304292159E-17 
470.0,3.6812482720482186E-18 470.0,5.755858833656051E-18 470.0,1.2022909976160316E-6 470.0,1.3578402390123168E-17 470.0,1.2689386413978036E-18 
471.0,5.756110398840264E-18 471.0,1.20229099761614E-6 471.0,1.3578402390123168E-17 471.0,1.2689386126885006E-18 471.0,2.499603399628071E-18 
472.0,1.2008810004167592E-6 472.0,1.3578402390123146E-17 472.0,1.2689386126885033E-18 472.0,2.499603481180593E-18 472.0,3.1396246008593825E-18 
473.0,1.357857215700655E-17 473.0,1.2689386126885068E-18 473.0,2.4996034811805883E-18 473.0,3.139624664658045E-18 473.0,1.300242451270692E-17 
474.0,1.2688818281013656E-18 474.0,2.4996034811805745E-18 474.0,3.1396246646580406E-18 474.0,1.3002424668042507E-17 474.0,3.1072422681436314E-18 
475.0,2.499764785340887E-18 475.0,3.13962466465803E-18 475.0,1.30024246680425E-17 475.0,3.1072422751580374E-18 475.0,7.526739974384471E-18 
476.0,3.1397508531713524E-18 476.0,1.300242466804247E-17 476.0,3.1072422751580385E-18 476.0,7.526740086408482E-18 476.0,4.402563238830023E-6 
477.0,1.3002731909187524E-17 477.0,3.1072422751580355E-18 477.0,7.526740086408478E-18 477.0,4.4025624401352535E-6 477.0,1.3110236883228583E-17 
478.0,3.107256149135805E-18 478.0,7.526740086408456E-18 478.0,4.402562440135308E-6 478.0,1.311023696867383E-17 478.0,1.8173238015905902E-18 
479.0,7.526961660744394E-18 479.0,4.40256244013543E-6 479.0,1.3110236968673828E-17 479.0,1.8173237820458502E-18 479.0,4.770185958043097E-18 
480.0,4.400982688393954E-6 480.0,1.3110236968673808E-17 480.0,1.8173237820458526E-18 480.0,4.770186045002331E-18 480.0,1.2385768837069028E-18 
481.0,1.3110405972539787E-17 481.0,1.817323782045854E-18 481.0,4.770186045002327E-18 481.0,1.2385769480431226E-18 481.0,9.86645646548526E-18 
482.0,1.817285124213659E-18 482.0,4.7701860450023115E-18 482.0,1.238576948043118E-18 482.0,9.866456583736793E-18 482.0,2.817131769143291E-18 
483.0,4.770358043234859E-18 483.0,1.238576948043108E-18 483.0,9.86645658373679E-18 483.0,2.8171317649548226E-18 483.0,4.551693074038127E-18 
484.0,1.2387041997595529E-18 484.0,9.866456583736765E-18 484.0,2.817131764954824E-18 484.0,4.5516931740375336E-18 484.0,8.197414994930865E-7 
485.0,9.86669047564357E-18 485.0,2.817131764954823E-18 485.0,4.551693174037529E-18 485.0,8.197409171852978E-7 485.0,1.1067088982336492E-17 
486.0,2.817123480571106E-18 486.0,4.551693174037511E-18 486.0,8.197409171853385E-7 486.0,1.106708905001778E-17 486.0,5.549313737490938E-19 
487.0,4.551890964644303E-18 487.0,8.197409171854198E-7 487.0,1.106708905001778E-17 487.0,5.549313461114675E-19 487.0,1.8022967543371878E-18 
488.0,8.185891608160855E-7 488.0,1.1067089050017762E-17 488.0,5.549313461114695E-19 488.0,1.8022968196405634E-18 488.0,2.3249394197068977E-18 
489.0,1.1067222918208429E-17 489.0,5.549313461114733E-19 489.0,1.8022968196405595E-18 489.0,2.32493947124143E-18 489.0,1.0272314928329544E-17 
490.0,5.548766811966783E-19 490.0,1.8022968196405487E-18 490.0,2.3249394712414276E-18 490.0,1.0272315050826577E-17 490.0,2.488741495950949E-18 
491.0,1.8024259843233687E-18 491.0,2.324939471241418E-18 491.0,1.0272315050826572E-17 491.0,2.4887414972267E-18 491.0,6.306470671583503E-18 
492.0,2.3250414023092563E-18 492.0,1.0272315050826548E-17 492.0,2.488741497226701E-18 492.0,6.306470761075397E-18 492.0,3.949611120522262E-6 
493.0,1.0272557339983478E-17 493.0,2.4887414972266996E-18 493.0,6.306470761075394E-18 493.0,3.949610440987098E-6 493.0,9.99332173580857E-18 
494.0,2.4887440206088696E-18 494.0,6.306470761075376E-18 494.0,3.949610440987146E-6 494.0,9.993321799162213E-18 494.0,1.5793032190359812E-18 
495.0,6.306647768734623E-18 495.0,3.949610440987247E-6 495.0,9.993321799162213E-18 495.0,1.5793032034724945E-18 495.0,3.986375256580164E-18 
496.0,3.9482663770403224E-6 496.0,9.993321799162197E-18 496.0,1.5793032034724963E-18 496.0,3.986375325921128E-18 496.0,1.4007434022073793E-18 
497.0,9.993447107610342E-18 497.0,1.5793032034724978E-18 497.0,3.986375325921125E-18 497.0,1.4007434578019941E-18 497.0,8.034540598388922E-18 
498.0,1.5792724202231548E-18 498.0,3.986375325921113E-18 498.0,1.400743457801991E-18 498.0,8.034540697318955E-18 498.0,1.8514052108484405E-18 
499.0,3.9865124766658815E-18 499.0,1.4007434578019814E-18 499.0,8.03454069731895E-18 499.0,1.8514052068504322E-18 499.0,4.0638640604848216E-18 
500.0,1.4008534193571023E-18 500.0,8.03454069731893E-18 500.0,1.8514052068504334E-18 500.0,4.063864145423417E-18 500.0,4.987827618409011E-7 
501.0,8.034736372862654E-18 501.0,1.8514052068504326E-18 501.0,4.063864145423412E-18 501.0,4.987823400568877E-7 501.0,9.594079404712606E-18 
502.0,1.8513972991618114E-18 502.0,4.063864145423396E-18 502.0,4.987823400569148E-7 502.0,9.594079463362101E-18 502.0,4.70908158123886E-19 
503.0,4.064032146985219E-18 503.0,4.987823400569758E-7 503.0,9.594079463362101E-18 503.0,4.709081382795408E-19 503.0,1.8347217833195542E-18 
504.0,4.979480863592361E-7 504.0,9.594079463362086E-18 504.0,4.709081382795422E-19 504.0,1.8347218402839293E-18 504.0,2.0567192002484924E-18 
505.0,9.594195467388499E-18 505.0,4.709081382795451E-19 505.0,1.834721840283926E-18 505.0,2.056719242994746E-18 505.0,8.2443303057297E-18 
506.0,4.708688878248094E-19 506.0,1.834721840283917E-18 506.0,2.0567192429947436E-18 506.0,8.244330402324717E-18 506.0,2.3113742652385067E-18 
507.0,1.8348345111198393E-18 507.0,2.056719242994735E-18 507.0,8.244330402324714E-18 507.0,2.3113742669193217E-18 507.0,4.715618206011723E-18 
508.0,2.056803791572263E-18 508.0,8.244330402324694E-18 508.0,2.3113742669193224E-18 508.0,4.715618274439465E-18 508.0,3.399390946975428E-6 
509.0,8.24452145940892E-18 509.0,2.311374266919321E-18 509.0,4.715618274439462E-18 509.0,3.3993903959678783E-6 509.0,7.964742936989664E-18 
510.0,2.3113775914805635E-18 510.0,4.715618274439449E-18 510.0,3.399390395967919E-6 510.0,7.964742985205685E-18 510.0,1.0545708085493679E-18 
511.0,4.715753618921456E-18 511.0,3.3993903959680003E-6 511.0,7.964742985205685E-18 511.0,1.0545707942637923E-18 511.0,2.8638268452816282E-18 
