Number Of States,Error Norm_2
Darker Curves --> Richer Base System
Double Loop Timing
30.0,0.653616172665352 30.0,0.6497132079029592 30.0,0.6125250159468313 30.0,0.5716028914835726 30.0,0.5173247430437866 30.0,0.48739819450769045 30.0,0.3851929800864421 30.0,0.3870665887731425 30.0,0.3871235401889641 30.0,0.38718370442471467 
32.0,0.5734078300329191 32.0,0.5734078300329181 32.0,0.573509008432445 32.0,0.5383121875956316 32.0,0.48041720954760186 32.0,0.4380462014418572 32.0,0.3397381635900595 32.0,0.3414149380686608 32.0,0.3414912389270537 32.0,0.341542126020405 
34.0,0.363392385008252 34.0,0.3633923866145434 34.0,0.3216242361280568 34.0,0.2620770436490536 34.0,0.255274322988047 34.0,0.12974130372645842 34.0,0.11613838450606928 34.0,0.11721266088909292 34.0,0.11757156962464507 34.0,0.11768327643512927 
35.0,0.3633923889334729 35.0,0.36339238205851965 35.0,0.2700112097808035 35.0,0.2620769659278707 35.0,0.25527424733529497 35.0,0.12974122325514012 35.0,0.11613830630178802 35.0,0.11721258146006286 35.0,0.11757149008645817 35.0,0.11768319687302067 
40.0,0.2611317384554869 40.0,0.2611317384554699 40.0,0.2611427672983974 40.0,0.2620769457590587 40.0,0.25527422770324537 40.0,0.12974120237266154 40.0,0.1161382860076111 40.0,0.1172125608480609 40.0,0.11757146944612984 40.0,0.11768317622648461 
45.0,0.20755061290056737 45.0,0.23842208116054361 45.0,0.19705057518137706 45.0,0.1844023871485992 45.0,0.136531234859086 45.0,0.08503699340896977 45.0,0.08650655670330426 45.0,0.08227457330024886 45.0,0.08387341704212083 45.0,0.08401459933034074 
50.0,0.17578319221109465 50.0,0.1757831680697697 50.0,0.1739372124784586 50.0,0.13364395192604595 50.0,0.12072137701162265 50.0,0.07027841330275075 50.0,0.0710912002287585 50.0,0.06767271809549762 50.0,0.06929386555954983 50.0,0.06961593643634847 
