Number Of States,Error Norm_2
Darker Curves --> Richer Base System
Double Loop Timing
30.0,0.6176624078779376 30.0,0.7110488371543501 30.0,0.5864644105807737 30.0,0.5501785509590402 30.0,0.4917955643175189 30.0,0.4584227685939711 30.0,0.36986987534486737 30.0,0.37031497399307706 30.0,0.3701536545365335 30.0,0.3701805049381103 
32.0,0.5601401404378271 32.0,0.5601401404377225 32.0,0.5602654989341437 32.0,0.5282178826241823 32.0,0.46729520884652825 32.0,0.4253316478758688 32.0,0.3395326117097344 32.0,0.34006696834245426 32.0,0.33988731995000876 32.0,0.33991467804639935 
34.0,0.3580948096099723 34.0,0.35809481839586516 34.0,0.37226668698499504 34.0,0.25035942578360565 34.0,0.24638041548720258 34.0,0.12737166293088945 34.0,0.11315840459552852 34.0,0.1131721623495615 34.0,0.11285761820706916 34.0,0.11288777657326898 
35.0,0.3580948211075811 35.0,0.3580948185721106 35.0,0.2649809938329217 35.0,0.25035820626049327 35.0,0.24637923719491844 35.0,0.12737039146467338 35.0,0.11315716717032774 35.0,0.11317091548426389 35.0,0.11285636883985149 35.0,0.1128865272234302 
40.0,0.24953090436604847 40.0,0.24953090436590822 40.0,0.24953779197595571 40.0,0.25035790505617167 40.0,0.24637894617400616 40.0,0.12737007743116882 40.0,0.11315686154445338 40.0,0.11317060752682416 40.0,0.11285606026447402 40.0,0.11288621865234498 
45.0,0.22362474228310392 45.0,0.2954009366217828 45.0,0.19436469194017128 45.0,0.17563622841857804 45.0,0.12165946563180939 45.0,0.0800731495977541 45.0,0.08118864084445837 45.0,0.07828099324057951 45.0,0.07747340017312931 45.0,0.07751476077215888 
50.0,0.16981247111255113 50.0,0.16981213658696584 50.0,0.17210963695304732 50.0,0.11921057559842911 50.0,0.10744295370360141 50.0,0.06221308359593614 50.0,0.06302402838356988 50.0,0.060243379889714406 50.0,0.059425114004663035 50.0,0.05947078662879547 
