X:log(Data) Y:naive v.s different bases,
25.0,1.638689184346731E-13 25.0,0.0025909535647908877 25.0,0.06411125420671948 25.0,0.0581604905537112 25.0,-0.14029707193949514 25.0,-0.17730463208782732 25.0,-0.15562720322898838 25.0,-0.15226408382006562 
50.0,8.126832540256146E-14 50.0,0.011214976892897799 50.0,0.019561568190817114 50.0,0.02090748213369742 50.0,0.004419596613231547 50.0,0.002947896195018118 50.0,-0.07595299368107888 50.0,-0.08892753070540993 
100.0,8.024136910478319E-14 100.0,4.926558567543704E-4 100.0,-2.7123464223946514E-4 100.0,0.012245925114893197 100.0,-0.0014879520048655115 100.0,0.002549493750788445 100.0,-0.010317366327591282 100.0,-0.023605556100127073 
200.0,5.3235194030776256E-14 200.0,-2.623671730134225E-5 200.0,-5.556188606248569E-4 200.0,-6.298490133974932E-4 200.0,0.020226803223090895 200.0,0.007690612432371707 200.0,-0.028059566700473465 200.0,-0.033497032468062654 
500.0,1.7830181775480014E-13 500.0,0.0019482603920458474 500.0,0.001962647127953021 500.0,0.005512697204873629 500.0,0.007397317560744049 500.0,0.0123700684467839 500.0,0.025862239578076346 500.0,0.022248829702192552 
1000.0,2.9476421303797906E-14 1000.0,1.843064959879473E-4 1000.0,1.129371338458654E-4 1000.0,-3.389201121982155E-4 1000.0,0.0010559366398648282 1000.0,0.0029048445955178054 1000.0,-0.019192621912343118 1000.0,-0.023322837428129524 
2000.0,8.242018179061006E-14 2000.0,3.40963749563411E-5 2000.0,6.889530696645163E-5 2000.0,2.2379056525506646E-4 2000.0,-4.453933637195151E-4 2000.0,0.0042428339234188844 2000.0,0.016645016911369735 2000.0,0.012624059013223568 
4000.0,3.315403507286874E-14 4000.0,4.189496634933454E-5 4000.0,2.52008069180909E-5 4000.0,-1.0204852662110131E-4 4000.0,-5.871396562058678E-4 4000.0,-9.121837677513872E-4 4000.0,0.003876708550977187 4000.0,0.0017697774423413304 
8000.0,1.186550857568136E-14 8000.0,1.3285412939767482E-6 8000.0,1.236558076007227E-6 8000.0,-2.7833324719277186E-5 8000.0,3.4273588074932096E-4 8000.0,9.254250470297938E-4 8000.0,-0.003272623096129707 8000.0,-0.0029597633513746315 
16000.0,2.5961871541468895E-14 16000.0,6.848070785233848E-6 16000.0,6.973145434248373E-6 16000.0,8.853128676945127E-5 16000.0,-5.858624351017666E-5 16000.0,7.527443506419734E-4 16000.0,-0.0015802101086155283 16000.0,-0.0033928362690368013 
32000.0,2.374836438612249E-14 32000.0,-9.41454073061232E-7 32000.0,7.883921093292112E-7 32000.0,4.269632162253942E-5 32000.0,2.8475876797624117E-5 32000.0,7.326911962347513E-5 32000.0,-7.386086262480759E-4 32000.0,-0.0017016997789007504 
64000.0,5.348846365826887E-14 64000.0,5.29999888619799E-7 64000.0,5.721895528568166E-7 64000.0,-8.502799236088411E-6 64000.0,-5.184880496528557E-5 64000.0,-4.6526180245930627E-4 64000.0,-0.0013062580642921534 64000.0,-0.0016525337051452949 
128000.0,4.013976651062734E-14 128000.0,-2.176012947208844E-7 128000.0,-1.3876584971372896E-7 128000.0,1.1646122862544496E-5 128000.0,-1.3557632385853731E-5 128000.0,-3.254524521615161E-4 128000.0,-7.70769050690713E-4 128000.0,-9.166903112130097E-4 
256000.0,3.101859047394129E-14 256000.0,-4.364936607159642E-7 256000.0,-4.2724169570587667E-7 256000.0,4.039709241283711E-6 256000.0,-1.6475625667697596E-4 256000.0,-2.1158588756993793E-4 256000.0,-6.919107119565645E-4 256000.0,-0.0011572889969182149 
