X:Sigma Y:|f(x)-fhat(x)|,
0.0,2.3979709466622747E-5 0.0,2.3979709466622747E-5 
1.0,1.0910995135677491E-16 1.0,1.0910995135677491E-16 
2.0,1.578974883040885E-16 2.0,8.077808741507799E-17 
3.0,2.5933541251507156E-16 3.0,1.7457554816610407E-16 
4.0,2.5081918651466273E-17 4.0,1.676247276370979E-16 
5.0,8.900340540234893E-17 5.0,4.994907887213701E-16 
6.0,1.6863105471999392E-16 6.0,2.5936630357151276E-16 
7.0,1.0913359753336896E-15 7.0,6.75785430414902E-16 
8.0,3.100339663700824E-4 8.0,3.100370533488106E-4 
9.0,2.509601093888264E-16 9.0,1.0564519290218571E-15 
10.0,5.958994207928718E-17 10.0,3.936673898562705E-17 
11.0,1.713899607595267E-16 11.0,1.6257664937874288E-16 
12.0,4.561354963870353E-17 12.0,9.741618877792779E-17 
13.0,5.350710451952593E-17 13.0,1.3481220455475394E-15 
14.0,1.8826250312233586E-16 14.0,2.1931565024244864E-16 
15.0,6.366173331480255E-16 15.0,1.2633784132199434E-15 
16.0,8.13028348749321E-6 16.0,8.224718554311465E-6 
17.0,5.5271146103883244E-17 17.0,1.1369981736877956E-15 
18.0,4.800435492195554E-17 18.0,2.565669728817539E-16 
19.0,2.7272799894419287E-18 19.0,1.4252892892127827E-15 
20.0,1.5080004072900579E-16 20.0,5.370507763574567E-17 
21.0,1.8808307170127301E-16 21.0,4.958433715423636E-16 
22.0,1.6319131121574495E-16 22.0,9.286311222065861E-17 
23.0,3.435300635044338E-16 23.0,5.861187874535828E-16 
24.0,2.439259083275927E-4 24.0,2.43940721011561E-4 
25.0,3.5047364529558384E-17 25.0,9.509682705912586E-16 
26.0,9.023069847244995E-17 26.0,1.2326916371935946E-15 
27.0,2.3514780342646407E-16 27.0,1.0714541266841888E-15 
28.0,7.569065274039217E-18 28.0,5.451552387039706E-16 
29.0,3.4719169869576884E-16 29.0,1.199748193784679E-16 
30.0,2.1936896062719404E-16 30.0,3.3110116364069364E-16 
31.0,7.611088783172109E-16 31.0,5.098162800931265E-16 
32.0,1.1276338140911446E-4 32.0,1.1397913692870465E-4 
33.0,2.345370570780318E-16 33.0,3.836481357398368E-16 
34.0,1.0939536162774952E-17 34.0,2.332906674685803E-16 
35.0,2.0894939422613004E-17 35.0,2.5678251608822937E-16 
36.0,1.005305399488416E-16 36.0,8.436091887634752E-16 
37.0,1.5452088815840242E-17 37.0,2.372598260189299E-15 
38.0,1.2052869626757404E-16 38.0,4.611330309497254E-16 
39.0,2.4212114395671505E-16 39.0,1.7687103762627815E-15 
40.0,1.7369894281865465E-4 40.0,1.7439771371275704E-4 
41.0,8.266145638228939E-17 41.0,1.3256662390760104E-15 
42.0,8.421196016625982E-17 42.0,2.4074133308746023E-16 
43.0,1.883919872947634E-16 43.0,1.5720033317459696E-15 
44.0,1.594814059726248E-16 44.0,1.7226441077633858E-16 
45.0,4.2477000876588715E-17 45.0,1.7729211016166308E-15 
46.0,3.000771044503809E-16 46.0,5.260840485106272E-16 
47.0,5.3536859289659106E-18 47.0,5.975451354691744E-16 
48.0,0.001216219259586676 48.0,0.001216245898716592 
49.0,1.8742751448734013E-16 49.0,1.058173914318708E-15 
50.0,1.4792288988868768E-17 50.0,2.5148624065266906E-16 
51.0,1.4489415576400596E-16 51.0,3.7698727080876405E-16 
52.0,1.471001378615636E-16 52.0,1.8177184555388853E-16 
53.0,6.158684906534873E-17 53.0,9.327184636158848E-16 
54.0,1.6789739850850877E-17 54.0,2.6065907021986244E-16 
55.0,1.2881584977350408E-16 55.0,1.1375376715850312E-15 
56.0,1.2317134927738484E-4 56.0,1.2337806881784243E-4 
57.0,5.944433513844879E-17 57.0,5.846828725161064E-16 
58.0,2.973523512862102E-17 58.0,5.891354210731206E-16 
59.0,8.814686138876414E-17 59.0,1.003226009558321E-15 
60.0,6.76198147586832E-17 60.0,2.698981254008464E-16 
61.0,9.269324418884605E-17 61.0,1.228964019120064E-15 
62.0,5.2913937188597613E-17 62.0,6.091462760806725E-16 
63.0,2.609385019110851E-16 63.0,7.408814223064609E-16 
64.0,3.272874452507537E-4 64.0,3.1836626116945287E-4 
65.0,1.6818250336845103E-17 65.0,1.0363122540417682E-15 
66.0,6.093332330134414E-17 66.0,7.104607633109175E-18 
67.0,1.4698571503303679E-16 67.0,6.034747937584538E-16 
68.0,3.1193850422809106E-17 68.0,5.676597997010542E-17 
69.0,7.434695675845697E-18 69.0,7.964382604138293E-16 
70.0,3.5691607525656315E-17 70.0,1.447854741779291E-16 
71.0,3.19134473928444E-16 71.0,6.084943180518985E-16 
72.0,3.894379975823703E-4 72.0,3.85573312414178E-4 
73.0,3.636860536602924E-17 73.0,1.5620324638091089E-16 
74.0,3.840088669470734E-17 74.0,4.524257683973267E-16 
75.0,8.40664442805338E-17 75.0,6.659143347469933E-17 
76.0,1.3156525483698653E-18 76.0,1.724648380548642E-16 
77.0,2.5013018316639426E-17 77.0,1.7065612534904263E-15 
78.0,3.204183367225081E-17 78.0,7.330889177620412E-17 
79.0,2.631044106648665E-16 79.0,1.4889315015125182E-15 
80.0,1.1213431645381699E-4 80.0,1.3089216407145398E-4 
81.0,2.224435856747031E-17 81.0,1.2906204502859E-15 
82.0,1.9345413662030977E-17 82.0,7.538043314926795E-17 
83.0,2.3610548848513076E-17 83.0,1.2438437267331046E-15 
84.0,1.9702258143239178E-17 84.0,6.840761712361467E-16 
85.0,9.746928020609737E-17 85.0,5.610610205438984E-16 
86.0,2.4148743173475422E-17 86.0,2.0609439344834714E-16 
87.0,1.8196241450271566E-16 87.0,5.398422713781053E-16 
88.0,1.4294716433935206E-4 88.0,1.321468550694732E-4 
89.0,3.1681367095820624E-17 89.0,5.708297164581625E-16 
90.0,3.021760651969059E-17 90.0,6.69526555376668E-16 
91.0,6.70724665151379E-17 91.0,6.450197842058264E-16 
92.0,1.3052441187893081E-17 92.0,4.813949590019205E-16 
93.0,1.0209951366093236E-16 93.0,7.151065811098696E-16 
94.0,3.020032103609882E-17 94.0,6.64954022822123E-17 
95.0,2.611483135169238E-16 95.0,6.647406501628004E-16 
96.0,6.001646090075807E-4 96.0,6.174134141104792E-4 
97.0,6.747196928663252E-17 97.0,4.7502086424059745E-17 
98.0,6.551792812210646E-18 98.0,7.219743445834653E-17 
99.0,1.7988957010326278E-17 99.0,4.01754220695476E-16 
100.0,3.112916330629799E-17 100.0,7.214478228416956E-16 
101.0,2.123523995370252E-17 101.0,1.647015698927139E-15 
102.0,4.493555515426482E-17 102.0,5.857484968985699E-17 
103.0,1.1389294371906716E-16 103.0,1.2773146722864818E-15 
104.0,7.796121253574907E-5 104.0,9.873630189757496E-5 
105.0,2.4197682092242582E-17 105.0,9.293471100216636E-16 
106.0,3.818622389970565E-18 106.0,2.300296765084443E-16 
107.0,5.202539277094626E-17 107.0,9.613027072686146E-16 
108.0,5.012996708468033E-17 108.0,3.7985220638349276E-16 
109.0,2.9761443793454965E-17 109.0,1.053344754719216E-15 
110.0,6.880993195803201E-17 110.0,1.8031754540778526E-16 
111.0,6.21582549757898E-17 111.0,5.303808579413993E-16 
112.0,2.2396687238541296E-4 112.0,1.3963834232340322E-4 
113.0,6.853216770471528E-17 113.0,4.537111986881984E-16 
114.0,9.222100736685839E-18 114.0,2.6050574973689713E-16 
115.0,3.65798069830386E-17 115.0,3.2655908828138343E-16 
116.0,3.0872683309228894E-17 116.0,3.4545024745739814E-16 
117.0,1.717151385796575E-17 117.0,7.962099276410024E-16 
118.0,1.5831409041112436E-17 118.0,5.087489314885534E-17 
119.0,6.147518018412728E-17 119.0,9.490719571889031E-16 
120.0,2.8633640351197545E-5 120.0,5.77329065888383E-6 
121.0,4.3359003185025244E-18 121.0,6.662645365322162E-16 
122.0,6.199476509135841E-18 122.0,2.0084723386170668E-16 
123.0,1.0474660811050622E-17 123.0,6.910319902035207E-16 
124.0,3.8032348306352535E-18 124.0,3.3025443697230484E-16 
125.0,4.78282341223859E-18 125.0,8.676125945755408E-16 
126.0,1.0070352806197896E-18 126.0,2.4410138612696103E-16 
127.0,8.901907702393039E-17 127.0,5.132816334575372E-16 
128.0,2.781624313535763E-4 128.0,2.1369644626850412E-5 
129.0,9.07213198647224E-18 129.0,6.144787751328277E-16 
130.0,1.58072032997919E-17 130.0,1.0741235312917899E-16 
131.0,4.634762841397194E-17 131.0,3.8186818092352298E-16 
132.0,1.463847698307432E-17 132.0,6.691304407525566E-17 
133.0,2.66955120439669E-19 133.0,6.128649339328604E-16 
134.0,4.223471819895694E-18 134.0,5.806121641415787E-17 
135.0,9.751010025764772E-17 135.0,4.98854537780512E-16 
136.0,4.2634056249832644E-4 136.0,1.9187578331070904E-4 
137.0,4.962059111212617E-18 137.0,2.1978023376451026E-16 
138.0,1.2906163100754957E-17 138.0,1.8843086393916853E-16 
139.0,2.520779230903671E-17 139.0,1.8057795819289096E-16 
140.0,6.347725210769931E-19 140.0,1.9345326333654986E-16 
141.0,7.138091754705259E-18 141.0,9.847063577527026E-16 
142.0,7.548631779058971E-18 142.0,3.1473458855233E-17 
143.0,8.84533812892556E-17 143.0,7.947217792913412E-16 
144.0,1.5886266302389367E-4 144.0,2.5013233880496512E-5 
145.0,9.569202434804992E-18 145.0,7.307796905412573E-16 
146.0,1.1076983718844284E-17 146.0,1.1250228642592532E-17 
147.0,1.3402989888879904E-17 147.0,6.262536317682794E-16 
148.0,3.3598776004421904E-18 148.0,3.667724721099649E-16 
149.0,3.087852799002876E-17 149.0,4.086941540821754E-16 
150.0,4.111105615326197E-18 150.0,8.652796541551782E-17 
151.0,7.058760336945193E-17 151.0,3.4420654211565795E-16 
152.0,2.9311778678094147E-4 152.0,1.1671287218871507E-6 
153.0,8.333737326127844E-18 153.0,2.788961519116336E-16 
154.0,7.447246917355393E-18 154.0,3.054262575297714E-16 
155.0,1.32475171904401E-17 155.0,2.955117336637524E-16 
156.0,6.133355699799857E-18 156.0,2.5599903784935567E-16 
157.0,2.5587494137423986E-17 157.0,5.749551822363032E-16 
158.0,2.325663814791966E-18 158.0,4.9428696340265794E-17 
159.0,7.834053434499957E-17 159.0,4.6423451974766E-16 
160.0,2.4784692003988057E-4 160.0,3.023217181755966E-4 
161.0,1.8764925214896646E-17 161.0,2.1961272554617025E-16 
162.0,3.610492807354463E-18 162.0,1.5647710817484466E-17 
163.0,5.62527483461143E-18 163.0,3.542080227078276E-16 
164.0,7.392319245940541E-18 164.0,3.9384939499554164E-16 
165.0,9.485192654658546E-18 165.0,7.688253731922053E-16 
166.0,1.4341867719405177E-17 166.0,2.142611655929866E-17 
167.0,4.424952663042277E-17 167.0,5.865966150873348E-16 
168.0,2.057311213979167E-5 168.0,3.364065807262735E-5 
169.0,9.502553846785139E-18 169.0,4.499663808394907E-16 
170.0,1.7715574064173413E-18 170.0,1.49561478480869E-16 
171.0,1.409345398571181E-17 171.0,4.3648770366208815E-16 
172.0,1.5415228754124315E-17 172.0,2.283172373876189E-16 
173.0,1.2234990985145527E-17 173.0,5.474482212524548E-16 
174.0,1.455686633981057E-17 174.0,7.227350319461415E-17 
175.0,3.441375972891444E-17 175.0,3.2955056971917064E-16 
176.0,1.8271558878013051E-4 176.0,2.2031926080403122E-4 
177.0,2.2994303388204233E-17 177.0,2.1979350745568744E-16 
178.0,3.510025063288128E-18 178.0,1.1676791699196567E-16 
179.0,1.0652930301887127E-17 179.0,2.281281372032722E-16 
180.0,6.5960370147419975E-18 180.0,2.3776812038784766E-16 
181.0,1.683314588645712E-18 181.0,4.908800849677808E-16 
182.0,6.946244128573006E-18 182.0,2.5761667704954624E-17 
183.0,2.535934479083863E-17 183.0,5.09789669767352E-16 
184.0,5.146454147996783E-5 184.0,5.574322298963937E-7 
185.0,9.32200049645329E-19 185.0,3.8673009947812345E-16 
186.0,8.703372223353004E-19 186.0,3.8034842688334805E-17 
187.0,3.8295617628547826E-18 187.0,3.6636564602154733E-16 
188.0,4.036695403365133E-18 188.0,1.9489397151066227E-16 
189.0,3.3248985906701046E-18 189.0,4.589354994527968E-16 
190.0,3.4681457440031854E-18 190.0,7.303455615549202E-17 
191.0,2.863120627597141E-17 191.0,2.779039005946381E-16 
192.0,3.0459841975791213E-5 192.0,1.038348383626455E-4 
193.0,1.0513832739890858E-17 193.0,2.899022938206985E-16 
194.0,5.703425263690401E-18 194.0,7.171568703585256E-17 
195.0,2.065237206459899E-17 195.0,2.0311538641008668E-16 
196.0,8.900310131829567E-18 196.0,8.598428091191028E-17 
197.0,2.0602328417359358E-18 197.0,3.528859769465387E-16 
198.0,5.527262826866214E-18 198.0,1.495956766840159E-17 
199.0,3.6852206357944744E-17 199.0,3.153569993920867E-16 
200.0,1.1780262552487167E-4 200.0,7.491127124634091E-5 
201.0,7.786465508860026E-19 201.0,1.7860006605739827E-16 
202.0,5.4124911739125564E-18 202.0,6.222935478780736E-17 
203.0,7.174668601704676E-18 203.0,1.5328579792218378E-16 
204.0,1.5988304777259997E-18 204.0,1.244030128112162E-16 
205.0,6.762754049106241E-19 205.0,4.681485134750014E-16 
206.0,1.6420067126009253E-18 206.0,3.166636353695534E-17 
207.0,3.4721246746584264E-17 207.0,3.5562435743838104E-16 
208.0,5.813445672887222E-5 208.0,3.0819151410404685E-5 
209.0,7.070695278017916E-18 209.0,3.3952952204897356E-16 
210.0,6.447697211998661E-18 210.0,2.5518882899934733E-17 
211.0,5.9515480330996036E-18 211.0,2.710061170660513E-16 
212.0,6.29479340954473E-18 212.0,1.5813172071695466E-16 
213.0,1.3317132351035115E-17 213.0,2.359752799201818E-16 
214.0,1.3767094562838148E-18 214.0,2.7287891732550723E-17 
215.0,2.503933437747569E-17 215.0,1.9823845140299718E-16 
216.0,2.3024544786149313E-5 216.0,2.1484341369440094E-5 
217.0,4.862759292664918E-18 217.0,1.4410969812245996E-16 
218.0,1.0616117275820307E-18 218.0,1.2058792790095284E-16 
219.0,5.696078539744474E-18 219.0,1.4058671305048763E-16 
220.0,4.208244023366195E-18 220.0,1.236522971519789E-16 
221.0,8.743956878320939E-18 221.0,3.215052204734345E-16 
222.0,2.5982960826052044E-18 222.0,1.290499669553565E-17 
223.0,2.8610904051170634E-17 223.0,2.518584127824479E-16 
224.0,7.825663648959504E-5 224.0,1.2410022508265502E-4 
225.0,6.946165422409587E-18 225.0,1.6431334505907877E-16 
226.0,2.8038613289567616E-18 226.0,3.464003304011883E-18 
227.0,3.498264201744246E-18 227.0,1.9540999074267177E-16 
228.0,4.807267007514904E-19 228.0,1.7970972191703316E-16 
229.0,5.359162993209245E-18 229.0,3.2371511577905596E-16 
230.0,5.334885893717151E-18 230.0,1.5870513887878175E-17 
231.0,1.6624607844065907E-17 231.0,2.5077572093564537E-16 
232.0,3.387791345547042E-5 232.0,4.135848020022856E-6 
233.0,3.8375887378142615E-18 233.0,1.8942195802103222E-16 
234.0,1.8236842701689348E-18 234.0,7.923637401357866E-17 
235.0,3.585822814940473E-18 235.0,1.8066292828313057E-16 
236.0,6.424960210924744E-18 236.0,1.1448333252350163E-16 
237.0,4.600322627883014E-18 237.0,2.674578322582944E-16 
238.0,3.9693689469410025E-18 238.0,2.4901638332912873E-17 
239.0,1.7989758682673286E-17 239.0,1.7868795394687648E-16 
240.0,1.0103556147233236E-4 240.0,1.2337610908294896E-4 
241.0,8.112374869823347E-18 241.0,1.1550400620344705E-16 
242.0,2.318151592193757E-18 242.0,4.204730671868759E-17 
243.0,3.305384189968708E-18 243.0,1.3017477292478102E-16 
244.0,1.7447996125259703E-18 244.0,1.292003323156757E-16 
245.0,7.791973411682941E-19 245.0,2.4593324483587166E-16 
246.0,3.1272339433445234E-18 246.0,1.2147652277233766E-17 
247.0,1.0627361640902912E-17 247.0,2.3496588027923734E-16 
248.0,1.4327724157848663E-5 248.0,1.5415668266291222E-6 
249.0,1.5743877133788463E-18 249.0,1.7928470752785948E-16 
250.0,5.114531917156475E-19 250.0,7.26518331108252E-18 
251.0,2.5977922732915016E-18 251.0,1.6636603729908743E-16 
252.0,3.182924083433979E-18 252.0,9.848767920760963E-17 
253.0,3.227805570773812E-18 253.0,2.187116343630563E-16 
254.0,1.4514484503329157E-18 254.0,1.9348962954742654E-17 
255.0,1.1673113337402906E-17 255.0,1.3866210557821035E-16 
256.0,7.224238115053966E-5 256.0,7.67408029587976E-5 
257.0,3.0153012263920303E-18 257.0,1.2100842697169044E-16 
258.0,7.917717522923464E-19 258.0,3.785532282584523E-17 
259.0,5.038933147417303E-18 259.0,1.0205443545891844E-16 
260.0,1.3170408240219389E-18 260.0,6.318084627403445E-17 
261.0,3.0525869341719063E-19 261.0,1.7899481247677541E-16 
262.0,1.1243828638093302E-18 262.0,2.850788260738681E-18 
263.0,9.997039183093879E-18 263.0,1.6264805138266126E-16 
264.0,3.770605788354516E-5 264.0,2.643979584787638E-5 
265.0,1.196680295935214E-19 265.0,1.0564144672043184E-16 
266.0,1.574871037370927E-18 266.0,2.2754046168089548E-17 
267.0,9.359116628835497E-19 267.0,9.197318415926566E-17 
268.0,5.26064022598282E-19 268.0,6.865326754207914E-17 
269.0,1.3621577631677257E-19 269.0,2.084612429871207E-16 
270.0,1.1416893440954233E-18 270.0,1.6079287899801356E-17 
271.0,1.0868854925460033E-17 271.0,1.5025648260685317E-16 
272.0,1.0099726131934986E-4 272.0,3.451525170987987E-5 
273.0,2.2816531110221235E-18 273.0,1.3898988370248115E-16 
274.0,1.4972452811191676E-18 274.0,2.0057537824319293E-17 
275.0,2.343234505983547E-18 275.0,1.1442088755069253E-16 
276.0,1.6481429281228989E-18 276.0,6.95798114156893E-17 
277.0,3.109014555365092E-18 277.0,1.2253976960880167E-16 
278.0,4.2833502190367466E-19 278.0,7.040790894354612E-18 
279.0,7.849838193117026E-18 279.0,1.0496250185538956E-16 
280.0,8.464315623206735E-6 280.0,1.466922878170249E-5 
281.0,8.480078411710321E-19 281.0,7.322213693240839E-17 
282.0,5.935965796962901E-19 282.0,4.3375732254907566E-17 
283.0,1.336855454706598E-18 283.0,6.758368502535437E-17 
284.0,1.0785597275856352E-18 284.0,5.967635474551768E-17 
285.0,1.5281998200995209E-18 285.0,1.57454175735268E-16 
286.0,9.992816791609132E-19 286.0,3.2114152401146546E-19 
287.0,8.760759707236358E-18 287.0,1.1882598638783166E-16 
288.0,3.171884347308871E-5 288.0,5.160285394516066E-5 
289.0,1.939533921405878E-18 289.0,8.762066154912715E-17 
290.0,5.54539832257681E-19 290.0,8.02589344436654E-18 
291.0,1.9514999993530127E-18 291.0,9.213342564221353E-17 
292.0,1.891295092633718E-19 292.0,7.607808284258051E-17 
293.0,1.1949448227023343E-18 293.0,1.3514685008614343E-16 
294.0,1.616732732921966E-18 294.0,7.448094791336697E-18 
295.0,6.253747785436408E-18 295.0,1.054517443747602E-16 
296.0,1.0450799193260343E-4 296.0,3.1292474210404056E-6 
297.0,1.196249022756736E-18 297.0,7.747685739383191E-17 
298.0,7.754338192760795E-19 298.0,3.5385666843460365E-17 
299.0,9.55834424718675E-19 299.0,7.285956054591314E-17 
300.0,1.5336675310054624E-18 300.0,5.272769920275719E-17 
301.0,1.1901783337626582E-18 301.0,1.2459845901816848E-16 
302.0,9.439919241753718E-19 302.0,7.258605918013393E-18 
303.0,7.01574943730531E-18 303.0,8.688667252536523E-17 
304.0,5.853880228739051E-5 304.0,5.591418522225486E-5 
305.0,2.6630837439887115E-18 305.0,5.842123088940471E-17 
306.0,4.645123832118256E-19 306.0,1.5839871593693742E-17 
307.0,1.4956807783836393E-18 307.0,6.568285766359158E-17 
308.0,6.220602095119712E-19 308.0,6.097155634643151E-17 
309.0,6.684244585388322E-19 309.0,1.119694982164917E-16 
310.0,9.96516042131381E-19 310.0,5.978070455063561E-18 
311.0,4.153236680827564E-18 311.0,1.0025644985620375E-16 
312.0,7.030499333785564E-5 312.0,1.9506301775360424E-6 
313.0,3.0024901381859127E-19 313.0,7.528362181915572E-17 
314.0,6.779802810064211E-20 314.0,1.1740647828646446E-17 
315.0,1.4184839911933888E-18 315.0,7.022024197714595E-17 
316.0,1.1462457507302746E-18 316.0,4.5175000687310695E-17 
317.0,9.842270269024551E-19 317.0,9.971756983049227E-17 
318.0,7.14458878565329E-19 318.0,4.321607962430801E-18 
319.0,4.316190110875262E-18 319.0,6.577212102163758E-17 
320.0,2.226223717648754E-5 320.0,4.109998569974194E-5 
321.0,2.085018675005164E-18 321.0,5.319639933060203E-17 
322.0,1.8534011876433895E-19 322.0,1.5828952852454785E-17 
323.0,2.1486821112152743E-18 323.0,4.9291670601071874E-17 
324.0,7.649502694496826E-19 324.0,3.601707999738531E-17 
325.0,8.054341784858811E-20 325.0,8.495626809725296E-17 
326.0,1.2901138719310129E-18 326.0,6.16576924308661E-19 
327.0,4.008309358879776E-18 327.0,7.63722764002817E-17 
328.0,2.8520463465626965E-5 328.0,9.14073494938958E-6 
329.0,2.0777732203176907E-19 329.0,5.2242666205096725E-17 
330.0,6.406677435617139E-19 330.0,9.958557776592397E-18 
331.0,9.896493627379612E-20 331.0,4.624642971166579E-17 
332.0,4.125780389405385E-19 332.0,3.362962547051755E-17 
333.0,1.2016844987252472E-19 333.0,8.967770462401138E-17 
334.0,2.93345476893449E-19 334.0,5.916727068428366E-18 
335.0,3.819864663543815E-18 335.0,6.27589371425527E-17 
336.0,3.151967006861066E-5 336.0,2.2738284369793133E-5 
337.0,1.4080300962283803E-18 337.0,5.613837804941164E-17 
338.0,6.852690359439597E-19 338.0,1.0349985765713894E-17 
339.0,6.747508734195388E-19 339.0,4.749079148246367E-17 
340.0,1.056784228744497E-18 340.0,3.132211024500138E-17 
341.0,1.4533664109406054E-18 341.0,5.927044306079904E-17 
342.0,2.6272601223316426E-19 342.0,2.50569214530599E-18 
343.0,2.9719008997106947E-18 343.0,5.154757781899759E-17 
344.0,8.667488064687586E-6 344.0,7.161960471410353E-6 
345.0,4.944813861880223E-19 345.0,3.5408918488351086E-17 
346.0,8.313944884320956E-20 346.0,1.5961363882776177E-17 
347.0,7.250740441189562E-19 347.0,3.2607324865862833E-17 
348.0,6.710602932200658E-19 348.0,2.7433468703054358E-17 
349.0,6.527204595749778E-19 349.0,7.084118352500001E-17 
350.0,6.561373737922958E-19 350.0,1.250964348257398E-18 
351.0,2.7351764925421377E-18 351.0,5.250214341373411E-17 
352.0,1.3044486767407448E-5 352.0,2.2477940276889466E-5 
353.0,9.131924207448783E-19 353.0,4.098652326213247E-17 
354.0,3.29011788312685E-19 354.0,5.51119239240345E-18 
355.0,4.831422551052417E-19 355.0,4.0528767199764404E-17 
356.0,1.7728694334740068E-19 356.0,3.144637975707671E-17 
357.0,5.84264800717188E-19 357.0,5.631094581523764E-17 
358.0,6.596826634420197E-19 358.0,3.0240639326988975E-18 
359.0,2.47466773248291E-18 359.0,4.516512845377258E-17 
360.0,2.4182585954679397E-5 360.0,3.0295022152902838E-6 
361.0,5.401321551355817E-19 361.0,3.260954786400456E-17 
362.0,2.931090090987129E-19 362.0,1.4435334579871062E-17 
363.0,4.785513623121433E-19 363.0,3.0171791590938827E-17 
364.0,7.4726536281898E-19 364.0,2.3347074968033146E-17 
365.0,4.0819689592993424E-19 365.0,5.580006677545364E-17 
366.0,3.557834025826299E-19 366.0,1.753953048082168E-18 
367.0,2.3447029905776666E-18 367.0,3.995897125747211E-17 
368.0,1.4873335790618935E-5 368.0,2.3567123673679912E-5 
369.0,1.0062826164750926E-18 369.0,2.779892381819057E-17 
370.0,3.038691367172489E-19 370.0,6.464342917027395E-18 
371.0,4.419938640453688E-19 371.0,3.046185230277773E-17 
372.0,2.3833539759791743E-19 372.0,2.66350042954021E-17 
373.0,3.1926433702756747E-19 373.0,4.805620030062059E-17 
374.0,4.0499165068805235E-19 374.0,2.3871332366934485E-18 
375.0,1.5735589322865305E-18 375.0,4.172097201259133E-17 
376.0,2.366221956403002E-5 376.0,1.5744381371377448E-6 
377.0,2.7647275950304876E-19 377.0,3.074771133254294E-17 
378.0,3.5986395152536067E-20 378.0,7.252107272430587E-18 
379.0,5.560070081454031E-19 379.0,2.87137040421909E-17 
380.0,5.679580122897554E-19 380.0,1.992144282002919E-17 
381.0,4.861165764346901E-19 381.0,4.4132917519198607E-17 
382.0,2.2607800793964653E-19 382.0,9.178243282974985E-19 
383.0,1.7490790337617523E-18 383.0,3.0023493939493324E-17 
384.0,8.704666987807545E-6 384.0,1.9109395635982915E-5 
385.0,7.000412844554831E-19 385.0,2.2572445377432472E-17 
386.0,8.022573221221423E-20 386.0,6.711919058177389E-18 
387.0,7.410065834285572E-19 387.0,2.2682173932664622E-17 
388.0,2.0760326044998404E-19 388.0,1.76408158378498E-17 
389.0,1.0050561554808676E-20 389.0,3.7623807610678245E-17 
390.0,4.26500487606544E-19 390.0,7.422061137987656E-19 
391.0,1.3054717347867125E-18 391.0,3.358439602250014E-17 
392.0,1.322599839001897E-5 392.0,3.2803746645453287E-6 
393.0,1.0795594890768747E-19 393.0,2.3182857902801563E-17 
394.0,2.200348859257231E-19 394.0,4.9197005838731396E-18 
395.0,3.824715683329693E-20 395.0,2.095299980996079E-17 
396.0,1.8216522920888189E-19 396.0,1.5363558629574225E-17 
397.0,1.0818569911235568E-19 397.0,3.7921751353231756E-17 
398.0,1.1520028035282632E-19 398.0,2.1878113842619154E-18 
399.0,1.5373973299031398E-18 399.0,2.6506675670868215E-17 
400.0,7.868437086870427E-6 400.0,1.2134214213894632E-5 
401.0,5.680946880513264E-19 401.0,2.2257458043037514E-17 
402.0,2.1524667153602774E-19 402.0,5.064636990855898E-18 
403.0,2.931153341503146E-19 403.0,1.9924698358139404E-17 
404.0,3.5662764044270867E-19 404.0,1.3893716048086878E-17 
405.0,4.2327855110716826E-19 405.0,2.722588720399308E-17 
406.0,1.5076876384673552E-19 406.0,8.596967946312508E-19 
407.0,9.654270011162334E-19 407.0,2.395200721608223E-17 
408.0,5.448808731061197E-6 408.0,3.0718059786487826E-6 
409.0,1.2306152162490852E-19 409.0,1.6354894116576104E-17 
410.0,1.618200287277099E-20 410.0,6.08958183111628E-18 
411.0,1.874806389015642E-19 411.0,1.5003637293186326E-17 
412.0,2.44442507359117E-19 412.0,1.2178056822404805E-17 
413.0,2.056917382097641E-19 413.0,3.056223872229386E-17 
414.0,2.2055851097548754E-19 414.0,9.535292604970001E-19 
415.0,9.899894391208416E-19 415.0,2.2434160287197393E-17 
416.0,2.990780086559419E-6 416.0,1.0025836688766352E-5 
417.0,3.6008850352940105E-19 417.0,1.760151149270831E-17 
418.0,1.2138550614378842E-19 418.0,3.1343340942445336E-18 
419.0,2.547178389181903E-19 419.0,1.7092237913288803E-17 
420.0,1.0430970765455726E-19 420.0,1.2906886476191982E-17 
421.0,1.9594951437554852E-19 421.0,2.3546529635435437E-17 
422.0,2.2879594807101255E-19 422.0,1.1005601426072255E-18 
423.0,9.530023839846246E-19 423.0,1.943440912099164E-17 
424.0,8.09102570999872E-6 424.0,1.7642366587663604E-6 
425.0,1.6242937037849058E-19 425.0,1.36472967588758E-17 
426.0,1.0349707969330859E-19 426.0,5.873919629986374E-18 
427.0,1.1914763603670045E-19 427.0,1.2587134608233302E-17 
428.0,2.463582787763908E-19 428.0,1.0076446652507831E-17 
429.0,1.3934762389764773E-19 429.0,2.4096111295679253E-17 
430.0,1.2278356250517297E-19 430.0,1.6826327029043279E-19 
431.0,9.008061411633832E-19 431.0,1.7565770777190952E-17 
432.0,5.47789454699834E-6 432.0,9.717771417277186E-6 
433.0,3.698748915162296E-19 433.0,1.257030272317419E-17 
434.0,1.1599507017342678E-19 434.0,2.813377975595713E-18 
435.0,1.598320609593654E-19 435.0,1.3324079082602053E-17 
436.0,1.0033787217969203E-19 436.0,1.1159480712426663E-17 
437.0,1.5321648210002563E-19 437.0,1.9994233093495895E-17 
438.0,1.4038427253726206E-19 438.0,1.0020133693278249E-18 
439.0,5.134451953873225E-19 439.0,1.7119034636746165E-17 
440.0,8.572930475776708E-6 440.0,9.837731527036165E-7 
441.0,7.89900210698064E-20 441.0,1.2320943467109329E-17 
442.0,7.366721600338301E-21 442.0,3.6889698720573324E-18 
443.0,2.0621381106384996E-19 443.0,1.1589619665249657E-17 
444.0,2.1530398267403093E-19 444.0,8.465455993195104E-18 
445.0,1.8370099148270417E-19 445.0,1.8927880109490692E-17 
446.0,9.386427565968938E-20 446.0,2.373363680800653E-19 
447.0,6.817731925392681E-19 447.0,1.3280912972510029E-17 
448.0,2.141768142145423E-6 448.0,8.260118575038926E-6 
449.0,3.632817416637309E-19 449.0,9.761339715921837E-18 
450.0,1.935578596916634E-20 450.0,2.7712584414779742E-18 
451.0,2.947938794349056E-19 451.0,1.0051544116891185E-17 
452.0,9.164741229956358E-20 452.0,7.995137603475477E-18 
453.0,1.2719268573786519E-20 453.0,1.6044275006380746E-17 
454.0,2.3445592887681707E-19 454.0,3.760793549203721E-19 
455.0,4.945550962405447E-19 455.0,1.4163810806101716E-17 
456.0,5.528146931350596E-6 456.0,1.2574378801561033E-6 
457.0,7.144489577537292E-20 457.0,9.795574167058876E-18 
458.0,8.052664538179006E-20 458.0,2.381599547912776E-18 
459.0,2.1478611102742085E-20 459.0,9.01451330064697E-18 
460.0,9.475973790593321E-20 460.0,6.6275707335252E-18 
461.0,5.605710619259116E-20 461.0,1.571216239476013E-17 
462.0,3.040363874838794E-20 462.0,7.051631559203821E-19 
463.0,5.59591103226443E-19 463.0,1.1056118555722905E-17 
464.0,2.2664650653466203E-6 464.0,5.771594705939194E-6 
465.0,2.771358987558416E-19 465.0,8.807795614590143E-18 
466.0,8.807635280737604E-20 466.0,2.2148826546508134E-18 
467.0,8.431181764782669E-20 467.0,8.380258039231298E-18 
468.0,1.667960736548675E-19 468.0,6.109301640643132E-18 
469.0,1.8229114717725658E-19 469.0,1.188667394649564E-17 
470.0,7.389925073627939E-20 470.0,3.4660984153146256E-19 
471.0,3.8379420632165577E-19 471.0,1.0533607698855647E-17 
472.0,3.142951361825959E-6 472.0,1.2484039724878387E-6 
473.0,5.0018305781351346E-20 473.0,7.082071817396092E-18 
474.0,3.820105175620956E-20 474.0,2.354933093942421E-18 
475.0,1.263529212007315E-19 475.0,6.662586164364349E-18 
476.0,1.227536240824435E-19 476.0,5.255561301455779E-18 
477.0,9.066460175131698E-20 477.0,1.2706846120969284E-17 
478.0,1.020078437754464E-19 478.0,4.728138388403903E-19 
479.0,3.668412691121256E-19 479.0,9.31483367468885E-18 
480.0,1.0134259529482047E-6 480.0,4.454227118900179E-6 
481.0,1.6916247791425651E-19 481.0,7.229176345906522E-18 
482.0,5.352275645552761E-20 482.0,1.497766304953401E-18 
483.0,6.756728388577878E-20 483.0,7.063129033837582E-18 
484.0,6.356605771907688E-20 484.0,5.276728617117148E-18 
485.0,8.288647680258634E-20 485.0,9.749695440764625E-18 
486.0,9.842554788360505E-20 486.0,3.777925389923113E-19 
487.0,3.2516635549558977E-19 487.0,8.282198299918687E-18 
488.0,2.4483446470921773E-6 488.0,8.574083058453672E-7 
489.0,7.465480035437292E-20 489.0,5.700190042240604E-18 
490.0,3.0676513052290457E-20 490.0,2.2113888196431276E-18 
491.0,5.941035358461181E-20 491.0,5.2892735631778006E-18 
492.0,1.1492764992642487E-19 492.0,4.258744731890555E-18 
493.0,5.1607802407267536E-20 493.0,1.0060734054279315E-17 
494.0,5.158746530020654E-20 494.0,4.8926943626671385E-20 
495.0,3.2249095043464653E-19 495.0,7.431572941494592E-18 
496.0,1.370993288401327E-6 496.0,3.993567114834091E-6 
497.0,1.5074647568347711E-19 497.0,5.3587653872729155E-18 
498.0,5.4106833250655603E-20 498.0,1.1937478149881283E-18 
499.0,5.0390069993984527E-20 499.0,5.622965720214222E-18 
500.0,4.660550555936414E-20 500.0,4.565524590964235E-18 
501.0,6.045302788248669E-20 501.0,8.137368054388289E-18 
502.0,5.727673733854614E-20 502.0,3.5103532976280636E-19 
503.0,2.0935695255646295E-19 503.0,7.036428219009563E-18 
504.0,2.7236279028088634E-6 504.0,5.260660253117452E-7 
505.0,4.8815337274031707E-20 505.0,4.913931269142351E-18 
506.0,1.131272469845225E-21 506.0,1.6154684640685164E-18 
507.0,7.820342512220384E-20 507.0,4.631855999406732E-18 
508.0,9.603009419265231E-20 508.0,3.541249834251299E-18 
509.0,7.39494701575242E-20 509.0,7.913780029544154E-18 
510.0,3.2075250674574204E-20 510.0,8.142188305350684E-20 
511.0,2.6319239299229883E-19 511.0,5.6830282443904126E-18 
