X:Sigma Y: Green:Absolute,
0.0,2.3979709466622747E-5 0.0,2.3979709466622747E-5 
1.0,1.0910995135677491E-16 1.0,1.0910995135677491E-16 
2.0,1.578974883040885E-16 2.0,-1.578974883040885E-16 
3.0,2.5933541251507156E-16 3.0,2.5933541251507156E-16 
4.0,2.5081918651466273E-17 4.0,-2.5081918651466273E-17 
5.0,8.900340540234893E-17 5.0,8.900340540234893E-17 
6.0,1.6863105471999392E-16 6.0,1.6863105471999392E-16 
7.0,1.0913359753336896E-15 7.0,-1.0913359753336896E-15 
8.0,3.100339663700824E-4 8.0,3.100339663700824E-4 
9.0,2.509601093888264E-16 9.0,-2.509601093888264E-16 
10.0,5.958994207928718E-17 10.0,-5.958994207928718E-17 
11.0,1.713899607595267E-16 11.0,1.713899607595267E-16 
12.0,4.561354963870353E-17 12.0,4.561354963870353E-17 
13.0,5.350710451952593E-17 13.0,-5.350710451952593E-17 
14.0,1.8826250312233586E-16 14.0,1.8826250312233586E-16 
15.0,6.366173331480255E-16 15.0,-6.366173331480255E-16 
16.0,8.13028348749321E-6 16.0,8.13028348749321E-6 
17.0,5.5271146103883244E-17 17.0,-5.5271146103883244E-17 
18.0,4.800435492195554E-17 18.0,4.800435492195554E-17 
19.0,2.7272799894419287E-18 19.0,2.7272799894419287E-18 
20.0,1.5080004072900579E-16 20.0,-1.5080004072900579E-16 
21.0,1.8808307170127301E-16 21.0,1.8808307170127301E-16 
22.0,1.6319131121574495E-16 22.0,-1.6319131121574495E-16 
23.0,3.435300635044338E-16 23.0,-3.435300635044338E-16 
24.0,2.439259083275927E-4 24.0,-2.439259083275927E-4 
25.0,3.5047364529558384E-17 25.0,3.5047364529558384E-17 
26.0,9.023069847244995E-17 26.0,-9.023069847244995E-17 
27.0,2.3514780342646407E-16 27.0,-2.3514780342646407E-16 
28.0,7.569065274039217E-18 28.0,-7.569065274039217E-18 
29.0,3.4719169869576884E-16 29.0,3.4719169869576884E-16 
30.0,2.1936896062719404E-16 30.0,-2.1936896062719404E-16 
31.0,7.611088783172109E-16 31.0,-7.611088783172109E-16 
32.0,1.1276338140911446E-4 32.0,1.1276338140911446E-4 
33.0,2.345370570780318E-16 33.0,-2.345370570780318E-16 
34.0,1.0939536162774952E-17 34.0,1.0939536162774952E-17 
35.0,2.0894939422613004E-17 35.0,2.0894939422613004E-17 
36.0,1.005305399488416E-16 36.0,-1.005305399488416E-16 
37.0,1.5452088815840242E-17 37.0,-1.5452088815840242E-17 
38.0,1.2052869626757404E-16 38.0,-1.2052869626757404E-16 
39.0,2.4212114395671505E-16 39.0,-2.4212114395671505E-16 
40.0,1.7369894281865465E-4 40.0,-1.7369894281865465E-4 
41.0,8.266145638228939E-17 41.0,-8.266145638228939E-17 
42.0,8.421196016625982E-17 42.0,8.421196016625982E-17 
43.0,1.883919872947634E-16 43.0,-1.883919872947634E-16 
44.0,1.594814059726248E-16 44.0,1.594814059726248E-16 
45.0,4.2477000876588715E-17 45.0,4.2477000876588715E-17 
46.0,3.000771044503809E-16 46.0,3.000771044503809E-16 
47.0,5.3536859289659106E-18 47.0,5.3536859289659106E-18 
48.0,0.001216219259586676 48.0,-0.001216219259586676 
49.0,1.8742751448734013E-16 49.0,-1.8742751448734013E-16 
50.0,1.4792288988868768E-17 50.0,-1.4792288988868768E-17 
51.0,1.4489415576400596E-16 51.0,1.4489415576400596E-16 
52.0,1.471001378615636E-16 52.0,1.471001378615636E-16 
53.0,6.158684906534873E-17 53.0,-6.158684906534873E-17 
54.0,1.6789739850850877E-17 54.0,-1.6789739850850877E-17 
55.0,1.2881584977350408E-16 55.0,-1.2881584977350408E-16 
56.0,1.2317134927738484E-4 56.0,-1.2317134927738484E-4 
57.0,5.944433513844879E-17 57.0,5.944433513844879E-17 
58.0,2.973523512862102E-17 58.0,-2.973523512862102E-17 
59.0,8.814686138876414E-17 59.0,8.814686138876414E-17 
60.0,6.76198147586832E-17 60.0,-6.76198147586832E-17 
61.0,9.269324418884605E-17 61.0,-9.269324418884605E-17 
62.0,5.2913937188597613E-17 62.0,-5.2913937188597613E-17 
63.0,2.609385019110851E-16 63.0,-2.609385019110851E-16 
64.0,3.272874452507537E-4 64.0,-3.272874452507537E-4 
65.0,1.6818250336845103E-17 65.0,1.6818250336845103E-17 
66.0,6.093332330134414E-17 66.0,-6.093332330134414E-17 
67.0,1.4698571503303679E-16 67.0,1.4698571503303679E-16 
68.0,3.1193850422809106E-17 68.0,3.1193850422809106E-17 
69.0,7.434695675845697E-18 69.0,7.434695675845697E-18 
70.0,3.5691607525656315E-17 70.0,3.5691607525656315E-17 
71.0,3.19134473928444E-16 71.0,-3.19134473928444E-16 
72.0,3.894379975823703E-4 72.0,3.894379975823703E-4 
73.0,3.636860536602924E-17 73.0,-3.636860536602924E-17 
74.0,3.840088669470734E-17 74.0,-3.840088669470734E-17 
75.0,8.40664442805338E-17 75.0,8.40664442805338E-17 
76.0,1.3156525483698653E-18 76.0,1.3156525483698653E-18 
77.0,2.5013018316639426E-17 77.0,-2.5013018316639426E-17 
78.0,3.204183367225081E-17 78.0,3.204183367225081E-17 
79.0,2.631044106648665E-16 79.0,-2.631044106648665E-16 
80.0,1.1213431645381699E-4 80.0,-1.1213431645381699E-4 
81.0,2.224435856747031E-17 81.0,-2.224435856747031E-17 
82.0,1.9345413662030977E-17 82.0,-1.9345413662030977E-17 
83.0,2.3610548848513076E-17 83.0,2.3610548848513076E-17 
84.0,1.9702258143239178E-17 84.0,-1.9702258143239178E-17 
85.0,9.746928020609737E-17 85.0,9.746928020609737E-17 
86.0,2.4148743173475422E-17 86.0,-2.4148743173475422E-17 
87.0,1.8196241450271566E-16 87.0,-1.8196241450271566E-16 
88.0,1.4294716433935206E-4 88.0,-1.4294716433935206E-4 
89.0,3.1681367095820624E-17 89.0,3.1681367095820624E-17 
90.0,3.021760651969059E-17 90.0,-3.021760651969059E-17 
91.0,6.70724665151379E-17 91.0,-6.70724665151379E-17 
92.0,1.3052441187893081E-17 92.0,1.3052441187893081E-17 
93.0,1.0209951366093236E-16 93.0,1.0209951366093236E-16 
94.0,3.020032103609882E-17 94.0,-3.020032103609882E-17 
95.0,2.611483135169238E-16 95.0,-2.611483135169238E-16 
96.0,6.001646090075807E-4 96.0,6.001646090075807E-4 
97.0,6.747196928663252E-17 97.0,-6.747196928663252E-17 
98.0,6.551792812210646E-18 98.0,-6.551792812210646E-18 
99.0,1.7988957010326278E-17 99.0,1.7988957010326278E-17 
100.0,3.112916330629799E-17 100.0,-3.112916330629799E-17 
101.0,2.123523995370252E-17 101.0,2.123523995370252E-17 
102.0,4.493555515426482E-17 102.0,-4.493555515426482E-17 
103.0,1.1389294371906716E-16 103.0,-1.1389294371906716E-16 
104.0,7.796121253574907E-5 104.0,-7.796121253574907E-5 
105.0,2.4197682092242582E-17 105.0,-2.4197682092242582E-17 
106.0,3.818622389970565E-18 106.0,3.818622389970565E-18 
107.0,5.202539277094626E-17 107.0,-5.202539277094626E-17 
108.0,5.012996708468033E-17 108.0,5.012996708468033E-17 
109.0,2.9761443793454965E-17 109.0,2.9761443793454965E-17 
110.0,6.880993195803201E-17 110.0,6.880993195803201E-17 
111.0,6.21582549757898E-17 111.0,-6.21582549757898E-17 
112.0,2.2396687238541296E-4 112.0,2.2396687238541296E-4 
113.0,6.853216770471528E-17 113.0,-6.853216770471528E-17 
114.0,9.222100736685839E-18 114.0,-9.222100736685839E-18 
115.0,3.65798069830386E-17 115.0,3.65798069830386E-17 
116.0,3.0872683309228894E-17 116.0,3.0872683309228894E-17 
117.0,1.717151385796575E-17 117.0,-1.717151385796575E-17 
118.0,1.5831409041112436E-17 118.0,-1.5831409041112436E-17 
119.0,6.147518018412728E-17 119.0,-6.147518018412728E-17 
120.0,2.8633640351197545E-5 120.0,-2.8633640351197545E-5 
121.0,4.3359003185025244E-18 121.0,4.3359003185025244E-18 
122.0,6.199476509135841E-18 122.0,-6.199476509135841E-18 
123.0,1.0474660811050622E-17 123.0,1.0474660811050622E-17 
124.0,3.8032348306352535E-18 124.0,-3.8032348306352535E-18 
125.0,4.78282341223859E-18 125.0,-4.78282341223859E-18 
126.0,1.0070352806197896E-18 126.0,1.0070352806197896E-18 
127.0,8.901907702393039E-17 127.0,-8.901907702393039E-17 
128.0,2.781624313535763E-4 128.0,-2.781624313535763E-4 
129.0,9.07213198647224E-18 129.0,-9.07213198647224E-18 
130.0,1.58072032997919E-17 130.0,-1.58072032997919E-17 
131.0,4.634762841397194E-17 131.0,4.634762841397194E-17 
132.0,1.463847698307432E-17 132.0,1.463847698307432E-17 
133.0,2.66955120439669E-19 133.0,-2.66955120439669E-19 
134.0,4.223471819895694E-18 134.0,4.223471819895694E-18 
135.0,9.751010025764772E-17 135.0,-9.751010025764772E-17 
136.0,4.2634056249832644E-4 136.0,4.2634056249832644E-4 
137.0,4.962059111212617E-18 137.0,-4.962059111212617E-18 
138.0,1.2906163100754957E-17 138.0,-1.2906163100754957E-17 
139.0,2.520779230903671E-17 139.0,2.520779230903671E-17 
140.0,6.347725210769931E-19 140.0,6.347725210769931E-19 
141.0,7.138091754705259E-18 141.0,-7.138091754705259E-18 
142.0,7.548631779058971E-18 142.0,7.548631779058971E-18 
143.0,8.84533812892556E-17 143.0,-8.84533812892556E-17 
144.0,1.5886266302389367E-4 144.0,-1.5886266302389367E-4 
145.0,9.569202434804992E-18 145.0,-9.569202434804992E-18 
146.0,1.1076983718844284E-17 146.0,-1.1076983718844284E-17 
147.0,1.3402989888879904E-17 147.0,1.3402989888879904E-17 
148.0,3.3598776004421904E-18 148.0,3.3598776004421904E-18 
149.0,3.087852799002876E-17 149.0,3.087852799002876E-17 
150.0,4.111105615326197E-18 150.0,-4.111105615326197E-18 
151.0,7.058760336945193E-17 151.0,-7.058760336945193E-17 
152.0,2.9311778678094147E-4 152.0,-2.9311778678094147E-4 
153.0,8.333737326127844E-18 153.0,8.333737326127844E-18 
154.0,7.447246917355393E-18 154.0,-7.447246917355393E-18 
155.0,1.32475171904401E-17 155.0,-1.32475171904401E-17 
156.0,6.133355699799857E-18 156.0,6.133355699799857E-18 
157.0,2.5587494137423986E-17 157.0,2.5587494137423986E-17 
158.0,2.325663814791966E-18 158.0,-2.325663814791966E-18 
159.0,7.834053434499957E-17 159.0,-7.834053434499957E-17 
160.0,2.4784692003988057E-4 160.0,2.4784692003988057E-4 
161.0,1.8764925214896646E-17 161.0,-1.8764925214896646E-17 
162.0,3.610492807354463E-18 162.0,-3.610492807354463E-18 
163.0,5.62527483461143E-18 163.0,5.62527483461143E-18 
164.0,7.392319245940541E-18 164.0,-7.392319245940541E-18 
165.0,9.485192654658546E-18 165.0,9.485192654658546E-18 
166.0,1.4341867719405177E-17 166.0,-1.4341867719405177E-17 
167.0,4.424952663042277E-17 167.0,-4.424952663042277E-17 
168.0,2.057311213979167E-5 168.0,2.057311213979167E-5 
169.0,9.502553846785139E-18 169.0,-9.502553846785139E-18 
170.0,1.7715574064173413E-18 170.0,-1.7715574064173413E-18 
171.0,1.409345398571181E-17 171.0,-1.409345398571181E-17 
172.0,1.5415228754124315E-17 172.0,1.5415228754124315E-17 
173.0,1.2234990985145527E-17 173.0,1.2234990985145527E-17 
174.0,1.455686633981057E-17 174.0,1.455686633981057E-17 
175.0,3.441375972891444E-17 175.0,-3.441375972891444E-17 
176.0,1.8271558878013051E-4 176.0,1.8271558878013051E-4 
177.0,2.2994303388204233E-17 177.0,-2.2994303388204233E-17 
178.0,3.510025063288128E-18 178.0,-3.510025063288128E-18 
179.0,1.0652930301887127E-17 179.0,1.0652930301887127E-17 
180.0,6.5960370147419975E-18 180.0,6.5960370147419975E-18 
181.0,1.683314588645712E-18 181.0,-1.683314588645712E-18 
182.0,6.946244128573006E-18 182.0,-6.946244128573006E-18 
183.0,2.535934479083863E-17 183.0,-2.535934479083863E-17 
184.0,5.146454147996783E-5 184.0,-5.146454147996783E-5 
185.0,9.32200049645329E-19 185.0,-9.32200049645329E-19 
186.0,8.703372223353004E-19 186.0,-8.703372223353004E-19 
187.0,3.8295617628547826E-18 187.0,-3.8295617628547826E-18 
188.0,4.036695403365133E-18 188.0,4.036695403365133E-18 
189.0,3.3248985906701046E-18 189.0,3.3248985906701046E-18 
190.0,3.4681457440031854E-18 190.0,3.4681457440031854E-18 
191.0,2.863120627597141E-17 191.0,-2.863120627597141E-17 
192.0,3.0459841975791213E-5 192.0,3.0459841975791213E-5 
193.0,1.0513832739890858E-17 193.0,-1.0513832739890858E-17 
194.0,5.703425263690401E-18 194.0,-5.703425263690401E-18 
195.0,2.065237206459899E-17 195.0,2.065237206459899E-17 
196.0,8.900310131829567E-18 196.0,8.900310131829567E-18 
197.0,2.0602328417359358E-18 197.0,-2.0602328417359358E-18 
198.0,5.527262826866214E-18 198.0,-5.527262826866214E-18 
199.0,3.6852206357944744E-17 199.0,-3.6852206357944744E-17 
200.0,1.1780262552487167E-4 200.0,1.1780262552487167E-4 
201.0,7.786465508860026E-19 201.0,-7.786465508860026E-19 
202.0,5.4124911739125564E-18 202.0,-5.4124911739125564E-18 
203.0,7.174668601704676E-18 203.0,7.174668601704676E-18 
204.0,1.5988304777259997E-18 204.0,1.5988304777259997E-18 
205.0,6.762754049106241E-19 205.0,-6.762754049106241E-19 
206.0,1.6420067126009253E-18 206.0,1.6420067126009253E-18 
207.0,3.4721246746584264E-17 207.0,-3.4721246746584264E-17 
208.0,5.813445672887222E-5 208.0,-5.813445672887222E-5 
209.0,7.070695278017916E-18 209.0,-7.070695278017916E-18 
210.0,6.447697211998661E-18 210.0,-6.447697211998661E-18 
211.0,5.9515480330996036E-18 211.0,5.9515480330996036E-18 
212.0,6.29479340954473E-18 212.0,6.29479340954473E-18 
213.0,1.3317132351035115E-17 213.0,1.3317132351035115E-17 
214.0,1.3767094562838148E-18 214.0,-1.3767094562838148E-18 
215.0,2.503933437747569E-17 215.0,-2.503933437747569E-17 
216.0,2.3024544786149313E-5 216.0,-2.3024544786149313E-5 
217.0,4.862759292664918E-18 217.0,4.862759292664918E-18 
218.0,1.0616117275820307E-18 218.0,-1.0616117275820307E-18 
219.0,5.696078539744474E-18 219.0,-5.696078539744474E-18 
220.0,4.208244023366195E-18 220.0,4.208244023366195E-18 
221.0,8.743956878320939E-18 221.0,8.743956878320939E-18 
222.0,2.5982960826052044E-18 222.0,2.5982960826052044E-18 
223.0,2.8610904051170634E-17 223.0,-2.8610904051170634E-17 
224.0,7.825663648959504E-5 224.0,7.825663648959504E-5 
225.0,6.946165422409587E-18 225.0,-6.946165422409587E-18 
226.0,2.8038613289567616E-18 226.0,-2.8038613289567616E-18 
227.0,3.498264201744246E-18 227.0,3.498264201744246E-18 
228.0,4.807267007514904E-19 228.0,-4.807267007514904E-19 
229.0,5.359162993209245E-18 229.0,5.359162993209245E-18 
230.0,5.334885893717151E-18 230.0,-5.334885893717151E-18 
231.0,1.6624607844065907E-17 231.0,-1.6624607844065907E-17 
232.0,3.387791345547042E-5 232.0,-3.387791345547042E-5 
233.0,3.8375887378142615E-18 233.0,-3.8375887378142615E-18 
234.0,1.8236842701689348E-18 234.0,-1.8236842701689348E-18 
235.0,3.585822814940473E-18 235.0,-3.585822814940473E-18 
236.0,6.424960210924744E-18 236.0,6.424960210924744E-18 
237.0,4.600322627883014E-18 237.0,4.600322627883014E-18 
238.0,3.9693689469410025E-18 238.0,3.9693689469410025E-18 
239.0,1.7989758682673286E-17 239.0,-1.7989758682673286E-17 
240.0,1.0103556147233236E-4 240.0,1.0103556147233236E-4 
241.0,8.112374869823347E-18 241.0,-8.112374869823347E-18 
242.0,2.318151592193757E-18 242.0,-2.318151592193757E-18 
243.0,3.305384189968708E-18 243.0,3.305384189968708E-18 
244.0,1.7447996125259703E-18 244.0,1.7447996125259703E-18 
245.0,7.791973411682941E-19 245.0,7.791973411682941E-19 
246.0,3.1272339433445234E-18 246.0,-3.1272339433445234E-18 
247.0,1.0627361640902912E-17 247.0,-1.0627361640902912E-17 
248.0,1.4327724157848663E-5 248.0,-1.4327724157848663E-5 
249.0,1.5743877133788463E-18 249.0,-1.5743877133788463E-18 
250.0,5.114531917156475E-19 250.0,-5.114531917156475E-19 
251.0,2.5977922732915016E-18 251.0,-2.5977922732915016E-18 
252.0,3.182924083433979E-18 252.0,3.182924083433979E-18 
253.0,3.227805570773812E-18 253.0,3.227805570773812E-18 
254.0,1.4514484503329157E-18 254.0,1.4514484503329157E-18 
255.0,1.1673113337402906E-17 255.0,-1.1673113337402906E-17 
256.0,7.224238115053966E-5 256.0,-7.224238115053966E-5 
257.0,3.0153012263920303E-18 257.0,-3.0153012263920303E-18 
258.0,7.917717522923464E-19 258.0,-7.917717522923464E-19 
259.0,5.038933147417303E-18 259.0,5.038933147417303E-18 
260.0,1.3170408240219389E-18 260.0,1.3170408240219389E-18 
261.0,3.0525869341719063E-19 261.0,3.0525869341719063E-19 
262.0,1.1243828638093302E-18 262.0,-1.1243828638093302E-18 
263.0,9.997039183093879E-18 263.0,-9.997039183093879E-18 
264.0,3.770605788354516E-5 264.0,3.770605788354516E-5 
265.0,1.196680295935214E-19 265.0,-1.196680295935214E-19 
266.0,1.574871037370927E-18 266.0,-1.574871037370927E-18 
267.0,9.359116628835497E-19 267.0,9.359116628835497E-19 
268.0,5.26064022598282E-19 268.0,5.26064022598282E-19 
269.0,1.3621577631677257E-19 269.0,-1.3621577631677257E-19 
270.0,1.1416893440954233E-18 270.0,1.1416893440954233E-18 
271.0,1.0868854925460033E-17 271.0,-1.0868854925460033E-17 
272.0,1.0099726131934986E-4 272.0,-1.0099726131934986E-4 
273.0,2.2816531110221235E-18 273.0,-2.2816531110221235E-18 
274.0,1.4972452811191676E-18 274.0,-1.4972452811191676E-18 
275.0,2.343234505983547E-18 275.0,2.343234505983547E-18 
276.0,1.6481429281228989E-18 276.0,1.6481429281228989E-18 
277.0,3.109014555365092E-18 277.0,3.109014555365092E-18 
278.0,4.2833502190367466E-19 278.0,-4.2833502190367466E-19 
279.0,7.849838193117026E-18 279.0,-7.849838193117026E-18 
280.0,8.464315623206735E-6 280.0,-8.464315623206735E-6 
281.0,8.480078411710321E-19 281.0,8.480078411710321E-19 
282.0,5.935965796962901E-19 282.0,-5.935965796962901E-19 
283.0,1.336855454706598E-18 283.0,-1.336855454706598E-18 
284.0,1.0785597275856352E-18 284.0,1.0785597275856352E-18 
285.0,1.5281998200995209E-18 285.0,1.5281998200995209E-18 
286.0,9.992816791609132E-19 286.0,9.992816791609132E-19 
287.0,8.760759707236358E-18 287.0,-8.760759707236358E-18 
288.0,3.171884347308871E-5 288.0,-3.171884347308871E-5 
289.0,1.939533921405878E-18 289.0,-1.939533921405878E-18 
290.0,5.54539832257681E-19 290.0,-5.54539832257681E-19 
291.0,1.9514999993530127E-18 291.0,1.9514999993530127E-18 
292.0,1.891295092633718E-19 292.0,-1.891295092633718E-19 
293.0,1.1949448227023343E-18 293.0,1.1949448227023343E-18 
294.0,1.616732732921966E-18 294.0,-1.616732732921966E-18 
295.0,6.253747785436408E-18 295.0,-6.253747785436408E-18 
296.0,1.0450799193260343E-4 296.0,1.0450799193260343E-4 
297.0,1.196249022756736E-18 297.0,-1.196249022756736E-18 
298.0,7.754338192760795E-19 298.0,-7.754338192760795E-19 
299.0,9.55834424718675E-19 299.0,-9.55834424718675E-19 
300.0,1.5336675310054624E-18 300.0,1.5336675310054624E-18 
301.0,1.1901783337626582E-18 301.0,1.1901783337626582E-18 
302.0,9.439919241753718E-19 302.0,9.439919241753718E-19 
303.0,7.01574943730531E-18 303.0,-7.01574943730531E-18 
304.0,5.853880228739051E-5 304.0,-5.853880228739051E-5 
305.0,2.6630837439887115E-18 305.0,-2.6630837439887115E-18 
306.0,4.645123832118256E-19 306.0,-4.645123832118256E-19 
307.0,1.4956807783836393E-18 307.0,1.4956807783836393E-18 
308.0,6.220602095119712E-19 308.0,6.220602095119712E-19 
309.0,6.684244585388322E-19 309.0,6.684244585388322E-19 
310.0,9.96516042131381E-19 310.0,-9.96516042131381E-19 
311.0,4.153236680827564E-18 311.0,-4.153236680827564E-18 
312.0,7.030499333785564E-5 312.0,7.030499333785564E-5 
313.0,3.0024901381859127E-19 313.0,-3.0024901381859127E-19 
314.0,6.779802810064211E-20 314.0,-6.779802810064211E-20 
315.0,1.4184839911933888E-18 315.0,-1.4184839911933888E-18 
316.0,1.1462457507302746E-18 316.0,1.1462457507302746E-18 
317.0,9.842270269024551E-19 317.0,9.842270269024551E-19 
318.0,7.14458878565329E-19 318.0,7.14458878565329E-19 
319.0,4.316190110875262E-18 319.0,-4.316190110875262E-18 
320.0,2.226223717648754E-5 320.0,-2.226223717648754E-5 
321.0,2.085018675005164E-18 321.0,-2.085018675005164E-18 
322.0,1.8534011876433895E-19 322.0,-1.8534011876433895E-19 
323.0,2.1486821112152743E-18 323.0,2.1486821112152743E-18 
324.0,7.649502694496826E-19 324.0,7.649502694496826E-19 
325.0,8.054341784858811E-20 325.0,-8.054341784858811E-20 
326.0,1.2901138719310129E-18 326.0,-1.2901138719310129E-18 
327.0,4.008309358879776E-18 327.0,-4.008309358879776E-18 
328.0,2.8520463465626965E-5 328.0,2.8520463465626965E-5 
329.0,2.0777732203176907E-19 329.0,-2.0777732203176907E-19 
330.0,6.406677435617139E-19 330.0,-6.406677435617139E-19 
331.0,9.896493627379612E-20 331.0,9.896493627379612E-20 
332.0,4.125780389405385E-19 332.0,4.125780389405385E-19 
333.0,1.2016844987252472E-19 333.0,1.2016844987252472E-19 
334.0,2.93345476893449E-19 334.0,2.93345476893449E-19 
335.0,3.819864663543815E-18 335.0,-3.819864663543815E-18 
336.0,3.151967006861066E-5 336.0,-3.151967006861066E-5 
337.0,1.4080300962283803E-18 337.0,-1.4080300962283803E-18 
338.0,6.852690359439597E-19 338.0,-6.852690359439597E-19 
339.0,6.747508734195388E-19 339.0,6.747508734195388E-19 
340.0,1.056784228744497E-18 340.0,1.056784228744497E-18 
341.0,1.4533664109406054E-18 341.0,1.4533664109406054E-18 
342.0,2.6272601223316426E-19 342.0,-2.6272601223316426E-19 
343.0,2.9719008997106947E-18 343.0,-2.9719008997106947E-18 
344.0,8.667488064687586E-6 344.0,8.667488064687586E-6 
345.0,4.944813861880223E-19 345.0,4.944813861880223E-19 
346.0,8.313944884320956E-20 346.0,8.313944884320956E-20 
347.0,7.250740441189562E-19 347.0,-7.250740441189562E-19 
348.0,6.710602932200658E-19 348.0,6.710602932200658E-19 
349.0,6.527204595749778E-19 349.0,6.527204595749778E-19 
350.0,6.561373737922958E-19 350.0,6.561373737922958E-19 
351.0,2.7351764925421377E-18 351.0,-2.7351764925421377E-18 
352.0,1.3044486767407448E-5 352.0,-1.3044486767407448E-5 
353.0,9.131924207448783E-19 353.0,-9.131924207448783E-19 
354.0,3.29011788312685E-19 354.0,-3.29011788312685E-19 
355.0,4.831422551052417E-19 355.0,4.831422551052417E-19 
356.0,1.7728694334740068E-19 356.0,1.7728694334740068E-19 
357.0,5.84264800717188E-19 357.0,5.84264800717188E-19 
358.0,6.596826634420197E-19 358.0,-6.596826634420197E-19 
359.0,2.47466773248291E-18 359.0,-2.47466773248291E-18 
360.0,2.4182585954679397E-5 360.0,2.4182585954679397E-5 
361.0,5.401321551355817E-19 361.0,-5.401321551355817E-19 
362.0,2.931090090987129E-19 362.0,-2.931090090987129E-19 
363.0,4.785513623121433E-19 363.0,-4.785513623121433E-19 
364.0,7.4726536281898E-19 364.0,7.4726536281898E-19 
365.0,4.0819689592993424E-19 365.0,4.0819689592993424E-19 
366.0,3.557834025826299E-19 366.0,3.557834025826299E-19 
367.0,2.3447029905776666E-18 367.0,-2.3447029905776666E-18 
368.0,1.4873335790618935E-5 368.0,-1.4873335790618935E-5 
369.0,1.0062826164750926E-18 369.0,-1.0062826164750926E-18 
370.0,3.038691367172489E-19 370.0,-3.038691367172489E-19 
371.0,4.419938640453688E-19 371.0,4.419938640453688E-19 
372.0,2.3833539759791743E-19 372.0,2.3833539759791743E-19 
373.0,3.1926433702756747E-19 373.0,3.1926433702756747E-19 
374.0,4.0499165068805235E-19 374.0,-4.0499165068805235E-19 
375.0,1.5735589322865305E-18 375.0,-1.5735589322865305E-18 
376.0,2.366221956403002E-5 376.0,2.366221956403002E-5 
377.0,2.7647275950304876E-19 377.0,-2.7647275950304876E-19 
378.0,3.5986395152536067E-20 378.0,-3.5986395152536067E-20 
379.0,5.560070081454031E-19 379.0,-5.560070081454031E-19 
380.0,5.679580122897554E-19 380.0,5.679580122897554E-19 
381.0,4.861165764346901E-19 381.0,4.861165764346901E-19 
382.0,2.2607800793964653E-19 382.0,2.2607800793964653E-19 
383.0,1.7490790337617523E-18 383.0,-1.7490790337617523E-18 
384.0,8.704666987807545E-6 384.0,-8.704666987807545E-6 
385.0,7.000412844554831E-19 385.0,-7.000412844554831E-19 
386.0,8.022573221221423E-20 386.0,-8.022573221221423E-20 
387.0,7.410065834285572E-19 387.0,7.410065834285572E-19 
388.0,2.0760326044998404E-19 388.0,2.0760326044998404E-19 
389.0,1.0050561554808676E-20 389.0,1.0050561554808676E-20 
390.0,4.26500487606544E-19 390.0,-4.26500487606544E-19 
391.0,1.3054717347867125E-18 391.0,-1.3054717347867125E-18 
392.0,1.322599839001897E-5 392.0,1.322599839001897E-5 
393.0,1.0795594890768747E-19 393.0,-1.0795594890768747E-19 
394.0,2.200348859257231E-19 394.0,-2.200348859257231E-19 
395.0,3.824715683329693E-20 395.0,-3.824715683329693E-20 
396.0,1.8216522920888189E-19 396.0,1.8216522920888189E-19 
397.0,1.0818569911235568E-19 397.0,1.0818569911235568E-19 
398.0,1.1520028035282632E-19 398.0,1.1520028035282632E-19 
399.0,1.5373973299031398E-18 399.0,-1.5373973299031398E-18 
400.0,7.868437086870427E-6 400.0,-7.868437086870427E-6 
401.0,5.680946880513264E-19 401.0,-5.680946880513264E-19 
402.0,2.1524667153602774E-19 402.0,-2.1524667153602774E-19 
403.0,2.931153341503146E-19 403.0,2.931153341503146E-19 
404.0,3.5662764044270867E-19 404.0,3.5662764044270867E-19 
405.0,4.2327855110716826E-19 405.0,4.2327855110716826E-19 
406.0,1.5076876384673552E-19 406.0,-1.5076876384673552E-19 
407.0,9.654270011162334E-19 407.0,-9.654270011162334E-19 
408.0,5.448808731061197E-6 408.0,5.448808731061197E-6 
409.0,1.2306152162490852E-19 409.0,1.2306152162490852E-19 
410.0,1.618200287277099E-20 410.0,1.618200287277099E-20 
411.0,1.874806389015642E-19 411.0,-1.874806389015642E-19 
412.0,2.44442507359117E-19 412.0,2.44442507359117E-19 
413.0,2.056917382097641E-19 413.0,2.056917382097641E-19 
414.0,2.2055851097548754E-19 414.0,2.2055851097548754E-19 
415.0,9.899894391208416E-19 415.0,-9.899894391208416E-19 
416.0,2.990780086559419E-6 416.0,-2.990780086559419E-6 
417.0,3.6008850352940105E-19 417.0,-3.6008850352940105E-19 
418.0,1.2138550614378842E-19 418.0,-1.2138550614378842E-19 
419.0,2.547178389181903E-19 419.0,2.547178389181903E-19 
420.0,1.0430970765455726E-19 420.0,1.0430970765455726E-19 
421.0,1.9594951437554852E-19 421.0,1.9594951437554852E-19 
422.0,2.2879594807101255E-19 422.0,-2.2879594807101255E-19 
423.0,9.530023839846246E-19 423.0,-9.530023839846246E-19 
424.0,8.09102570999872E-6 424.0,8.09102570999872E-6 
425.0,1.6242937037849058E-19 425.0,-1.6242937037849058E-19 
426.0,1.0349707969330859E-19 426.0,-1.0349707969330859E-19 
427.0,1.1914763603670045E-19 427.0,-1.1914763603670045E-19 
428.0,2.463582787763908E-19 428.0,2.463582787763908E-19 
429.0,1.3934762389764773E-19 429.0,1.3934762389764773E-19 
430.0,1.2278356250517297E-19 430.0,1.2278356250517297E-19 
431.0,9.008061411633832E-19 431.0,-9.008061411633832E-19 
432.0,5.47789454699834E-6 432.0,-5.47789454699834E-6 
433.0,3.698748915162296E-19 433.0,-3.698748915162296E-19 
434.0,1.1599507017342678E-19 434.0,-1.1599507017342678E-19 
435.0,1.598320609593654E-19 435.0,1.598320609593654E-19 
436.0,1.0033787217969203E-19 436.0,1.0033787217969203E-19 
437.0,1.5321648210002563E-19 437.0,1.5321648210002563E-19 
438.0,1.4038427253726206E-19 438.0,-1.4038427253726206E-19 
439.0,5.134451953873225E-19 439.0,-5.134451953873225E-19 
440.0,8.572930475776708E-6 440.0,8.572930475776708E-6 
441.0,7.89900210698064E-20 441.0,-7.89900210698064E-20 
442.0,7.366721600338301E-21 442.0,-7.366721600338301E-21 
443.0,2.0621381106384996E-19 443.0,-2.0621381106384996E-19 
444.0,2.1530398267403093E-19 444.0,2.1530398267403093E-19 
445.0,1.8370099148270417E-19 445.0,1.8370099148270417E-19 
446.0,9.386427565968938E-20 446.0,9.386427565968938E-20 
447.0,6.817731925392681E-19 447.0,-6.817731925392681E-19 
448.0,2.141768142145423E-6 448.0,-2.141768142145423E-6 
449.0,3.632817416637309E-19 449.0,-3.632817416637309E-19 
450.0,1.935578596916634E-20 450.0,-1.935578596916634E-20 
451.0,2.947938794349056E-19 451.0,2.947938794349056E-19 
452.0,9.164741229956358E-20 452.0,9.164741229956358E-20 
453.0,1.2719268573786519E-20 453.0,-1.2719268573786519E-20 
454.0,2.3445592887681707E-19 454.0,-2.3445592887681707E-19 
455.0,4.945550962405447E-19 455.0,-4.945550962405447E-19 
456.0,5.528146931350596E-6 456.0,5.528146931350596E-6 
457.0,7.144489577537292E-20 457.0,-7.144489577537292E-20 
458.0,8.052664538179006E-20 458.0,-8.052664538179006E-20 
459.0,2.1478611102742085E-20 459.0,-2.1478611102742085E-20 
460.0,9.475973790593321E-20 460.0,9.475973790593321E-20 
461.0,5.605710619259116E-20 461.0,5.605710619259116E-20 
462.0,3.040363874838794E-20 462.0,3.040363874838794E-20 
463.0,5.59591103226443E-19 463.0,-5.59591103226443E-19 
464.0,2.2664650653466203E-6 464.0,-2.2664650653466203E-6 
465.0,2.771358987558416E-19 465.0,-2.771358987558416E-19 
466.0,8.807635280737604E-20 466.0,-8.807635280737604E-20 
467.0,8.431181764782669E-20 467.0,8.431181764782669E-20 
468.0,1.667960736548675E-19 468.0,1.667960736548675E-19 
469.0,1.8229114717725658E-19 469.0,1.8229114717725658E-19 
470.0,7.389925073627939E-20 470.0,-7.389925073627939E-20 
471.0,3.8379420632165577E-19 471.0,-3.8379420632165577E-19 
472.0,3.142951361825959E-6 472.0,3.142951361825959E-6 
473.0,5.0018305781351346E-20 473.0,5.0018305781351346E-20 
474.0,3.820105175620956E-20 474.0,3.820105175620956E-20 
475.0,1.263529212007315E-19 475.0,-1.263529212007315E-19 
476.0,1.227536240824435E-19 476.0,1.227536240824435E-19 
477.0,9.066460175131698E-20 477.0,9.066460175131698E-20 
478.0,1.020078437754464E-19 478.0,1.020078437754464E-19 
479.0,3.668412691121256E-19 479.0,-3.668412691121256E-19 
480.0,1.0134259529482047E-6 480.0,-1.0134259529482047E-6 
481.0,1.6916247791425651E-19 481.0,-1.6916247791425651E-19 
482.0,5.352275645552761E-20 482.0,-5.352275645552761E-20 
483.0,6.756728388577878E-20 483.0,6.756728388577878E-20 
484.0,6.356605771907688E-20 484.0,6.356605771907688E-20 
485.0,8.288647680258634E-20 485.0,8.288647680258634E-20 
486.0,9.842554788360505E-20 486.0,-9.842554788360505E-20 
487.0,3.2516635549558977E-19 487.0,-3.2516635549558977E-19 
488.0,2.4483446470921773E-6 488.0,2.4483446470921773E-6 
489.0,7.465480035437292E-20 489.0,-7.465480035437292E-20 
490.0,3.0676513052290457E-20 490.0,-3.0676513052290457E-20 
491.0,5.941035358461181E-20 491.0,-5.941035358461181E-20 
492.0,1.1492764992642487E-19 492.0,1.1492764992642487E-19 
493.0,5.1607802407267536E-20 493.0,5.1607802407267536E-20 
494.0,5.158746530020654E-20 494.0,5.158746530020654E-20 
495.0,3.2249095043464653E-19 495.0,-3.2249095043464653E-19 
496.0,1.370993288401327E-6 496.0,-1.370993288401327E-6 
497.0,1.5074647568347711E-19 497.0,-1.5074647568347711E-19 
498.0,5.4106833250655603E-20 498.0,-5.4106833250655603E-20 
499.0,5.0390069993984527E-20 499.0,5.0390069993984527E-20 
500.0,4.660550555936414E-20 500.0,4.660550555936414E-20 
501.0,6.045302788248669E-20 501.0,6.045302788248669E-20 
502.0,5.727673733854614E-20 502.0,-5.727673733854614E-20 
503.0,2.0935695255646295E-19 503.0,-2.0935695255646295E-19 
504.0,2.7236279028088634E-6 504.0,2.7236279028088634E-6 
505.0,4.8815337274031707E-20 505.0,-4.8815337274031707E-20 
506.0,1.131272469845225E-21 506.0,1.131272469845225E-21 
507.0,7.820342512220384E-20 507.0,-7.820342512220384E-20 
508.0,9.603009419265231E-20 508.0,9.603009419265231E-20 
509.0,7.39494701575242E-20 509.0,7.39494701575242E-20 
510.0,3.2075250674574204E-20 510.0,3.2075250674574204E-20 
511.0,2.6319239299229883E-19 511.0,-2.6319239299229883E-19 
