X:Sigma Y: Green:Absolute,
0.0,2.3979709466622747E-5 0.0,2.3979709466622747E-5 
1.0,1.0910995135677491E-16 1.0,1.0910995135677491E-16 
2.0,8.077808741507799E-17 2.0,8.077808741507799E-17 
3.0,1.7457554816610407E-16 3.0,-1.7457554816610407E-16 
4.0,1.676247276370979E-16 4.0,1.676247276370979E-16 
5.0,4.994907887213701E-16 5.0,4.994907887213701E-16 
6.0,2.5936630357151276E-16 6.0,-2.5936630357151276E-16 
7.0,6.75785430414902E-16 7.0,-6.75785430414902E-16 
8.0,3.100370533488106E-4 8.0,3.100370533488106E-4 
9.0,1.0564519290218571E-15 9.0,-1.0564519290218571E-15 
10.0,3.936673898562705E-17 10.0,-3.936673898562705E-17 
11.0,1.6257664937874288E-16 11.0,-1.6257664937874288E-16 
12.0,9.741618877792779E-17 12.0,9.741618877792779E-17 
13.0,1.3481220455475394E-15 13.0,-1.3481220455475394E-15 
14.0,2.1931565024244864E-16 14.0,2.1931565024244864E-16 
15.0,1.2633784132199434E-15 15.0,-1.2633784132199434E-15 
16.0,8.224718554311465E-6 16.0,8.224718554311465E-6 
17.0,1.1369981736877956E-15 17.0,-1.1369981736877956E-15 
18.0,2.565669728817539E-16 18.0,-2.565669728817539E-16 
19.0,1.4252892892127827E-15 19.0,-1.4252892892127827E-15 
20.0,5.370507763574567E-17 20.0,5.370507763574567E-17 
21.0,4.958433715423636E-16 21.0,-4.958433715423636E-16 
22.0,9.286311222065861E-17 22.0,9.286311222065861E-17 
23.0,5.861187874535828E-16 23.0,-5.861187874535828E-16 
24.0,2.43940721011561E-4 24.0,-2.43940721011561E-4 
25.0,9.509682705912586E-16 25.0,-9.509682705912586E-16 
26.0,1.2326916371935946E-15 26.0,1.2326916371935946E-15 
27.0,1.0714541266841888E-15 27.0,-1.0714541266841888E-15 
28.0,5.451552387039706E-16 28.0,5.451552387039706E-16 
29.0,1.199748193784679E-16 29.0,-1.199748193784679E-16 
30.0,3.3110116364069364E-16 30.0,-3.3110116364069364E-16 
31.0,5.098162800931265E-16 31.0,-5.098162800931265E-16 
32.0,1.1397913692870465E-4 32.0,1.1397913692870465E-4 
33.0,3.836481357398368E-16 33.0,3.836481357398368E-16 
34.0,2.332906674685803E-16 34.0,-2.332906674685803E-16 
35.0,2.5678251608822937E-16 35.0,2.5678251608822937E-16 
36.0,8.436091887634752E-16 36.0,8.436091887634752E-16 
37.0,2.372598260189299E-15 37.0,-2.372598260189299E-15 
38.0,4.611330309497254E-16 38.0,-4.611330309497254E-16 
39.0,1.7687103762627815E-15 39.0,-1.7687103762627815E-15 
40.0,1.7439771371275704E-4 40.0,-1.7439771371275704E-4 
41.0,1.3256662390760104E-15 41.0,-1.3256662390760104E-15 
42.0,2.4074133308746023E-16 42.0,2.4074133308746023E-16 
43.0,1.5720033317459696E-15 43.0,-1.5720033317459696E-15 
44.0,1.7226441077633858E-16 44.0,1.7226441077633858E-16 
45.0,1.7729211016166308E-15 45.0,-1.7729211016166308E-15 
46.0,5.260840485106272E-16 46.0,5.260840485106272E-16 
47.0,5.975451354691744E-16 47.0,-5.975451354691744E-16 
48.0,0.001216245898716592 48.0,-0.001216245898716592 
49.0,1.058173914318708E-15 49.0,-1.058173914318708E-15 
50.0,2.5148624065266906E-16 50.0,2.5148624065266906E-16 
51.0,3.7698727080876405E-16 51.0,-3.7698727080876405E-16 
52.0,1.8177184555388853E-16 52.0,1.8177184555388853E-16 
53.0,9.327184636158848E-16 53.0,-9.327184636158848E-16 
54.0,2.6065907021986244E-16 54.0,2.6065907021986244E-16 
55.0,1.1375376715850312E-15 55.0,-1.1375376715850312E-15 
56.0,1.2337806881784243E-4 56.0,-1.2337806881784243E-4 
57.0,5.846828725161064E-16 57.0,-5.846828725161064E-16 
58.0,5.891354210731206E-16 58.0,-5.891354210731206E-16 
59.0,1.003226009558321E-15 59.0,-1.003226009558321E-15 
60.0,2.698981254008464E-16 60.0,2.698981254008464E-16 
61.0,1.228964019120064E-15 61.0,-1.228964019120064E-15 
62.0,6.091462760806725E-16 62.0,-6.091462760806725E-16 
63.0,7.408814223064609E-16 63.0,-7.408814223064609E-16 
64.0,3.1836626116945287E-4 64.0,-3.1836626116945287E-4 
65.0,1.0363122540417682E-15 65.0,-1.0363122540417682E-15 
66.0,7.104607633109175E-18 66.0,7.104607633109175E-18 
67.0,6.034747937584538E-16 67.0,-6.034747937584538E-16 
68.0,5.676597997010542E-17 68.0,-5.676597997010542E-17 
69.0,7.964382604138293E-16 69.0,-7.964382604138293E-16 
70.0,1.447854741779291E-16 70.0,-1.447854741779291E-16 
71.0,6.084943180518985E-16 71.0,-6.084943180518985E-16 
72.0,3.85573312414178E-4 72.0,3.85573312414178E-4 
73.0,1.5620324638091089E-16 73.0,-1.5620324638091089E-16 
74.0,4.524257683973267E-16 74.0,4.524257683973267E-16 
75.0,6.659143347469933E-17 75.0,-6.659143347469933E-17 
76.0,1.724648380548642E-16 76.0,1.724648380548642E-16 
77.0,1.7065612534904263E-15 77.0,-1.7065612534904263E-15 
78.0,7.330889177620412E-17 78.0,7.330889177620412E-17 
79.0,1.4889315015125182E-15 79.0,-1.4889315015125182E-15 
80.0,1.3089216407145398E-4 80.0,-1.3089216407145398E-4 
81.0,1.2906204502859E-15 81.0,-1.2906204502859E-15 
82.0,7.538043314926795E-17 82.0,-7.538043314926795E-17 
83.0,1.2438437267331046E-15 83.0,-1.2438437267331046E-15 
84.0,6.840761712361467E-16 84.0,6.840761712361467E-16 
85.0,5.610610205438984E-16 85.0,-5.610610205438984E-16 
86.0,2.0609439344834714E-16 86.0,2.0609439344834714E-16 
87.0,5.398422713781053E-16 87.0,-5.398422713781053E-16 
88.0,1.321468550694732E-4 88.0,-1.321468550694732E-4 
89.0,5.708297164581625E-16 89.0,-5.708297164581625E-16 
90.0,6.69526555376668E-16 90.0,6.69526555376668E-16 
91.0,6.450197842058264E-16 91.0,-6.450197842058264E-16 
92.0,4.813949590019205E-16 92.0,4.813949590019205E-16 
93.0,7.151065811098696E-16 93.0,-7.151065811098696E-16 
94.0,6.64954022822123E-17 94.0,6.64954022822123E-17 
95.0,6.647406501628004E-16 95.0,-6.647406501628004E-16 
96.0,6.174134141104792E-4 96.0,6.174134141104792E-4 
97.0,4.7502086424059745E-17 97.0,-4.7502086424059745E-17 
98.0,7.219743445834653E-17 98.0,-7.219743445834653E-17 
99.0,4.01754220695476E-16 99.0,-4.01754220695476E-16 
100.0,7.214478228416956E-16 100.0,7.214478228416956E-16 
101.0,1.647015698927139E-15 101.0,-1.647015698927139E-15 
102.0,5.857484968985699E-17 102.0,-5.857484968985699E-17 
103.0,1.2773146722864818E-15 103.0,-1.2773146722864818E-15 
104.0,9.873630189757496E-5 104.0,-9.873630189757496E-5 
105.0,9.293471100216636E-16 105.0,-9.293471100216636E-16 
106.0,2.300296765084443E-16 106.0,2.300296765084443E-16 
107.0,9.613027072686146E-16 107.0,-9.613027072686146E-16 
108.0,3.7985220638349276E-16 108.0,3.7985220638349276E-16 
109.0,1.053344754719216E-15 109.0,-1.053344754719216E-15 
110.0,1.8031754540778526E-16 110.0,1.8031754540778526E-16 
111.0,5.303808579413993E-16 111.0,-5.303808579413993E-16 
112.0,1.3963834232340322E-4 112.0,1.3963834232340322E-4 
113.0,4.537111986881984E-16 113.0,-4.537111986881984E-16 
114.0,2.6050574973689713E-16 114.0,2.6050574973689713E-16 
115.0,3.2655908828138343E-16 115.0,-3.2655908828138343E-16 
116.0,3.4545024745739814E-16 116.0,3.4545024745739814E-16 
117.0,7.962099276410024E-16 117.0,-7.962099276410024E-16 
118.0,5.087489314885534E-17 118.0,5.087489314885534E-17 
119.0,9.490719571889031E-16 119.0,-9.490719571889031E-16 
120.0,5.77329065888383E-6 120.0,-5.77329065888383E-6 
121.0,6.662645365322162E-16 121.0,-6.662645365322162E-16 
122.0,2.0084723386170668E-16 122.0,-2.0084723386170668E-16 
123.0,6.910319902035207E-16 123.0,-6.910319902035207E-16 
124.0,3.3025443697230484E-16 124.0,3.3025443697230484E-16 
125.0,8.676125945755408E-16 125.0,-8.676125945755408E-16 
126.0,2.4410138612696103E-16 126.0,-2.4410138612696103E-16 
127.0,5.132816334575372E-16 127.0,-5.132816334575372E-16 
128.0,2.1369644626850412E-5 128.0,2.1369644626850412E-5 
129.0,6.144787751328277E-16 129.0,-6.144787751328277E-16 
130.0,1.0741235312917899E-16 130.0,1.0741235312917899E-16 
131.0,3.8186818092352298E-16 131.0,-3.8186818092352298E-16 
132.0,6.691304407525566E-17 132.0,6.691304407525566E-17 
133.0,6.128649339328604E-16 133.0,-6.128649339328604E-16 
134.0,5.806121641415787E-17 134.0,-5.806121641415787E-17 
135.0,4.98854537780512E-16 135.0,-4.98854537780512E-16 
136.0,1.9187578331070904E-4 136.0,1.9187578331070904E-4 
137.0,2.1978023376451026E-16 137.0,-2.1978023376451026E-16 
138.0,1.8843086393916853E-16 138.0,1.8843086393916853E-16 
139.0,1.8057795819289096E-16 139.0,-1.8057795819289096E-16 
140.0,1.9345326333654986E-16 140.0,1.9345326333654986E-16 
141.0,9.847063577527026E-16 141.0,-9.847063577527026E-16 
142.0,3.1473458855233E-17 142.0,-3.1473458855233E-17 
143.0,7.947217792913412E-16 143.0,-7.947217792913412E-16 
144.0,2.5013233880496512E-5 144.0,-2.5013233880496512E-5 
145.0,7.307796905412573E-16 145.0,-7.307796905412573E-16 
146.0,1.1250228642592532E-17 146.0,1.1250228642592532E-17 
147.0,6.262536317682794E-16 147.0,-6.262536317682794E-16 
148.0,3.667724721099649E-16 148.0,3.667724721099649E-16 
149.0,4.086941540821754E-16 149.0,-4.086941540821754E-16 
150.0,8.652796541551782E-17 150.0,8.652796541551782E-17 
151.0,3.4420654211565795E-16 151.0,-3.4420654211565795E-16 
152.0,1.1671287218871507E-6 152.0,-1.1671287218871507E-6 
153.0,2.788961519116336E-16 153.0,-2.788961519116336E-16 
154.0,3.054262575297714E-16 154.0,3.054262575297714E-16 
155.0,2.955117336637524E-16 155.0,-2.955117336637524E-16 
156.0,2.5599903784935567E-16 156.0,2.5599903784935567E-16 
157.0,5.749551822363032E-16 157.0,-5.749551822363032E-16 
158.0,4.9428696340265794E-17 158.0,4.9428696340265794E-17 
159.0,4.6423451974766E-16 159.0,-4.6423451974766E-16 
160.0,3.023217181755966E-4 160.0,3.023217181755966E-4 
161.0,2.1961272554617025E-16 161.0,-2.1961272554617025E-16 
162.0,1.5647710817484466E-17 162.0,-1.5647710817484466E-17 
163.0,3.542080227078276E-16 163.0,-3.542080227078276E-16 
164.0,3.9384939499554164E-16 164.0,3.9384939499554164E-16 
165.0,7.688253731922053E-16 165.0,-7.688253731922053E-16 
166.0,2.142611655929866E-17 166.0,2.142611655929866E-17 
167.0,5.865966150873348E-16 167.0,-5.865966150873348E-16 
168.0,3.364065807262735E-5 168.0,-3.364065807262735E-5 
169.0,4.499663808394907E-16 169.0,-4.499663808394907E-16 
170.0,1.49561478480869E-16 170.0,1.49561478480869E-16 
171.0,4.3648770366208815E-16 171.0,-4.3648770366208815E-16 
172.0,2.283172373876189E-16 172.0,2.283172373876189E-16 
173.0,5.474482212524548E-16 173.0,-5.474482212524548E-16 
174.0,7.227350319461415E-17 174.0,7.227350319461415E-17 
175.0,3.2955056971917064E-16 175.0,-3.2955056971917064E-16 
176.0,2.2031926080403122E-4 176.0,2.2031926080403122E-4 
177.0,2.1979350745568744E-16 177.0,-2.1979350745568744E-16 
178.0,1.1676791699196567E-16 178.0,1.1676791699196567E-16 
179.0,2.281281372032722E-16 179.0,-2.281281372032722E-16 
180.0,2.3776812038784766E-16 180.0,2.3776812038784766E-16 
181.0,4.908800849677808E-16 181.0,-4.908800849677808E-16 
182.0,2.5761667704954624E-17 182.0,2.5761667704954624E-17 
183.0,5.09789669767352E-16 183.0,-5.09789669767352E-16 
184.0,5.574322298963937E-7 184.0,5.574322298963937E-7 
185.0,3.8673009947812345E-16 185.0,-3.8673009947812345E-16 
186.0,3.8034842688334805E-17 186.0,-3.8034842688334805E-17 
187.0,3.6636564602154733E-16 187.0,-3.6636564602154733E-16 
188.0,1.9489397151066227E-16 188.0,1.9489397151066227E-16 
189.0,4.589354994527968E-16 189.0,-4.589354994527968E-16 
190.0,7.303455615549202E-17 190.0,-7.303455615549202E-17 
191.0,2.779039005946381E-16 191.0,-2.779039005946381E-16 
192.0,1.038348383626455E-4 192.0,1.038348383626455E-4 
193.0,2.899022938206985E-16 193.0,-2.899022938206985E-16 
194.0,7.171568703585256E-17 194.0,7.171568703585256E-17 
195.0,2.0311538641008668E-16 195.0,-2.0311538641008668E-16 
196.0,8.598428091191028E-17 196.0,8.598428091191028E-17 
197.0,3.528859769465387E-16 197.0,-3.528859769465387E-16 
198.0,1.495956766840159E-17 198.0,-1.495956766840159E-17 
199.0,3.153569993920867E-16 199.0,-3.153569993920867E-16 
200.0,7.491127124634091E-5 200.0,7.491127124634091E-5 
201.0,1.7860006605739827E-16 201.0,-1.7860006605739827E-16 
202.0,6.222935478780736E-17 202.0,6.222935478780736E-17 
203.0,1.5328579792218378E-16 203.0,-1.5328579792218378E-16 
204.0,1.244030128112162E-16 204.0,1.244030128112162E-16 
205.0,4.681485134750014E-16 205.0,-4.681485134750014E-16 
206.0,3.166636353695534E-17 206.0,-3.166636353695534E-17 
207.0,3.5562435743838104E-16 207.0,-3.5562435743838104E-16 
208.0,3.0819151410404685E-5 208.0,3.0819151410404685E-5 
209.0,3.3952952204897356E-16 209.0,-3.3952952204897356E-16 
210.0,2.5518882899934733E-17 210.0,2.5518882899934733E-17 
211.0,2.710061170660513E-16 211.0,-2.710061170660513E-16 
212.0,1.5813172071695466E-16 212.0,1.5813172071695466E-16 
213.0,2.359752799201818E-16 213.0,-2.359752799201818E-16 
214.0,2.7287891732550723E-17 214.0,2.7287891732550723E-17 
215.0,1.9823845140299718E-16 215.0,-1.9823845140299718E-16 
216.0,2.1484341369440094E-5 216.0,2.1484341369440094E-5 
217.0,1.4410969812245996E-16 217.0,-1.4410969812245996E-16 
218.0,1.2058792790095284E-16 218.0,1.2058792790095284E-16 
219.0,1.4058671305048763E-16 219.0,-1.4058671305048763E-16 
220.0,1.236522971519789E-16 220.0,1.236522971519789E-16 
221.0,3.215052204734345E-16 221.0,-3.215052204734345E-16 
222.0,1.290499669553565E-17 222.0,1.290499669553565E-17 
223.0,2.518584127824479E-16 223.0,-2.518584127824479E-16 
224.0,1.2410022508265502E-4 224.0,1.2410022508265502E-4 
225.0,1.6431334505907877E-16 225.0,-1.6431334505907877E-16 
226.0,3.464003304011883E-18 226.0,3.464003304011883E-18 
227.0,1.9540999074267177E-16 227.0,-1.9540999074267177E-16 
228.0,1.7970972191703316E-16 228.0,1.7970972191703316E-16 
229.0,3.2371511577905596E-16 229.0,-3.2371511577905596E-16 
230.0,1.5870513887878175E-17 230.0,1.5870513887878175E-17 
231.0,2.5077572093564537E-16 231.0,-2.5077572093564537E-16 
232.0,4.135848020022856E-6 232.0,-4.135848020022856E-6 
233.0,1.8942195802103222E-16 233.0,-1.8942195802103222E-16 
234.0,7.923637401357866E-17 234.0,7.923637401357866E-17 
235.0,1.8066292828313057E-16 235.0,-1.8066292828313057E-16 
236.0,1.1448333252350163E-16 236.0,1.1448333252350163E-16 
237.0,2.674578322582944E-16 237.0,-2.674578322582944E-16 
238.0,2.4901638332912873E-17 238.0,2.4901638332912873E-17 
239.0,1.7868795394687648E-16 239.0,-1.7868795394687648E-16 
240.0,1.2337610908294896E-4 240.0,1.2337610908294896E-4 
241.0,1.1550400620344705E-16 241.0,-1.1550400620344705E-16 
242.0,4.204730671868759E-17 242.0,4.204730671868759E-17 
243.0,1.3017477292478102E-16 243.0,-1.3017477292478102E-16 
244.0,1.292003323156757E-16 244.0,1.292003323156757E-16 
245.0,2.4593324483587166E-16 245.0,-2.4593324483587166E-16 
246.0,1.2147652277233766E-17 246.0,1.2147652277233766E-17 
247.0,2.3496588027923734E-16 247.0,-2.3496588027923734E-16 
248.0,1.5415668266291222E-6 248.0,1.5415668266291222E-6 
249.0,1.7928470752785948E-16 249.0,-1.7928470752785948E-16 
250.0,7.26518331108252E-18 250.0,7.26518331108252E-18 
251.0,1.6636603729908743E-16 251.0,-1.6636603729908743E-16 
252.0,9.848767920760963E-17 252.0,9.848767920760963E-17 
253.0,2.187116343630563E-16 253.0,-2.187116343630563E-16 
254.0,1.9348962954742654E-17 254.0,-1.9348962954742654E-17 
255.0,1.3866210557821035E-16 255.0,-1.3866210557821035E-16 
256.0,7.67408029587976E-5 256.0,7.67408029587976E-5 
257.0,1.2100842697169044E-16 257.0,-1.2100842697169044E-16 
258.0,3.785532282584523E-17 258.0,3.785532282584523E-17 
259.0,1.0205443545891844E-16 259.0,-1.0205443545891844E-16 
260.0,6.318084627403445E-17 260.0,6.318084627403445E-17 
261.0,1.7899481247677541E-16 261.0,-1.7899481247677541E-16 
262.0,2.850788260738681E-18 262.0,-2.850788260738681E-18 
263.0,1.6264805138266126E-16 263.0,-1.6264805138266126E-16 
264.0,2.643979584787638E-5 264.0,2.643979584787638E-5 
265.0,1.0564144672043184E-16 265.0,-1.0564144672043184E-16 
266.0,2.2754046168089548E-17 266.0,2.2754046168089548E-17 
267.0,9.197318415926566E-17 267.0,-9.197318415926566E-17 
268.0,6.865326754207914E-17 268.0,6.865326754207914E-17 
269.0,2.084612429871207E-16 269.0,-2.084612429871207E-16 
270.0,1.6079287899801356E-17 270.0,-1.6079287899801356E-17 
271.0,1.5025648260685317E-16 271.0,-1.5025648260685317E-16 
272.0,3.451525170987987E-5 272.0,3.451525170987987E-5 
273.0,1.3898988370248115E-16 273.0,-1.3898988370248115E-16 
274.0,2.0057537824319293E-17 274.0,2.0057537824319293E-17 
275.0,1.1442088755069253E-16 275.0,-1.1442088755069253E-16 
276.0,6.95798114156893E-17 276.0,6.95798114156893E-17 
277.0,1.2253976960880167E-16 277.0,-1.2253976960880167E-16 
278.0,7.040790894354612E-18 278.0,7.040790894354612E-18 
279.0,1.0496250185538956E-16 279.0,-1.0496250185538956E-16 
280.0,1.466922878170249E-5 280.0,1.466922878170249E-5 
281.0,7.322213693240839E-17 281.0,-7.322213693240839E-17 
282.0,4.3375732254907566E-17 282.0,4.3375732254907566E-17 
283.0,6.758368502535437E-17 283.0,-6.758368502535437E-17 
284.0,5.967635474551768E-17 284.0,5.967635474551768E-17 
285.0,1.57454175735268E-16 285.0,-1.57454175735268E-16 
286.0,3.2114152401146546E-19 286.0,-3.2114152401146546E-19 
287.0,1.1882598638783166E-16 287.0,-1.1882598638783166E-16 
288.0,5.160285394516066E-5 288.0,5.160285394516066E-5 
289.0,8.762066154912715E-17 289.0,-8.762066154912715E-17 
290.0,8.02589344436654E-18 290.0,8.02589344436654E-18 
291.0,9.213342564221353E-17 291.0,-9.213342564221353E-17 
292.0,7.607808284258051E-17 292.0,7.607808284258051E-17 
293.0,1.3514685008614343E-16 293.0,-1.3514685008614343E-16 
294.0,7.448094791336697E-18 294.0,7.448094791336697E-18 
295.0,1.054517443747602E-16 295.0,-1.054517443747602E-16 
296.0,3.1292474210404056E-6 296.0,3.1292474210404056E-6 
297.0,7.747685739383191E-17 297.0,-7.747685739383191E-17 
298.0,3.5385666843460365E-17 298.0,3.5385666843460365E-17 
299.0,7.285956054591314E-17 299.0,-7.285956054591314E-17 
300.0,5.272769920275719E-17 300.0,5.272769920275719E-17 
301.0,1.2459845901816848E-16 301.0,-1.2459845901816848E-16 
302.0,7.258605918013393E-18 302.0,7.258605918013393E-18 
303.0,8.688667252536523E-17 303.0,-8.688667252536523E-17 
304.0,5.591418522225486E-5 304.0,5.591418522225486E-5 
305.0,5.842123088940471E-17 305.0,-5.842123088940471E-17 
306.0,1.5839871593693742E-17 306.0,1.5839871593693742E-17 
307.0,6.568285766359158E-17 307.0,-6.568285766359158E-17 
308.0,6.097155634643151E-17 308.0,6.097155634643151E-17 
309.0,1.119694982164917E-16 309.0,-1.119694982164917E-16 
310.0,5.978070455063561E-18 310.0,5.978070455063561E-18 
311.0,1.0025644985620375E-16 311.0,-1.0025644985620375E-16 
312.0,1.9506301775360424E-6 312.0,1.9506301775360424E-6 
313.0,7.528362181915572E-17 313.0,-7.528362181915572E-17 
314.0,1.1740647828646446E-17 314.0,1.1740647828646446E-17 
315.0,7.022024197714595E-17 315.0,-7.022024197714595E-17 
316.0,4.5175000687310695E-17 316.0,4.5175000687310695E-17 
317.0,9.971756983049227E-17 317.0,-9.971756983049227E-17 
318.0,4.321607962430801E-18 318.0,-4.321607962430801E-18 
319.0,6.577212102163758E-17 319.0,-6.577212102163758E-17 
320.0,4.109998569974194E-5 320.0,4.109998569974194E-5 
321.0,5.319639933060203E-17 321.0,-5.319639933060203E-17 
322.0,1.5828952852454785E-17 322.0,1.5828952852454785E-17 
323.0,4.9291670601071874E-17 323.0,-4.9291670601071874E-17 
324.0,3.601707999738531E-17 324.0,3.601707999738531E-17 
325.0,8.495626809725296E-17 325.0,-8.495626809725296E-17 
326.0,6.16576924308661E-19 326.0,6.16576924308661E-19 
327.0,7.63722764002817E-17 327.0,-7.63722764002817E-17 
328.0,9.14073494938958E-6 328.0,9.14073494938958E-6 
329.0,5.2242666205096725E-17 329.0,-5.2242666205096725E-17 
330.0,9.958557776592397E-18 330.0,9.958557776592397E-18 
331.0,4.624642971166579E-17 331.0,-4.624642971166579E-17 
332.0,3.362962547051755E-17 332.0,3.362962547051755E-17 
333.0,8.967770462401138E-17 333.0,-8.967770462401138E-17 
334.0,5.916727068428366E-18 334.0,-5.916727068428366E-18 
335.0,6.27589371425527E-17 335.0,-6.27589371425527E-17 
336.0,2.2738284369793133E-5 336.0,2.2738284369793133E-5 
337.0,5.613837804941164E-17 337.0,-5.613837804941164E-17 
338.0,1.0349985765713894E-17 338.0,1.0349985765713894E-17 
339.0,4.749079148246367E-17 339.0,-4.749079148246367E-17 
340.0,3.132211024500138E-17 340.0,3.132211024500138E-17 
341.0,5.927044306079904E-17 341.0,-5.927044306079904E-17 
342.0,2.50569214530599E-18 342.0,2.50569214530599E-18 
343.0,5.154757781899759E-17 343.0,-5.154757781899759E-17 
344.0,7.161960471410353E-6 344.0,7.161960471410353E-6 
345.0,3.5408918488351086E-17 345.0,-3.5408918488351086E-17 
346.0,1.5961363882776177E-17 346.0,1.5961363882776177E-17 
347.0,3.2607324865862833E-17 347.0,-3.2607324865862833E-17 
348.0,2.7433468703054358E-17 348.0,2.7433468703054358E-17 
349.0,7.084118352500001E-17 349.0,-7.084118352500001E-17 
350.0,1.250964348257398E-18 350.0,-1.250964348257398E-18 
351.0,5.250214341373411E-17 351.0,-5.250214341373411E-17 
352.0,2.2477940276889466E-5 352.0,2.2477940276889466E-5 
353.0,4.098652326213247E-17 353.0,-4.098652326213247E-17 
354.0,5.51119239240345E-18 354.0,5.51119239240345E-18 
355.0,4.0528767199764404E-17 355.0,-4.0528767199764404E-17 
356.0,3.144637975707671E-17 356.0,3.144637975707671E-17 
357.0,5.631094581523764E-17 357.0,-5.631094581523764E-17 
358.0,3.0240639326988975E-18 358.0,3.0240639326988975E-18 
359.0,4.516512845377258E-17 359.0,-4.516512845377258E-17 
360.0,3.0295022152902838E-6 360.0,3.0295022152902838E-6 
361.0,3.260954786400456E-17 361.0,-3.260954786400456E-17 
362.0,1.4435334579871062E-17 362.0,1.4435334579871062E-17 
363.0,3.0171791590938827E-17 363.0,-3.0171791590938827E-17 
364.0,2.3347074968033146E-17 364.0,2.3347074968033146E-17 
365.0,5.580006677545364E-17 365.0,-5.580006677545364E-17 
366.0,1.753953048082168E-18 366.0,1.753953048082168E-18 
367.0,3.995897125747211E-17 367.0,-3.995897125747211E-17 
368.0,2.3567123673679912E-5 368.0,2.3567123673679912E-5 
369.0,2.779892381819057E-17 369.0,-2.779892381819057E-17 
370.0,6.464342917027395E-18 370.0,6.464342917027395E-18 
371.0,3.046185230277773E-17 371.0,-3.046185230277773E-17 
372.0,2.66350042954021E-17 372.0,2.66350042954021E-17 
373.0,4.805620030062059E-17 373.0,-4.805620030062059E-17 
374.0,2.3871332366934485E-18 374.0,2.3871332366934485E-18 
375.0,4.172097201259133E-17 375.0,-4.172097201259133E-17 
376.0,1.5744381371377448E-6 376.0,1.5744381371377448E-6 
377.0,3.074771133254294E-17 377.0,-3.074771133254294E-17 
378.0,7.252107272430587E-18 378.0,7.252107272430587E-18 
379.0,2.87137040421909E-17 379.0,-2.87137040421909E-17 
380.0,1.992144282002919E-17 380.0,1.992144282002919E-17 
381.0,4.4132917519198607E-17 381.0,-4.4132917519198607E-17 
382.0,9.178243282974985E-19 382.0,-9.178243282974985E-19 
383.0,3.0023493939493324E-17 383.0,-3.0023493939493324E-17 
384.0,1.9109395635982915E-5 384.0,1.9109395635982915E-5 
385.0,2.2572445377432472E-17 385.0,-2.2572445377432472E-17 
386.0,6.711919058177389E-18 386.0,6.711919058177389E-18 
387.0,2.2682173932664622E-17 387.0,-2.2682173932664622E-17 
388.0,1.76408158378498E-17 388.0,1.76408158378498E-17 
389.0,3.7623807610678245E-17 389.0,-3.7623807610678245E-17 
390.0,7.422061137987656E-19 390.0,7.422061137987656E-19 
391.0,3.358439602250014E-17 391.0,-3.358439602250014E-17 
392.0,3.2803746645453287E-6 392.0,3.2803746645453287E-6 
393.0,2.3182857902801563E-17 393.0,-2.3182857902801563E-17 
394.0,4.9197005838731396E-18 394.0,4.9197005838731396E-18 
395.0,2.095299980996079E-17 395.0,-2.095299980996079E-17 
396.0,1.5363558629574225E-17 396.0,1.5363558629574225E-17 
397.0,3.7921751353231756E-17 397.0,-3.7921751353231756E-17 
398.0,2.1878113842619154E-18 398.0,-2.1878113842619154E-18 
399.0,2.6506675670868215E-17 399.0,-2.6506675670868215E-17 
400.0,1.2134214213894632E-5 400.0,1.2134214213894632E-5 
401.0,2.2257458043037514E-17 401.0,-2.2257458043037514E-17 
402.0,5.064636990855898E-18 402.0,5.064636990855898E-18 
403.0,1.9924698358139404E-17 403.0,-1.9924698358139404E-17 
404.0,1.3893716048086878E-17 404.0,1.3893716048086878E-17 
405.0,2.722588720399308E-17 405.0,-2.722588720399308E-17 
406.0,8.596967946312508E-19 406.0,8.596967946312508E-19 
407.0,2.395200721608223E-17 407.0,-2.395200721608223E-17 
408.0,3.0718059786487826E-6 408.0,3.0718059786487826E-6 
409.0,1.6354894116576104E-17 409.0,-1.6354894116576104E-17 
410.0,6.08958183111628E-18 410.0,6.08958183111628E-18 
411.0,1.5003637293186326E-17 411.0,-1.5003637293186326E-17 
412.0,1.2178056822404805E-17 412.0,1.2178056822404805E-17 
413.0,3.056223872229386E-17 413.0,-3.056223872229386E-17 
414.0,9.535292604970001E-19 414.0,-9.535292604970001E-19 
415.0,2.2434160287197393E-17 415.0,-2.2434160287197393E-17 
416.0,1.0025836688766352E-5 416.0,1.0025836688766352E-5 
417.0,1.760151149270831E-17 417.0,-1.760151149270831E-17 
418.0,3.1343340942445336E-18 418.0,3.1343340942445336E-18 
419.0,1.7092237913288803E-17 419.0,-1.7092237913288803E-17 
420.0,1.2906886476191982E-17 420.0,1.2906886476191982E-17 
421.0,2.3546529635435437E-17 421.0,-2.3546529635435437E-17 
422.0,1.1005601426072255E-18 422.0,1.1005601426072255E-18 
423.0,1.943440912099164E-17 423.0,-1.943440912099164E-17 
424.0,1.7642366587663604E-6 424.0,1.7642366587663604E-6 
425.0,1.36472967588758E-17 425.0,-1.36472967588758E-17 
426.0,5.873919629986374E-18 426.0,5.873919629986374E-18 
427.0,1.2587134608233302E-17 427.0,-1.2587134608233302E-17 
428.0,1.0076446652507831E-17 428.0,1.0076446652507831E-17 
429.0,2.4096111295679253E-17 429.0,-2.4096111295679253E-17 
430.0,1.6826327029043279E-19 430.0,1.6826327029043279E-19 
431.0,1.7565770777190952E-17 431.0,-1.7565770777190952E-17 
432.0,9.717771417277186E-6 432.0,9.717771417277186E-6 
433.0,1.257030272317419E-17 433.0,-1.257030272317419E-17 
434.0,2.813377975595713E-18 434.0,2.813377975595713E-18 
435.0,1.3324079082602053E-17 435.0,-1.3324079082602053E-17 
436.0,1.1159480712426663E-17 436.0,1.1159480712426663E-17 
437.0,1.9994233093495895E-17 437.0,-1.9994233093495895E-17 
438.0,1.0020133693278249E-18 438.0,1.0020133693278249E-18 
439.0,1.7119034636746165E-17 439.0,-1.7119034636746165E-17 
440.0,9.837731527036165E-7 440.0,9.837731527036165E-7 
441.0,1.2320943467109329E-17 441.0,-1.2320943467109329E-17 
442.0,3.6889698720573324E-18 442.0,3.6889698720573324E-18 
443.0,1.1589619665249657E-17 443.0,-1.1589619665249657E-17 
444.0,8.465455993195104E-18 444.0,8.465455993195104E-18 
445.0,1.8927880109490692E-17 445.0,-1.8927880109490692E-17 
446.0,2.373363680800653E-19 446.0,-2.373363680800653E-19 
447.0,1.3280912972510029E-17 447.0,-1.3280912972510029E-17 
448.0,8.260118575038926E-6 448.0,8.260118575038926E-6 
449.0,9.761339715921837E-18 449.0,-9.761339715921837E-18 
450.0,2.7712584414779742E-18 450.0,2.7712584414779742E-18 
451.0,1.0051544116891185E-17 451.0,-1.0051544116891185E-17 
452.0,7.995137603475477E-18 452.0,7.995137603475477E-18 
453.0,1.6044275006380746E-17 453.0,-1.6044275006380746E-17 
454.0,3.760793549203721E-19 454.0,3.760793549203721E-19 
455.0,1.4163810806101716E-17 455.0,-1.4163810806101716E-17 
456.0,1.2574378801561033E-6 456.0,1.2574378801561033E-6 
457.0,9.795574167058876E-18 457.0,-9.795574167058876E-18 
458.0,2.381599547912776E-18 458.0,2.381599547912776E-18 
459.0,9.01451330064697E-18 459.0,-9.01451330064697E-18 
460.0,6.6275707335252E-18 460.0,6.6275707335252E-18 
461.0,1.571216239476013E-17 461.0,-1.571216239476013E-17 
462.0,7.051631559203821E-19 462.0,-7.051631559203821E-19 
463.0,1.1056118555722905E-17 463.0,-1.1056118555722905E-17 
464.0,5.771594705939194E-6 464.0,5.771594705939194E-6 
465.0,8.807795614590143E-18 465.0,-8.807795614590143E-18 
466.0,2.2148826546508134E-18 466.0,2.2148826546508134E-18 
467.0,8.380258039231298E-18 467.0,-8.380258039231298E-18 
468.0,6.109301640643132E-18 468.0,6.109301640643132E-18 
469.0,1.188667394649564E-17 469.0,-1.188667394649564E-17 
470.0,3.4660984153146256E-19 470.0,3.4660984153146256E-19 
471.0,1.0533607698855647E-17 471.0,-1.0533607698855647E-17 
472.0,1.2484039724878387E-6 472.0,1.2484039724878387E-6 
473.0,7.082071817396092E-18 473.0,-7.082071817396092E-18 
474.0,2.354933093942421E-18 474.0,2.354933093942421E-18 
475.0,6.662586164364349E-18 475.0,-6.662586164364349E-18 
476.0,5.255561301455779E-18 476.0,5.255561301455779E-18 
477.0,1.2706846120969284E-17 477.0,-1.2706846120969284E-17 
478.0,4.728138388403903E-19 478.0,-4.728138388403903E-19 
479.0,9.31483367468885E-18 479.0,-9.31483367468885E-18 
480.0,4.454227118900179E-6 480.0,4.454227118900179E-6 
481.0,7.229176345906522E-18 481.0,-7.229176345906522E-18 
482.0,1.497766304953401E-18 482.0,1.497766304953401E-18 
483.0,7.063129033837582E-18 483.0,-7.063129033837582E-18 
484.0,5.276728617117148E-18 484.0,5.276728617117148E-18 
485.0,9.749695440764625E-18 485.0,-9.749695440764625E-18 
486.0,3.777925389923113E-19 486.0,3.777925389923113E-19 
487.0,8.282198299918687E-18 487.0,-8.282198299918687E-18 
488.0,8.574083058453672E-7 488.0,8.574083058453672E-7 
489.0,5.700190042240604E-18 489.0,-5.700190042240604E-18 
490.0,2.2113888196431276E-18 490.0,2.2113888196431276E-18 
491.0,5.2892735631778006E-18 491.0,-5.2892735631778006E-18 
492.0,4.258744731890555E-18 492.0,4.258744731890555E-18 
493.0,1.0060734054279315E-17 493.0,-1.0060734054279315E-17 
494.0,4.8926943626671385E-20 494.0,-4.8926943626671385E-20 
495.0,7.431572941494592E-18 495.0,-7.431572941494592E-18 
496.0,3.993567114834091E-6 496.0,3.993567114834091E-6 
497.0,5.3587653872729155E-18 497.0,-5.3587653872729155E-18 
498.0,1.1937478149881283E-18 498.0,1.1937478149881283E-18 
499.0,5.622965720214222E-18 499.0,-5.622965720214222E-18 
500.0,4.565524590964235E-18 500.0,4.565524590964235E-18 
501.0,8.137368054388289E-18 501.0,-8.137368054388289E-18 
502.0,3.5103532976280636E-19 502.0,3.5103532976280636E-19 
503.0,7.036428219009563E-18 503.0,-7.036428219009563E-18 
504.0,5.260660253117452E-7 504.0,5.260660253117452E-7 
505.0,4.913931269142351E-18 505.0,-4.913931269142351E-18 
506.0,1.6154684640685164E-18 506.0,1.6154684640685164E-18 
507.0,4.631855999406732E-18 507.0,-4.631855999406732E-18 
508.0,3.541249834251299E-18 508.0,3.541249834251299E-18 
509.0,7.913780029544154E-18 509.0,-7.913780029544154E-18 
510.0,8.142188305350684E-20 510.0,-8.142188305350684E-20 
511.0,5.6830282443904126E-18 511.0,-5.6830282443904126E-18 
