Number Of States,Error Norm_2
Darker Curves --> Richer Base System
Double Loop Timing
30.0,0.4094315615552644 30.0,0.4094427732577136 30.0,0.40923281705077186 30.0,0.3846476195548615 30.0,0.3563729670826988 30.0,0.26679101801648347 30.0,0.15859491141524873 30.0,0.1561028752840869 30.0,0.15615235467622005 30.0,0.15617478432350348 
32.0,0.4279389113891053 32.0,0.42722441277387563 32.0,0.4129850375675127 32.0,0.38006283023011267 32.0,0.3672930425926019 32.0,0.31281907040523144 32.0,0.19198451622615612 32.0,0.1915404908156459 32.0,0.19129764607173502 32.0,0.19131946936383015 
34.0,0.43519179154671317 34.0,0.4361254336805274 34.0,0.39975457786979024 34.0,0.3815623634703197 34.0,0.35456896776154406 34.0,0.2963902899902745 34.0,0.18327364921697356 34.0,0.18088846077389803 34.0,0.1809322691260313 34.0,0.18096240529098465 
35.0,0.4506071027333456 35.0,0.42459379091807165 35.0,0.3853281965450644 35.0,0.36319658697477314 35.0,0.30005966467225603 35.0,0.25354198301928527 35.0,0.16501774423297302 35.0,0.16461549373505296 35.0,0.16466739351762918 35.0,0.16469826513981345 
40.0,0.31753565786034327 40.0,0.2966605272298487 40.0,0.28913848305039835 40.0,0.2608688221211372 40.0,0.06135829206384109 40.0,0.0444061889998273 40.0,0.041295174929592116 40.0,0.041583309363841796 40.0,0.041699052693395494 40.0,0.04172840408411508 
45.0,0.00677846352210039 45.0,0.006779238702740262 45.0,0.006713030516578129 45.0,0.006741002709610267 45.0,0.006751530081884253 45.0,0.0070748145809925635 45.0,0.007252549397189804 45.0,0.008569218918801528 45.0,0.00869556998486647 45.0,0.008725506989369705 
50.0,0.007787122852887806 50.0,0.0077103389263537166 50.0,0.007995222527243396 50.0,0.008335160476213474 50.0,0.008770916170331343 50.0,0.009543206819122206 50.0,0.009912211882824692 50.0,0.010140591754886694 50.0,0.010236090194013486 50.0,0.010265849810490939 
