X: Data, Y:ArgMin_over_#states,
50.0,21.8 50.0,20.0 50.0,19.6 50.0,19.0 50.0,20.2 50.0,21.3 50.0,19.5 50.0,22.4 
70.0,21.3 70.0,20.3 70.0,18.9 70.0,20.8 70.0,21.4 70.0,20.5 70.0,22.2 70.0,20.9 
100.0,20.5 100.0,21.1 100.0,19.6 100.0,21.0 100.0,20.2 100.0,21.1 100.0,19.8 100.0,21.0 
150.0,18.9 150.0,21.3 150.0,20.4 150.0,20.7 150.0,21.6 150.0,20.3 150.0,20.4 150.0,19.0 
200.0,19.2 200.0,21.1 200.0,20.9 200.0,20.5 200.0,19.1 200.0,20.9 200.0,19.7 200.0,20.2 
500.0,20.3 500.0,19.9 500.0,19.3 500.0,19.0 500.0,20.3 500.0,19.0 500.0,20.2 500.0,19.8 
1000.0,21.6 1000.0,19.8 1000.0,20.0 1000.0,19.8 1000.0,20.1 1000.0,20.1 1000.0,20.1 1000.0,19.0 
10000.0,20.0 10000.0,19.1 10000.0,19.0 10000.0,19.0 10000.0,19.0 10000.0,19.0 10000.0,19.8 10000.0,19.2 
100000.0,19.9 100000.0,19.0 100000.0,19.0 100000.0,19.0 100000.0,19.2 100000.0,19.0 100000.0,19.0 100000.0,19.0 
