X:Sigma Y:a0(A16A1-A1A16)aI,
0.0,0.0 0.0,0.0 
1.0,1.3301240715050029E-18 1.0,6.827650243501164E-19 
2.0,1.6358747310322302E-18 2.0,-1.4221683184399703E-19 
3.0,5.1833955331774305E-17 3.0,-2.8108506010318206E-18 
4.0,8.533856943587076E-18 4.0,6.36409734590046E-18 
5.0,8.119736888788134E-17 5.0,-2.878895581127916E-18 
6.0,1.2695075703563277E-16 6.0,3.472569680085825E-17 
7.0,9.74206473955061E-17 7.0,6.204685745227201E-18 
8.0,3.042768221990048E-18 8.0,-1.294266343404571E-19 
9.0,5.185388884046636E-17 9.0,3.5615250802064716E-17 
10.0,9.158413863801876E-17 10.0,7.56569828487541E-18 
11.0,1.0986661070928189E-16 11.0,5.089911330232131E-17 
12.0,9.385147643122908E-17 12.0,-2.663952500432665E-17 
13.0,7.900863575217622E-17 13.0,3.6299879298898795E-17 
14.0,1.0381854135600201E-16 14.0,2.346380084404925E-17 
15.0,1.6930901125533636E-16 15.0,2.8680761469483214E-17 
16.0,2.3771132631744685E-18 16.0,-2.7827855760461283E-19 
17.0,6.418205810571065E-17 17.0,2.584466928662321E-18 
18.0,5.640107228007477E-17 18.0,2.4249113323880286E-17 
19.0,1.3970306393199886E-16 19.0,5.828670879282072E-17 
20.0,7.182342466720744E-17 20.0,8.740476513853974E-18 
21.0,6.41915448747199E-17 21.0,-4.685108637852986E-18 
22.0,7.189660831385022E-17 22.0,2.983498503227507E-17 
23.0,9.119134122594538E-17 23.0,-2.293539345712044E-17 
24.0,4.703133498970558E-17 24.0,3.697355283628171E-17 
25.0,6.780577799179085E-17 25.0,-1.69196525279941E-17 
26.0,7.030192761848612E-17 26.0,-4.62678759599137E-17 
27.0,8.777700788442644E-17 27.0,-2.6483445066579256E-17 
28.0,5.826615412663402E-17 28.0,-1.204661551357696E-17 
29.0,7.477606858360963E-17 29.0,-5.483804238250641E-18 
30.0,7.810682800766614E-17 30.0,1.7628223822803898E-17 
31.0,8.650487733537678E-17 31.0,2.1741867565575982E-17 
32.0,4.262269790583639E-19 32.0,3.7721200584391507E-20 
33.0,2.163706135556905E-17 33.0,-2.8912057932946785E-20 
34.0,3.4289700708474885E-17 34.0,1.0813109666922098E-17 
35.0,3.271037954388767E-17 35.0,9.37383128294759E-18 
36.0,1.9540711279977806E-17 36.0,1.586775054523056E-18 
37.0,1.9583288802793122E-17 37.0,9.907913790623003E-18 
38.0,4.0476881106125497E-17 38.0,-3.469446951953614E-18 
39.0,3.157196726277789E-17 39.0,5.66676335485757E-18 
40.0,2.482371224086603E-17 40.0,-5.210494940603253E-18 
41.0,7.391751598827267E-17 41.0,3.172217443875765E-17 
42.0,6.42918335756748E-17 42.0,-4.812321692757952E-17 
43.0,3.8453037050819226E-17 43.0,-1.393561192368035E-17 
44.0,4.553773355938049E-17 44.0,-2.4563842532648408E-17 
45.0,3.090834518303572E-17 45.0,-2.3536222161039493E-19 
46.0,6.083096989092004E-17 46.0,1.7115938296304497E-17 
47.0,3.130001321784611E-17 47.0,-8.795590124288655E-18 
48.0,3.808350481036375E-17 48.0,1.3813639179275731E-17 
49.0,2.2504648969010054E-17 49.0,-1.2069654809742277E-17 
50.0,2.625214860311568E-17 50.0,2.8912057932946786E-18 
51.0,3.122863657482415E-17 51.0,-1.0509533058626157E-17 
52.0,7.41971497985929E-17 52.0,-3.848398198782558E-17 
53.0,1.2161857169494065E-16 53.0,-9.374734784757995E-17 
54.0,1.087077566997117E-16 54.0,7.804064650005401E-17 
55.0,1.174100602620761E-16 55.0,1.032720639328651E-16 
56.0,1.0525050702219855E-16 56.0,8.815670452024897E-17 
57.0,1.0425688090620611E-16 57.0,-8.795048023202412E-17 
58.0,9.93129189996722E-17 58.0,-8.803721640582296E-17 
59.0,4.731593805998302E-17 59.0,1.9921763168515942E-17 
60.0,4.8509351013801176E-17 60.0,-3.63606397956485E-17 
61.0,3.306093824632465E-17 61.0,6.949735925632083E-18 
62.0,3.264171340629692E-17 62.0,-1.8474805019152996E-17 
63.0,5.86589515387074E-17 63.0,3.964565944055328E-17 
64.0,7.770115569479449E-20 64.0,5.149960319306146E-20 
65.0,6.226030975498009E-18 65.0,-2.1205187490195658E-18 
66.0,8.614720355618287E-18 66.0,3.459790776354915E-18 
67.0,1.2981062260987905E-17 67.0,8.908076099684025E-18 
68.0,7.839176989112249E-18 68.0,8.094811532593597E-19 
69.0,1.142026288351398E-17 69.0,-2.5153490401663702E-18 
70.0,1.0257907804428479E-17 70.0,-8.927953139512927E-18 
71.0,1.489648609904563E-17 71.0,6.09818546932576E-18 
72.0,2.6033727040450372E-17 72.0,-1.978375326697664E-17 
73.0,1.2822045942356697E-17 73.0,8.581008444317565E-18 
74.0,1.4580712216309224E-17 74.0,1.0099343236702474E-17 
75.0,1.948424241682752E-17 75.0,1.179047275032726E-17 
76.0,9.916384120095546E-18 76.0,-4.756937031780151E-19 
77.0,2.4925807945441748E-17 77.0,-1.043544591017298E-17 
78.0,1.0651156967407075E-17 78.0,5.27080368644776E-18 
79.0,9.071158176462054E-18 79.0,6.535932096466782E-18 
80.0,7.305715638931491E-18 80.0,-1.994931997373328E-18 
81.0,1.1714804473705875E-17 81.0,3.5326920786819355E-18 
82.0,7.68563815020662E-18 82.0,-5.646886315028669E-20 
83.0,1.2103310252179849E-17 83.0,1.8955467982288237E-18 
84.0,5.805902633659876E-17 84.0,5.3281308763179307E-17 
85.0,8.759224176419871E-18 85.0,-3.8240714125374144E-19 
86.0,3.8837477071146373E-17 86.0,-3.257078851418016E-17 
87.0,4.2409019727675705E-17 87.0,-3.3017118408520023E-17 
88.0,1.4383974697093625E-17 88.0,-2.6632974616201216E-18 
89.0,3.8549711744532515E-17 89.0,2.935206331461382E-17 
90.0,1.5643569158523923E-17 90.0,-5.4757856596833005E-18 
91.0,2.4595916846917772E-17 91.0,1.604698271686957E-17 
92.0,1.0647768835618058E-17 92.0,4.755130028159342E-18 
93.0,1.3597702246589035E-17 93.0,8.77300257902854E-18 
94.0,2.0001723078736746E-17 94.0,-7.074419175467916E-18 
95.0,3.128600893978484E-17 95.0,-2.3235807809079967E-17 
96.0,5.616347953836994E-17 96.0,5.446489613480932E-17 
97.0,5.504805008456233E-17 97.0,-5.106744698337232E-17 
98.0,1.3823577699190182E-17 98.0,-6.6353172956112874E-18 
99.0,1.6061551683562345E-17 99.0,-1.195784646070471E-17 
100.0,2.176355160902569E-17 100.0,-1.387055979333122E-17 
101.0,2.201720974229678E-17 101.0,1.3259566694045118E-17 
102.0,3.406969801764137E-17 102.0,-3.207792827660446E-17 
103.0,5.624976396126358E-17 103.0,4.288877918900054E-17 
104.0,5.544940252940299E-17 104.0,-5.2535326846532447E-17 
105.0,2.8421908200802294E-17 105.0,-2.201517686322337E-17 
106.0,2.348065679969961E-17 106.0,-2.174954733096442E-17 
107.0,1.804835216464203E-17 107.0,-1.2979707008272297E-17 
108.0,5.1004032450054545E-17 108.0,4.110526661526189E-17 
109.0,7.106945240642481E-18 109.0,-2.5478751053409354E-18 
110.0,2.0803129184565616E-17 110.0,-1.7218034000880215E-17 
111.0,5.10729244630979E-17 111.0,-4.731526043362522E-17 
112.0,3.3776511680165084E-17 112.0,2.5579943256174668E-17 
113.0,2.0970502894943065E-17 113.0,1.6079847595223037E-17 
114.0,3.3554927861163354E-17 114.0,-2.6691928109330113E-17 
115.0,4.3258763180361223E-17 115.0,4.259378584790345E-17 
116.0,2.7030515412779232E-17 116.0,-1.6783901380980812E-17 
117.0,1.0426862642974137E-17 117.0,7.513972806229747E-18 
118.0,2.5985643803477903E-17 118.0,-1.0025736073586074E-17 
119.0,1.594454819911495E-17 119.0,1.3536715874386726E-17 
120.0,1.403025373832023E-17 120.0,1.0928080272296082E-17 
121.0,9.121528402392109E-18 121.0,5.468218832021162E-18 
122.0,1.3185479545591941E-17 122.0,2.5819822986837088E-18 
123.0,4.101706225102114E-17 123.0,-3.980546632326859E-17 
124.0,3.02149075435502E-17 124.0,2.07606645994766E-17 
125.0,9.644430075163764E-18 125.0,-8.726923986697905E-18 
126.0,7.724432259190866E-18 126.0,-5.197337695489237E-18 
127.0,1.3871068013099573E-17 127.0,1.3065144398218681E-17 
