X:Sigma Y:(A16A1-A1A16).Fnorm,
0.0,0.0 
1.0,0.0 
2.0,0.0 
3.0,0.43033884894372376 
4.0,0.0 
5.0,0.5907875665985567 
6.0,0.6546958020163276 
7.0,0.6890532623179175 
8.0,0.0 
9.0,0.7295972975151847 
10.0,0.8538670828487066 
11.0,0.9786342957436481 
12.0,0.8744902701829941 
13.0,0.9732187575190261 
14.0,0.9767964591105261 
15.0,0.9831367396323252 
16.0,0.0 
17.0,0.7667312672192267 
18.0,0.9289212540053333 
19.0,1.0898948061275913 
20.0,1.0323919028151514 
21.0,1.1377075323110721 
22.0,1.1944320354711235 
23.0,1.2488050061067497 
24.0,1.0677081343074737 
25.0,1.1305579080614612 
26.0,1.142119373086613 
27.0,1.1523744641125702 
28.0,1.0817093918930425 
29.0,1.1003777474379315 
30.0,1.1044374683572515 
31.0,1.0925983649305389 
32.0,0.0 
33.0,0.6771889730416205 
34.0,0.8373850799161572 
35.0,0.971369435126499 
36.0,0.989401689769849 
37.0,1.075021131779412 
38.0,1.123443246560246 
39.0,1.1625930766353094 
40.0,1.082046747254435 
41.0,1.120274577160498 
42.0,1.1299567979846177 
43.0,1.1365077430158042 
44.0,1.1201406345239993 
45.0,1.1159655345182802 
46.0,1.1036390817824742 
47.0,1.0924031229123257 
48.0,1.0120988949475942 
49.0,0.9947923405844202 
50.0,0.977668463565745 
51.0,0.9640714352663827 
52.0,0.9368780974123978 
53.0,0.9084913171834662 
54.0,0.8775038418230993 
55.0,0.8579755007692569 
56.0,0.8289758990151385 
57.0,0.7991739104070241 
58.0,0.7728881162824218 
59.0,0.7463914569303711 
60.0,0.70961913537522 
61.0,0.6762127568880764 
62.0,0.645153423157976 
63.0,0.6119099704872416 
64.0,0.0 
65.0,0.32031762888693405 
66.0,0.4017468535350757 
67.0,0.46080332822258074 
68.0,0.47681634791481964 
69.0,0.5141979668226127 
70.0,0.5260054837142227 
71.0,0.5374110697891594 
72.0,0.5265629395881807 
73.0,0.5322867126173334 
74.0,0.5306664225898894 
75.0,0.5267179598880475 
76.0,0.5183049863328593 
77.0,0.5070967183135058 
78.0,0.4993621111785512 
79.0,0.48763717581202065 
80.0,0.5128246075359223 
81.0,0.5023712612668093 
82.0,0.48623399368854875 
83.0,0.4714760178200965 
84.0,0.4577999651324495 
85.0,0.440164320497957 
86.0,0.4274315445755538 
87.0,0.4148482682543956 
88.0,0.4075138640599328 
89.0,0.38910654133590517 
90.0,0.373540774909469 
91.0,0.3587944653753192 
92.0,0.3436793564454363 
93.0,0.3254909064631403 
94.0,0.3067287153665346 
95.0,0.2943557713596867 
96.0,0.358375069600692 
97.0,0.3333124766143424 
98.0,0.31711598866262164 
99.0,0.30408358965926474 
100.0,0.29234497488128497 
101.0,0.27826474980100513 
102.0,0.2628241005831046 
103.0,0.25269095865887764 
104.0,0.24391587850033322 
105.0,0.23246397371335834 
106.0,0.2206498275798052 
107.0,0.21225433107463246 
108.0,0.20237530016904284 
109.0,0.19321520527120287 
110.0,0.18602719408751675 
111.0,0.17918086621002038 
112.0,0.1894864371359098 
113.0,0.17857684427642548 
114.0,0.16872570194422534 
115.0,0.16345636363293367 
116.0,0.16049552142722406 
117.0,0.15492794821424236 
118.0,0.1509647637589566 
119.0,0.14793334402245445 
120.0,0.14613441622857118 
121.0,0.1414218124982634 
122.0,0.13558866346709797 
123.0,0.13174163843646758 
124.0,0.12774483831274935 
125.0,0.12130840278135327 
126.0,0.117788634970603 
127.0,0.11361662654064553 
