x:Traj Length y:f_k(x),
0.0,0.5999999999999611 
1.0,3.4409411783911196E-16 
2.0,5.218009607438221E-16 
3.0,5.071632240862383E-16 
4.0,8.434570174373948E-16 
5.0,-1.5364217109390747E-16 
6.0,6.943210723765812E-16 
7.0,6.28405893842938E-16 
8.0,4.397467948950433E-16 
9.0,3.2763367817386233E-16 
10.0,3.300051689126829E-16 
11.0,9.884754941342546E-16 
12.0,7.662660755500377E-16 
13.0,-5.060746650337724E-17 
14.0,6.68521533280511E-16 
15.0,0.07999999999999674 
16.0,6.8815716962538035E-16 
17.0,1.0586052357376693E-15 
18.0,8.148106013953953E-16 
19.0,0.11999999999999429 
20.0,3.564360307956637E-16 
21.0,1.0533224314022479E-15 
22.0,8.250612146244197E-16 
23.0,1.5859307486979348E-15 
24.0,6.461391838510185E-16 
25.0,5.287533243691926E-16 
26.0,8.688754054645549E-16 
27.0,0.02399999999999974 
28.0,5.690730643004123E-16 
29.0,9.262610283906417E-16 
30.0,8.838788361416084E-16 
31.0,0.035999999999999296 
32.0,2.456689189675626E-16 
33.0,6.373313699812129E-16 
34.0,0.016000000000000198 
35.0,1.06579604788308E-15 
36.0,7.742765830557929E-16 
37.0,5.734225324566082E-16 
38.0,0.023999999999999664 
39.0,0.007200000000000214 
40.0,6.400035214657777E-16 
41.0,7.276324504195594E-16 
42.0,9.28584004541253E-16 
43.0,0.010800000000000278 
44.0,3.18994258800204E-16 
45.0,5.31137961789678E-16 
46.0,0.009600000000000317 
47.0,6.175566972278723E-16 
48.0,6.338680729499595E-16 
49.0,5.09268514251296E-16 
