X:Sigma Y:|f(x)-fhat(x)|,
0.0,0.016086941355986657 0.0,0.016086941355986657 
1.0,3.395187896338677E-5 1.0,3.395187896338677E-5 
2.0,2.8509319622647926E-5 2.0,3.261662555314794E-5 
3.0,3.8188107159175076E-5 3.0,4.0436022105852336E-5 
4.0,2.718922434632456E-5 4.0,3.2242408670268986E-5 
5.0,3.5824480025196405E-5 5.0,3.900021751415744E-5 
6.0,4.0912697246624346E-5 6.0,5.015043509627378E-5 
7.0,6.73796825903838E-5 7.0,6.6957717623127E-5 
8.0,6.369633662587862E-5 8.0,9.705915522982904E-5 
9.0,7.686671604740898E-5 9.0,8.830615368432371E-5 
10.0,7.006650266306179E-5 10.0,1.0910548759779797E-4 
11.0,5.048845818882356E-5 11.0,8.223931423271512E-5 
12.0,5.373827858719345E-5 12.0,8.74434224915457E-5 
13.0,8.07131684958629E-5 13.0,1.0205351993919056E-4 
14.0,6.778788958805344E-5 14.0,9.722553812850808E-5 
15.0,0.006973799194317748 15.0,0.006948569462607372 
16.0,8.822919576436571E-5 16.0,1.027814230293133E-4 
17.0,7.040894928171013E-5 17.0,1.4924985636894717E-4 
18.0,8.2518259867496E-5 18.0,1.0531531616160135E-4 
19.0,0.009544947209057294 19.0,0.009517222340292703 
20.0,1.9147683250360926E-4 20.0,2.955546164574545E-4 
21.0,2.080061293639E-4 21.0,2.915363486962767E-4 
22.0,2.484538988093973E-4 22.0,3.510656967124022E-4 
23.0,1.694650868630412E-4 23.0,3.0536976430399455E-4 
24.0,1.511157706410289E-4 24.0,2.746657934706061E-4 
25.0,1.4785207759774593E-4 25.0,2.753269424635054E-4 
26.0,2.2142965097612287E-4 26.0,3.289488713216444E-4 
27.0,0.005335631837475147 27.0,0.005333596132484678 
28.0,1.391352356161619E-4 28.0,3.1949097546168817E-4 
29.0,1.631819624342808E-4 29.0,5.309837380682024E-4 
30.0,2.4252336859969612E-4 30.0,3.6891502864158925E-4 
31.0,0.004531378541688819 31.0,0.004413060304208973 
32.0,1.8286019406856284E-4 32.0,4.6837478726847217E-4 
33.0,1.6130779293245737E-4 33.0,3.133964960909901E-4 
34.0,0.005710897527552679 34.0,0.005135735151823647 
35.0,1.957979484747721E-4 35.0,6.915759878124104E-4 
36.0,1.9737791769118397E-4 36.0,5.142205070631693E-4 
37.0,1.167646768306521E-4 37.0,4.6734590939699345E-4 
38.0,0.0056639140833789105 38.0,0.0054089505103831455 
39.0,0.00326658328524096 39.0,0.003482086291680844 
40.0,2.9377197814650093E-4 40.0,6.326931953143305E-4 
41.0,1.9843964479156646E-4 41.0,7.592210492357895E-4 
42.0,2.2678214535840364E-4 42.0,5.920981983972433E-4 
43.0,0.0035922651762885097 43.0,0.003068079141626872 
44.0,2.2833825140366725E-4 44.0,3.9646766298120776E-4 
45.0,2.2859896436390608E-4 45.0,5.295447457409186E-4 
46.0,0.0025405544782107986 46.0,0.0020438297205095397 
47.0,2.641195355793573E-4 47.0,6.605443741652616E-4 
48.0,1.5643794137589162E-4 48.0,5.426647421461412E-4 
49.0,2.1430236915045896E-4 49.0,7.257730724791532E-4 
50.0,0.0037396786885763376 50.0,0.0033880169520207207 
51.0,0.001413756563424503 51.0,0.0015638853382001947 
52.0,4.7906647232073775E-4 52.0,7.134073650861149E-4 
53.0,0.0012376812980807888 53.0,0.0012353369672039262 
54.0,5.366515855358214E-4 54.0,7.275953069690564E-4 
55.0,0.0013543909672585445 55.0,0.0010050788166582388 
56.0,3.8937938680898174E-4 56.0,3.4780374231549037E-4 
57.0,9.067990907435987E-4 57.0,0.001059715520883496 
58.0,0.002162605733772428 58.0,0.001672991384826987 
59.0,6.237450302851602E-4 59.0,5.06476079446472E-4 
60.0,3.9317958882527593E-4 60.0,5.358270964916083E-4 
61.0,6.884090215259722E-4 61.0,4.6733730373099344E-4 
62.0,0.0018387823748661418 62.0,0.0015695811557704415 
63.0,5.813050939063845E-4 63.0,4.7754707057340756E-4 
64.0,1.0919155785979447E-4 64.0,5.660810986057116E-4 
65.0,0.001288807349324445 65.0,9.77232533741927E-4 
66.0,8.604000487321722E-5 66.0,4.541392672940252E-4 
67.0,7.527057077110373E-4 67.0,6.383454001301432E-4 
68.0,1.0943337027995186E-4 68.0,3.865305063636294E-4 
69.0,0.002007301878536121 69.0,0.0013475808826451084 
70.0,8.990435606184411E-4 70.0,8.510643327747332E-4 
71.0,1.0698560456582573E-4 71.0,4.120777574405772E-4 
72.0,6.958845710765963E-4 72.0,3.5452948345475303E-4 
73.0,1.1819201322714586E-4 73.0,6.563222170388305E-4 
74.0,0.0015357529257417001 74.0,9.526265519495002E-4 
75.0,2.0218613194261707E-4 75.0,3.2045276980718093E-4 
76.0,9.193128890131096E-4 76.0,3.0577548305722816E-4 
77.0,0.0011771379859107966 77.0,8.103277215673938E-4 
78.0,9.94944840819514E-5 78.0,3.203753602939868E-4 
79.0,3.1654359898554174E-4 79.0,2.9736925493060784E-4 
80.0,1.6683560077452114E-4 80.0,2.9211816669517563E-4 
81.0,0.0013569307377746156 81.0,8.86156559237868E-4 
82.0,6.828157334578273E-4 82.0,5.902501507724866E-4 
83.0,2.4756562842719753E-4 83.0,2.408513759293846E-4 
84.0,4.7821057130828797E-4 84.0,4.017270618216892E-4 
85.0,2.5631469804265916E-4 85.0,3.0667509029465095E-4 
86.0,5.659670950959053E-4 86.0,3.912043892100636E-4 
87.0,3.0704595458187165E-4 87.0,1.887666643536758E-4 
88.0,6.617892184403277E-4 88.0,5.467394623201086E-4 
89.0,4.94634149585169E-4 89.0,6.071432336332163E-4 
90.0,2.636634961071514E-4 90.0,3.430089791474994E-4 
91.0,3.939905482425727E-4 91.0,2.462536835707674E-4 
92.0,3.768946439633625E-4 92.0,2.1486084603780948E-4 
93.0,5.241114618161832E-4 93.0,4.4981778131880873E-4 
94.0,4.1542202633077315E-4 94.0,3.445797284024956E-4 
95.0,2.7022782906156923E-4 95.0,2.5274617018690985E-4 
96.0,3.4700448574686703E-4 96.0,2.836967230579838E-4 
97.0,2.8971122803997433E-4 97.0,2.9296388002497686E-4 
98.0,2.864116930363987E-4 98.0,3.096930065180076E-4 
99.0,3.02437274860794E-4 99.0,2.3622083214658475E-4 
100.0,4.0386918904679634E-4 100.0,4.390725392364131E-4 
101.0,3.632700690401155E-4 101.0,3.811614290881663E-4 
102.0,1.7946712223827725E-4 102.0,2.27901811505768E-4 
103.0,3.2090856461312265E-4 103.0,2.637550786971866E-4 
104.0,2.8745117557337066E-4 104.0,2.2312877357900108E-4 
105.0,2.853138238445275E-4 105.0,3.068830813209321E-4 
106.0,1.971112533272311E-4 106.0,1.8286618349240325E-4 
107.0,2.9230809398426543E-4 107.0,2.2840707110067038E-4 
108.0,2.8902114871129185E-4 108.0,2.690488264893524E-4 
109.0,1.6895282876922216E-4 109.0,1.579671192294009E-4 
110.0,2.566489876933615E-4 110.0,1.5867189004717774E-4 
111.0,1.9788052986684912E-4 111.0,1.4032004848858528E-4 
112.0,3.366950839668872E-4 112.0,2.540301802231683E-4 
113.0,1.6602548570074878E-4 113.0,1.8153512827100143E-4 
114.0,1.673494284366029E-4 114.0,1.733169377718009E-4 
115.0,1.8739365410933302E-4 115.0,2.0396936998278516E-4 
116.0,1.491568793720129E-4 116.0,1.8895754069226487E-4 
117.0,2.3401803040134988E-4 117.0,1.6015201687910507E-4 
118.0,1.5419625352688248E-4 118.0,1.6397855698786198E-4 
119.0,2.1909538173104994E-4 119.0,1.6461385857838523E-4 
120.0,1.6217984582447817E-4 120.0,2.0812275900388178E-4 
121.0,1.3251847771543617E-4 121.0,1.5260732479461937E-4 
122.0,1.3172193810485411E-4 122.0,1.357062587125558E-4 
123.0,1.472303456845711E-4 123.0,1.4380786790770114E-4 
124.0,2.59040110217136E-4 124.0,1.521112495533427E-4 
125.0,1.61699393924764E-4 125.0,1.7935036955131096E-4 
126.0,1.8065903718761256E-4 126.0,1.0146938802414084E-4 
127.0,1.255746021458614E-4 127.0,1.478867326588749E-4 
