X:Sigma Y: Green:Absolute,
0.0,0.016086941355986657 0.0,-0.011145710866464069 
1.0,3.395187896338677E-5 1.0,4.3209373460467005E-6 
2.0,3.261662555314794E-5 2.0,-3.817314767416843E-6 
3.0,4.0436022105852336E-5 3.0,4.87954995182416E-7 
4.0,3.2242408670268986E-5 4.0,1.1552086019273094E-5 
5.0,3.900021751415744E-5 5.0,-7.1098771685346265E-6 
6.0,5.015043509627378E-5 6.0,-2.2359596523722248E-5 
7.0,6.6957717623127E-5 7.0,-2.5171713288027424E-6 
8.0,9.705915522982904E-5 8.0,-2.9224975102273178E-5 
9.0,8.830615368432371E-5 9.0,-2.2759660045231077E-5 
10.0,1.0910548759779797E-4 10.0,4.5201268366946006E-5 
11.0,8.223931423271512E-5 11.0,2.577516606807545E-5 
12.0,8.74434224915457E-5 12.0,-8.251875641657644E-5 
13.0,1.0205351993919056E-4 13.0,-4.473135124604899E-5 
14.0,9.722553812850808E-5 14.0,-1.0540225893329511E-5 
15.0,0.006948569462607372 15.0,0.0014797743650145744 
16.0,1.027814230293133E-4 16.0,-1.4145834140818378E-5 
17.0,1.4924985636894717E-4 17.0,8.678274014943355E-5 
18.0,1.0531531616160135E-4 18.0,7.985282225556338E-6 
19.0,0.009517222340292703 19.0,0.0025312690774334486 
20.0,2.955546164574545E-4 20.0,-6.78027613143527E-5 
21.0,2.915363486962767E-4 21.0,-9.003515097393568E-6 
22.0,3.510656967124022E-4 22.0,-3.738546207313931E-5 
23.0,3.0536976430399455E-4 23.0,2.2291742072829435E-5 
24.0,2.746657934706061E-4 24.0,1.1896960960735963E-4 
25.0,2.753269424635054E-4 25.0,7.539000878720643E-5 
26.0,3.289488713216444E-4 26.0,-1.2790842769456407E-4 
27.0,0.005333596132484678 27.0,-8.571597866346023E-4 
28.0,3.1949097546168817E-4 28.0,1.3833996624302024E-4 
29.0,5.309837380682024E-4 29.0,-2.8420876112485345E-4 
30.0,3.6891502864158925E-4 30.0,-2.1240845139217815E-5 
31.0,0.004413060304208973 31.0,-0.0012254624235148676 
32.0,4.6837478726847217E-4 32.0,1.8316188874836843E-4 
33.0,3.133964960909901E-4 33.0,-1.0116129838853893E-5 
34.0,0.005135735151823647 34.0,0.0017415653023995883 
35.0,6.915759878124104E-4 35.0,-7.626645564569907E-5 
36.0,5.142205070631693E-4 36.0,-7.713678023935303E-5 
37.0,4.6734590939699345E-4 37.0,2.1570905079336302E-4 
38.0,0.0054089505103831455 38.0,9.475727875759047E-4 
39.0,0.003482086291680844 39.0,-1.5710119428900433E-4 
40.0,6.326931953143305E-4 40.0,7.105152313189401E-5 
41.0,7.592210492357895E-4 41.0,1.8304619823447717E-4 
42.0,5.920981983972433E-4 42.0,-5.410376344485697E-5 
43.0,0.003068079141626872 43.0,0.0013723509440981539 
44.0,3.9646766298120776E-4 44.0,6.608492173022491E-6 
45.0,5.295447457409186E-4 45.0,1.0272904497463235E-4 
46.0,0.0020438297205095397 46.0,6.863771667159148E-4 
47.0,6.605443741652616E-4 47.0,-1.1810285757333141E-4 
48.0,5.426647421461412E-4 48.0,1.7402894625541529E-7 
49.0,7.257730724791532E-4 49.0,-2.741451590845746E-4 
50.0,0.0033880169520207207 50.0,4.930004470948467E-4 
51.0,0.0015638853382001947 51.0,-1.7098979370562702E-4 
52.0,7.134073650861149E-4 52.0,3.839071297343874E-5 
53.0,0.0012353369672039262 53.0,4.613787597204278E-4 
54.0,7.275953069690564E-4 54.0,-2.1544731862118687E-4 
55.0,0.0010050788166582388 55.0,5.140890634747973E-4 
56.0,3.4780374231549037E-4 56.0,-1.803022526435001E-4 
57.0,0.001059715520883496 57.0,1.0792302286803451E-4 
58.0,0.001672991384826987 58.0,5.523669140131299E-4 
59.0,5.06476079446472E-4 59.0,-1.1698969581919004E-4 
60.0,5.358270964916083E-4 60.0,-3.172671907080651E-5 
61.0,4.6733730373099344E-4 61.0,4.145231404524936E-5 
62.0,0.0015695811557704415 62.0,5.655469902332116E-4 
63.0,4.7754707057340756E-4 63.0,6.748968807976851E-6 
64.0,5.660810986057116E-4 64.0,1.038764094723781E-4 
65.0,9.77232533741927E-4 65.0,1.6945324742084373E-4 
66.0,4.541392672940252E-4 66.0,1.7366978347909122E-4 
67.0,6.383454001301432E-4 67.0,3.084953258765044E-4 
68.0,3.865305063636294E-4 68.0,2.9637469255767918E-5 
69.0,0.0013475808826451084 69.0,-1.0114361079260394E-4 
70.0,8.510643327747332E-4 70.0,3.444250377215498E-4 
71.0,4.120777574405772E-4 71.0,-9.491061175962326E-5 
72.0,3.5452948345475303E-4 72.0,3.684738940839474E-5 
73.0,6.563222170388305E-4 73.0,-1.5790226148794557E-4 
74.0,9.526265519495002E-4 74.0,5.07437196217092E-4 
75.0,3.2045276980718093E-4 75.0,-8.696987747395595E-6 
76.0,3.0577548305722816E-4 76.0,2.703034798989209E-5 
77.0,8.103277215673938E-4 77.0,4.4442065251035993E-4 
78.0,3.203753602939868E-4 78.0,-1.8448041341069556E-4 
79.0,2.9736925493060784E-4 79.0,1.2161356546039452E-5 
80.0,2.9211816669517563E-4 80.0,1.3095814518528377E-4 
81.0,8.86156559237868E-4 81.0,-2.5808833889215054E-6 
82.0,5.902501507724866E-4 82.0,1.1138350091318639E-4 
83.0,2.408513759293846E-4 83.0,-8.733697563333819E-5 
84.0,4.017270618216892E-4 84.0,2.863880170242497E-4 
85.0,3.0667509029465095E-4 85.0,-1.36794960778834E-4 
86.0,3.912043892100636E-4 86.0,2.7002102121924734E-4 
87.0,1.887666643536758E-4 87.0,3.53857159239361E-5 
88.0,5.467394623201086E-4 88.0,-1.3392765002477526E-4 
89.0,6.071432336332163E-4 89.0,3.818698569972276E-4 
90.0,3.430089791474994E-4 90.0,-1.0854708669813764E-4 
91.0,2.462536835707674E-4 91.0,-3.82725876798742E-5 
92.0,2.1486084603780948E-4 92.0,-1.1023703122479893E-4 
93.0,4.4981778131880873E-4 93.0,1.805908255811533E-4 
94.0,3.445797284024956E-4 94.0,-3.4471906418361744E-5 
95.0,2.5274617018690985E-4 95.0,-2.0032948446992433E-5 
96.0,2.836967230579838E-4 96.0,2.1370878329186215E-4 
97.0,2.9296388002497686E-4 97.0,-1.1527227480662844E-4 
98.0,3.096930065180076E-4 98.0,8.534707350895367E-5 
99.0,2.3622083214658475E-4 99.0,-9.32750458500087E-5 
100.0,4.390725392364131E-4 100.0,-4.847371028226992E-5 
101.0,3.811614290881663E-4 101.0,7.676092304130194E-5 
102.0,2.27901811505768E-4 102.0,-7.369146637200118E-5 
103.0,2.637550786971866E-4 103.0,5.564030924907427E-5 
104.0,2.2312877357900108E-4 104.0,-1.2039717342480807E-5 
105.0,3.068830813209321E-4 105.0,7.048036222161329E-5 
106.0,1.8286618349240325E-4 106.0,-1.6699416027934373E-5 
107.0,2.2840707110067038E-4 107.0,-4.5160816693900083E-5 
108.0,2.690488264893524E-4 108.0,5.9467609674715686E-5 
109.0,1.579671192294009E-4 109.0,-1.9708425885981292E-5 
110.0,1.5867189004717774E-4 110.0,7.232516349602532E-5 
111.0,1.4032004848858528E-4 111.0,-8.548938118818317E-6 
112.0,2.540301802231683E-4 112.0,-1.4761050371598695E-5 
113.0,1.8153512827100143E-4 113.0,1.9917541314096245E-5 
114.0,1.733169377718009E-4 114.0,-3.7290916532113005E-5 
115.0,2.0396936998278516E-4 115.0,1.7762968511063212E-5 
116.0,1.8895754069226487E-4 116.0,-6.26215535684503E-5 
117.0,1.6015201687910507E-4 117.0,3.742806073251128E-5 
118.0,1.6397855698786198E-4 118.0,2.9427619504006353E-5 
119.0,1.6461385857838523E-4 119.0,-2.255235987269277E-5 
120.0,2.0812275900388178E-4 120.0,5.7584471843473984E-5 
121.0,1.5260732479461937E-4 121.0,-1.1577517219810062E-4 
122.0,1.357062587125558E-4 122.0,-2.883392817422878E-5 
123.0,1.4380786790770114E-4 123.0,-5.459951482000311E-5 
124.0,1.521112495533427E-4 124.0,-7.549395643969126E-6 
125.0,1.7935036955131096E-4 125.0,2.37238363702944E-5 
126.0,1.0146938802414084E-4 126.0,-1.836047782981436E-5 
127.0,1.478867326588749E-4 127.0,7.910330592284479E-5 
