X: ModelSize Y: Area UnderCurve light curve --> lower Base,
27.0,1.0744677039621053 27.0,0.9340629949386715 27.0,1.139143883213428 27.0,1.0329165753895102 27.0,0.9822888690235377 27.0,0.8741603885485009 27.0,0.7218452376444796 27.0,0.7075209981088889 
28.0,0.9553733946552567 28.0,0.9793775223745793 28.0,0.9253797099142718 28.0,0.8534457508254314 28.0,0.7512045441023689 28.0,0.6256611073792456 28.0,0.5867368723466955 28.0,0.5775915899744591 
29.0,1.2247709004711227 29.0,0.9330364396146641 29.0,0.8434993570652133 29.0,0.8140071254517629 29.0,0.7105877711727067 29.0,0.5971993707376498 29.0,0.5689237421856227 29.0,0.5606839664128388 
30.0,0.4184341445832097 30.0,0.4184341445830788 30.0,0.3738859575622447 30.0,0.3891608739583604 30.0,0.4243351728975487 30.0,0.43106291560353405 30.0,0.42869287310732856 30.0,0.43402737830263055 
31.0,0.08778310416507358 31.0,0.08778310416488852 31.0,0.08781506816874053 31.0,0.08780682911599236 31.0,0.07844362964317222 31.0,0.0800413348941946 31.0,0.06835351059756062 31.0,0.061763772700344464 
32.0,0.08786403422544678 32.0,0.08989401313865117 32.0,0.0920883780474894 32.0,0.12223604309180797 32.0,0.0971631297966338 32.0,0.094113951022359 32.0,0.07930565344068931 32.0,0.07109421452685237 
33.0,0.10041485390393375 33.0,0.09028944600666552 33.0,0.10258838297678478 33.0,0.1275345609175362 33.0,0.10063501172836695 33.0,0.09787953418846178 33.0,0.08347922057447371 33.0,0.0741162672382853 
34.0,0.10504042865593405 34.0,0.08969800400936309 34.0,0.10559725781428819 34.0,0.1238834632995662 34.0,0.10171688394523287 34.0,0.09470792029040628 34.0,0.08683798825213275 34.0,0.07750235022321125 
35.0,0.10910407651345298 35.0,0.0959950266910176 35.0,0.12069236702981445 35.0,0.146922408440165 35.0,0.12177363779824402 35.0,0.10350775827738931 35.0,0.09407511403498163 35.0,0.08260456638131639 
40.0,0.07496036413671155 40.0,0.07496036413651812 40.0,0.07366062872592886 40.0,0.06524834760972828 40.0,0.0663477727235568 40.0,0.06299664327242215 40.0,0.05536555565497847 40.0,0.03815211411101441 
60.0,0.04307928979031761 60.0,0.04307928979013167 60.0,0.03641217003013824 60.0,0.036860458212367025 60.0,0.03618324726227466 60.0,0.03368006159355281 60.0,0.033777523588148985 60.0,0.02662790803064171 
80.0,0.03597080546618466 80.0,0.03597080546604061 80.0,0.025396493290045646 80.0,0.024660810168633633 80.0,0.021839256179079242 80.0,0.018586024417494025 80.0,0.015940931460532156 80.0,0.013950167255034979 
100.0,0.010489199164450494 100.0,0.010489199164328705 100.0,0.010412831793507622 100.0,0.010315268738643366 100.0,0.009904983575066424 100.0,0.009960558314617708 100.0,0.009323911505263663 100.0,0.009402979277565815 
