X:ModelSize Y:ith singular value,
0.0,0.5960002626610915 
1.0,0.5685731842397936 
2.0,0.5685731842397934 
3.0,0.5685731842397926 
4.0,0.5685731842397923 
5.0,0.5685731842397923 
6.0,0.5685731842397919 
7.0,0.5685731842397908 
8.0,0.5685731842397908 
9.0,0.5685731842397906 
10.0,0.30147453698143384 
11.0,0.2963525075426567 
12.0,0.29635250754265585 
13.0,0.29635250754265546 
14.0,0.2963525075426551 
15.0,0.29635250754265474 
16.0,0.2963525075426544 
17.0,0.2963525075426544 
18.0,0.2963525075426541 
19.0,0.2963525075426538 
20.0,0.29048801603542546 
21.0,0.2378279346147629 
22.0,0.2378279346147627 
23.0,0.2378279346147619 
24.0,0.23782793461476162 
25.0,0.23782793461476154 
26.0,0.23782793461476132 
27.0,0.23782793461476107 
28.0,0.23782793461476098 
29.0,0.23782793461476048 
30.0,0.11885785565167811 
31.0,0.024061600432149322 
32.0,0.024061600432149284 
33.0,0.024061600432149235 
34.0,0.024061600432149218 
35.0,0.02406160043214914 
36.0,0.024061600432149128 
37.0,0.0240616004321491 
38.0,0.024061600432149083 
39.0,0.024061600432149062 
40.0,0.01842917747475348 
41.0,0.01571688642035231 
42.0,0.01571688642035219 
43.0,0.01571688642035213 
44.0,0.015716886420352127 
45.0,0.015716886420352107 
46.0,0.015716886420352086 
47.0,0.015716886420352058 
48.0,0.015716886420352034 
49.0,0.015716886420351968 
50.0,0.015234038334192644 
51.0,0.013976706137039512 
52.0,0.013976706137039453 
53.0,0.013976706137039448 
54.0,0.013976706137039434 
55.0,0.01397670613703942 
56.0,0.013976706137039378 
57.0,0.01397670613703936 
58.0,0.01397670613703935 
59.0,0.013976706137039314 
60.0,0.011266690157903613 
61.0,0.01058609281336995 
62.0,0.010586092813369906 
63.0,0.0105860928133699 
64.0,0.010586092813369854 
65.0,0.010586092813369842 
66.0,0.01058609281336983 
67.0,0.010586092813369825 
68.0,0.010586092813369807 
69.0,0.010586092813369781 
70.0,0.009781190621086231 
71.0,0.009718167502526014 
72.0,0.00971816750252599 
73.0,0.009718167502525977 
74.0,0.009718167502525974 
75.0,0.009718167502525962 
76.0,0.009718167502525958 
77.0,0.009718167502525948 
78.0,0.009718167502525927 
79.0,0.009718167502525916 
80.0,0.008138679212072333 
81.0,0.00588763226245892 
82.0,0.0058876322624588735 
83.0,0.005887632262458867 
84.0,0.005887632262458853 
85.0,0.005887632262458846 
86.0,0.005887632262458829 
87.0,0.005887632262458817 
88.0,0.005887632262458804 
89.0,0.005887632262458723 
90.0,0.0025561851481397144 
91.0,0.001901651670686495 
92.0,0.0019016516706864888 
93.0,0.0019016516706864587 
94.0,0.0019016516706864494 
95.0,0.0019016516706864388 
96.0,0.0019016516706864316 
97.0,0.0019016516706864244 
98.0,0.0019016516706864069 
99.0,0.0019016516706863733 
