X: Data, Y:ArgMin_over_#states,
50.0,3.8 50.0,4.1 50.0,3.0 50.0,3.6 50.0,3.5 50.0,3.0 
70.0,4.2 70.0,3.8 70.0,3.7 70.0,3.1 70.0,3.6 70.0,3.6 
100.0,4.7 100.0,4.2 100.0,3.8 100.0,4.0 100.0,4.2 100.0,3.4 
150.0,4.8 150.0,4.1 150.0,3.8 150.0,3.9 150.0,3.9 150.0,3.5 
200.0,4.3 200.0,4.4 200.0,3.7 200.0,4.4 200.0,4.3 200.0,4.0 
500.0,4.7 500.0,4.2 500.0,4.1 500.0,4.4 500.0,4.0 500.0,4.0 
1000.0,4.4 1000.0,4.8 1000.0,4.5 1000.0,4.1 1000.0,4.4 1000.0,4.4 
10000.0,4.2 10000.0,4.0 10000.0,4.3 10000.0,4.4 10000.0,4.1 10000.0,4.2 
100000.0,4.2 100000.0,4.6 100000.0,4.1 100000.0,4.1 100000.0,4.2 100000.0,4.4 
