X:#Data Seen Y:Fnorm,
50.0,0.25595627979029545 50.0,0.2557176816811793 50.0,0.25923618246648666 50.0,0.26557725942648086 50.0,0.27366683381758017 50.0,0.2722110056487018 50.0,0.2719444349311506 50.0,0.2719444349311506 
70.0,0.2282218267551287 70.0,0.23126286763612147 70.0,0.23323668846347204 70.0,0.24184412546242381 70.0,0.2492403655403274 70.0,0.24726482545299544 70.0,0.24718689745798345 70.0,0.24718689745798345 
100.0,0.18775739120459928 100.0,0.1879849019305656 100.0,0.1924199347870342 100.0,0.19744887847514445 100.0,0.2067604093236123 100.0,0.20545591579241676 100.0,0.20539857773961806 100.0,0.20539857773961806 
150.0,0.1605858009971728 150.0,0.16162892530570488 150.0,0.16547848080015282 150.0,0.16794147529428102 150.0,0.17357356103775212 150.0,0.173756156447725 150.0,0.17368100307154116 150.0,0.17368100307154116 
200.0,0.1400579953974772 200.0,0.14088480233037212 200.0,0.14478218682547653 200.0,0.1475475814630517 200.0,0.15355784447230092 200.0,0.153389443539901 200.0,0.15331355301595864 200.0,0.15331355301595864 
500.0,0.08191117679594909 500.0,0.0818744181790291 500.0,0.0837949218405803 500.0,0.08683758861831922 500.0,0.09079801863959382 500.0,0.09123793949890882 500.0,0.09120492116373528 500.0,0.09120492116373528 
1000.0,0.06002359594159985 1000.0,0.05979354778600523 1000.0,0.06147544722069578 1000.0,0.06318864539611614 1000.0,0.06600392379471004 1000.0,0.06687259062012871 1000.0,0.06683812946464923 1000.0,0.06683812946464923 
10000.0,0.019839199062852118 10000.0,0.01982681999620534 10000.0,0.020195469131753168 10000.0,0.020720155438560522 10000.0,0.021609316330451107 10000.0,0.02190908052720169 10000.0,0.02190384174898076 10000.0,0.021903840018795927 
100000.0,0.006202789182179824 100000.0,0.0062419223659200785 100000.0,0.00634991440825401 100000.0,0.006510788695241393 100000.0,0.006913331859502076 100000.0,0.007023017445290963 100000.0,0.0070238101496016446 100000.0,0.007023806997209297 
