X:Sigma Y: Error,
0.0,0.013575020269825917 0.0,0.013575020269825917 0.0,0.013575020269825917 0.0,0.013575020269825917 0.0,0.013575020269825917 
1.0,3.983609555201205E-4 1.0,3.983609555201205E-4 1.0,3.983609555201205E-4 1.0,3.983609555201205E-4 1.0,3.983609555201205E-4 
2.0,4.4658210196989526E-4 2.0,3.205158106351942E-4 2.0,3.205158106351942E-4 2.0,3.205158106351942E-4 2.0,3.205158106351942E-4 
3.0,0.007358019737428684 3.0,0.007318074862577614 3.0,0.007318074862577614 3.0,0.007318074862577614 3.0,0.007318074862577614 
4.0,0.007941273410822274 4.0,0.00793737141019052 4.0,0.007950275094459858 4.0,0.007950275094459858 4.0,0.007950275094459858 
5.0,0.0018429345828616542 5.0,0.0011154752583254987 5.0,0.001232281481991521 5.0,0.001232281481991521 5.0,0.001232281481991521 
6.0,0.005881003968695573 6.0,0.005846234487021626 6.0,0.005562556001027214 6.0,0.005562556001027214 6.0,0.005562556001027214 
7.0,0.005955868155788617 7.0,0.006315725829852401 7.0,0.00659675041403209 7.0,0.00659675041403209 7.0,0.00659675041403209 
8.0,0.0057055592083658764 8.0,0.006031196136729189 8.0,0.0064473616114353255 8.0,0.006036585246060206 8.0,0.006036585246060206 
9.0,0.002784831950688021 9.0,0.0025113175327550912 9.0,0.002496223409590497 9.0,0.002091568561565405 9.0,0.002091568561565405 
10.0,0.0034668184034182484 10.0,0.0038939973149330733 10.0,0.003710285206596414 10.0,0.0037263984238170883 10.0,0.0037263984238170883 
11.0,0.0029357020150367614 11.0,0.0032642811542802188 11.0,0.003965707905165498 11.0,0.004737788952909657 11.0,0.004737788952909657 
12.0,0.002975012516899535 12.0,0.0038186608101322306 12.0,0.0035546912167798814 12.0,0.0031222023241910964 12.0,0.0031222023241910964 
13.0,0.0016898326038316336 13.0,0.001675314552095103 13.0,0.0019644835042399262 13.0,0.001858742501855022 13.0,0.001858742501855022 
14.0,0.0010070947212490783 14.0,0.0012630212383274474 14.0,0.0014976153155236462 14.0,0.002042606123471138 14.0,0.002042606123471138 
15.0,0.0011990012127002286 15.0,0.0011145380762772757 15.0,9.719243305821373E-4 15.0,0.0014618101305808795 15.0,0.0014618101305808795 
16.0,8.884905962798704E-4 16.0,0.0011851823809315599 16.0,0.0012545885225873964 16.0,0.0014141354362780438 16.0,0.0016148737596234114 
17.0,0.0011174759688096405 17.0,0.0010007023624891123 17.0,0.001183999587717431 17.0,0.0014366231753890073 17.0,0.0015760165501136761 
18.0,7.293848025646814E-4 18.0,8.607476920564422E-4 18.0,9.286096860394878E-4 18.0,0.001300521952536131 18.0,0.001962590586222947 
19.0,9.449756978034135E-4 19.0,9.361958796291356E-4 19.0,9.399355387957818E-4 19.0,9.429892542231722E-4 19.0,0.0015763484932611411 
20.0,7.626556560092261E-4 20.0,8.596188420810106E-4 20.0,7.352517772995367E-4 20.0,7.618948934712926E-4 20.0,0.0010551930238477806 
21.0,5.11471104667967E-4 21.0,4.4236511455273694E-4 21.0,5.170195200936448E-4 21.0,5.160662959847718E-4 21.0,0.001123873800875796 
22.0,3.9199807766751826E-4 22.0,3.634882072582888E-4 22.0,3.4252065909363716E-4 22.0,3.63558218845294E-4 22.0,8.131192703955444E-4 
23.0,2.937316993093818E-4 23.0,3.256532095646092E-4 23.0,3.3951913862258855E-4 23.0,4.1281627148129473E-4 23.0,5.141213813923503E-4 
24.0,2.523483644479862E-4 24.0,3.3886810320176607E-4 24.0,3.7252333377028765E-4 24.0,4.477576995159303E-4 24.0,3.346441394986932E-4 
25.0,3.0926080664043E-4 25.0,3.4738618484515116E-4 25.0,3.6010606414132323E-4 25.0,3.5685844162605917E-4 25.0,3.7022545320440376E-4 
26.0,3.235169894126015E-4 26.0,2.868220131698047E-4 26.0,2.609186672666342E-4 26.0,2.2733266712391027E-4 26.0,2.865189988728521E-4 
27.0,2.405152548449978E-4 27.0,1.9724835247858692E-4 27.0,1.5303917562730084E-4 27.0,1.9030552475853194E-4 27.0,2.873653177498251E-4 
28.0,1.975532004387773E-4 28.0,1.8791133853918293E-4 28.0,1.927936500616414E-4 28.0,1.5059391073811123E-4 28.0,2.9120590356280417E-4 
29.0,1.8670997005246185E-4 29.0,1.7836735479043327E-4 29.0,1.3680792593801208E-4 29.0,1.2104452913490228E-4 29.0,1.5924172382070806E-4 
30.0,1.4552492989652205E-4 30.0,1.8045098156217425E-4 30.0,1.4826928588500366E-4 30.0,1.450990199402718E-4 30.0,1.952335764320064E-4 
31.0,1.2609278245119524E-4 31.0,9.375558582298547E-5 31.0,9.918218752576049E-5 31.0,8.770864451459925E-5 31.0,9.633471826204899E-5 
