X:Sigma Y:(A16A1-A1A16).Fnorm,
0.0,0.0 
1.0,0.0 
2.0,0.0 
3.0,0.3038495598985103 
4.0,0.0 
5.0,0.36048491085859663 
6.0,0.32883458851957387 
7.0,0.32296713518568587 
8.0,0.0 
9.0,0.2496017760376485 
10.0,0.2993060617944629 
11.0,0.306999454521951 
12.0,0.28355694084700084 
13.0,0.23832038860957053 
14.0,0.18076469388972471 
15.0,0.1278210705589107 
16.0,0.0 
17.0,0.10184203623087881 
18.0,0.1123669043505015 
19.0,0.10850852610523057 
20.0,0.10564708379255186 
21.0,0.08130333140080409 
22.0,0.07375706200895918 
23.0,0.05565965184940574 
24.0,0.06664542338654585 
25.0,0.05396670991461286 
26.0,0.04337133007127244 
27.0,0.03328127290079868 
28.0,0.023794336303934217 
29.0,0.018620160795086986 
30.0,0.01575475725266914 
31.0,0.012999697892052202 
