X:Sigma Y:a0(A16A1-A1A16)aI,
0.0,0.0 0.0,0.0 
1.0,4.566298149784783E-18 1.0,1.2287624621502383E-19 
2.0,4.2166429491582076E-18 2.0,1.91452033624732E-18 
3.0,1.1564823173178715E-16 3.0,9.251858538542971E-19 
4.0,2.312964634635743E-17 4.0,8.326672684688674E-18 
5.0,7.31547345848386E-17 5.0,2.6570181240378095E-17 
6.0,4.822531263215524E-17 6.0,2.5558259212724956E-17 
7.0,7.216449660063518E-17 7.0,-4.625929269271485E-18 
8.0,4.278984574076124E-18 8.0,-8.0953762212251E-19 
9.0,3.839521293495333E-17 9.0,6.129356281784718E-18 
10.0,1.6306400674181987E-17 10.0,3.4694469519536144E-19 
11.0,2.526913863339549E-17 11.0,8.26884856882278E-18 
12.0,1.6768993601109134E-17 12.0,-8.0953762212251E-18 
13.0,3.579312772098812E-17 13.0,2.6309972718981573E-17 
14.0,2.1799691681441875E-17 14.0,-7.574959178432057E-18 
15.0,1.2894777838094266E-17 15.0,-1.2143064331837649E-18 
16.0,8.610372253155714E-19 16.0,-3.5326920786819352E-19 
17.0,1.0487849015176446E-17 17.0,3.042994097442649E-18 
18.0,6.56303715077892E-18 18.0,-1.994931997373328E-18 
19.0,8.586881206085195E-18 19.0,6.830473686658678E-19 
20.0,7.45931094670027E-18 20.0,1.546795099412653E-18 
21.0,6.338968701798583E-18 21.0,1.814231635292411E-18 
22.0,4.158818833292314E-18 22.0,8.267041565201971E-19 
23.0,4.698209414103853E-18 23.0,1.879283765641541E-19 
24.0,3.433306879537431E-18 24.0,-4.698209414103852E-19 
25.0,3.433306879537431E-18 25.0,2.240684489803376E-19 
26.0,2.502700014820706E-18 26.0,3.342956698496972E-19 
27.0,2.6428557331597175E-18 27.0,7.7802799648465E-19 
28.0,1.0207311703045821E-18 28.0,-6.340323954514189E-19 
29.0,2.3832119003946994E-18 29.0,3.7721200584391507E-20 
30.0,1.967149316703387E-18 30.0,9.990471268548721E-19 
31.0,1.0336060711028475E-18 31.0,5.421010862427522E-19 
32.0,8.40256683676266E-20 32.0,8.221866474681742E-20 
33.0,8.840765214808884E-19 33.0,-2.4620424333525E-19 
34.0,1.4527744422674257E-18 34.0,6.794898302873998E-19 
35.0,1.231472967581452E-18 35.0,6.451002926288752E-19 
36.0,2.947222905539763E-18 36.0,2.6454533008646307E-18 
37.0,4.001891862597668E-18 37.0,-3.521228899462427E-18 
38.0,1.5757071573455998E-18 38.0,-6.216092455583559E-19 
39.0,8.926597886797319E-19 39.0,-6.649773324577761E-19 
40.0,1.6940094256454504E-18 40.0,-1.6227457203497886E-18 
41.0,1.472707950959477E-18 41.0,1.292685215236363E-18 
42.0,5.802740377323461E-19 42.0,5.061868892791699E-19 
43.0,3.176938240835129E-19 43.0,-2.202285662861181E-20 
44.0,6.797157057400009E-19 44.0,4.765407361252694E-19 
45.0,2.8787826434016155E-19 45.0,4.957966184595171E-20 
46.0,1.8758956338525238E-19 46.0,-1.9538226649999194E-20 
47.0,2.224343812529262E-19 47.0,-1.1050603588116416E-19 
48.0,2.7301283611584857E-19 48.0,1.0284391701245964E-19 
49.0,6.444297248789654E-19 49.0,-5.637780710845685E-19 
50.0,5.007094095535921E-19 50.0,-4.402877259827853E-19 
51.0,1.831991092753176E-19 51.0,1.4206154247033374E-19 
52.0,4.80211212230038E-19 52.0,-4.631576155586514E-19 
53.0,6.330794833857578E-19 53.0,5.206923285008998E-19 
54.0,2.9665917256003113E-19 54.0,2.5453340064991725E-19 
55.0,1.489507437746687E-19 55.0,1.489507437746687E-19 
56.0,2.1128531008469143E-19 56.0,1.7744634384188214E-19 
57.0,3.439306696247149E-19 57.0,-3.2192193021189063E-19 
58.0,5.546477617739566E-20 58.0,-4.8437932019131856E-20 
59.0,4.247517300085627E-20 59.0,3.02002538735627E-20 
60.0,1.0603440778045083E-19 60.0,-9.891933102351471E-20 
61.0,2.7712094591003194E-20 61.0,-1.4159567434934386E-20 
62.0,3.0577889395880243E-20 62.0,1.917117903952233E-20 
63.0,2.2912241223228825E-20 63.0,1.3199596761379514E-20 
64.0,0.0 64.0,0.0 
65.0,0.0 65.0,0.0 
66.0,0.0 66.0,0.0 
67.0,0.0 67.0,0.0 
68.0,0.0 68.0,0.0 
69.0,0.0 69.0,0.0 
70.0,0.0 70.0,0.0 
71.0,0.0 71.0,0.0 
72.0,0.0 72.0,0.0 
73.0,0.0 73.0,0.0 
74.0,0.0 74.0,0.0 
75.0,0.0 75.0,0.0 
76.0,0.0 76.0,0.0 
77.0,0.0 77.0,0.0 
78.0,0.0 78.0,0.0 
79.0,0.0 79.0,0.0 
80.0,0.0 80.0,0.0 
81.0,0.0 81.0,0.0 
82.0,0.0 82.0,0.0 
83.0,0.0 83.0,0.0 
84.0,0.0 84.0,0.0 
85.0,0.0 85.0,0.0 
86.0,0.0 86.0,0.0 
87.0,0.0 87.0,0.0 
88.0,0.0 88.0,0.0 
89.0,0.0 89.0,0.0 
90.0,0.0 90.0,0.0 
91.0,0.0 91.0,0.0 
92.0,0.0 92.0,0.0 
93.0,0.0 93.0,0.0 
94.0,0.0 94.0,0.0 
95.0,0.0 95.0,0.0 
96.0,0.0 96.0,0.0 
97.0,0.0 97.0,0.0 
98.0,0.0 98.0,0.0 
99.0,0.0 99.0,0.0 
100.0,0.0 100.0,0.0 
101.0,0.0 101.0,0.0 
102.0,0.0 102.0,0.0 
103.0,0.0 103.0,0.0 
104.0,0.0 104.0,0.0 
105.0,0.0 105.0,0.0 
106.0,0.0 106.0,0.0 
107.0,0.0 107.0,0.0 
108.0,0.0 108.0,0.0 
109.0,0.0 109.0,0.0 
110.0,0.0 110.0,0.0 
111.0,0.0 111.0,0.0 
112.0,0.0 112.0,0.0 
113.0,0.0 113.0,0.0 
114.0,0.0 114.0,0.0 
115.0,0.0 115.0,0.0 
116.0,0.0 116.0,0.0 
117.0,0.0 117.0,0.0 
118.0,0.0 118.0,0.0 
119.0,0.0 119.0,0.0 
120.0,0.0 120.0,0.0 
121.0,0.0 121.0,0.0 
122.0,0.0 122.0,0.0 
123.0,0.0 123.0,0.0 
124.0,0.0 124.0,0.0 
125.0,0.0 125.0,0.0 
126.0,0.0 126.0,0.0 
127.0,0.0 127.0,0.0 
