x:Traj Length y:|f_k(x)-fhat_k(x)|,
0.0,0.015315073070477296 
1.0,3.9918433928927584E-4 
2.0,4.4756197723126685E-4 
3.0,0.00766062093079199 
4.0,0.007788201285477061 
5.0,0.0018482010502025709 
6.0,0.005894323656091027 
7.0,0.005915203115194875 
8.0,0.005671246147999068 
9.0,0.002779573696465895 
10.0,0.0034737535933760818 
11.0,0.0028740496584529884 
12.0,0.0029628173323383174 
13.0,0.0016716681391816327 
14.0,0.0010075245788802756 
15.0,0.0011751529866212242 
16.0,8.896890609203698E-4 
17.0,0.0011103385918686621 
18.0,7.158693335241648E-4 
19.0,9.317254892321064E-4 
20.0,7.552850712026246E-4 
21.0,5.039962561740785E-4 
22.0,3.911681447558974E-4 
23.0,2.9012730930983593E-4 
24.0,2.532579358232778E-4 
25.0,3.0600648616860505E-4 
26.0,3.2199316714710797E-4 
27.0,2.3857515785278356E-4 
28.0,1.9663782704049083E-4 
29.0,1.8551044155495813E-4 
30.0,1.4526820279497948E-4 
31.0,1.2507466706962334E-4 
32.0,1.2637186576030778E-4 
33.0,8.99725252219758E-5 
34.0,8.023903739541106E-5 
35.0,8.37689223044933E-5 
36.0,7.309099787009571E-5 
37.0,6.299795766377503E-5 
38.0,5.6448031550867725E-5 
39.0,3.647316564855193E-5 
40.0,4.260874267006807E-5 
41.0,4.6782343480572706E-5 
42.0,2.997242734172801E-5 
43.0,2.120487930052041E-5 
44.0,2.7176275950639582E-5 
45.0,2.7551319073432868E-5 
46.0,2.1800714487004525E-5 
47.0,1.6211174509264357E-5 
48.0,1.0167720057518674E-5 
49.0,1.4727959583358648E-5 
