x:Traj Length y:fhat_k(x),
0.0,0.5974343467653471 
1.0,-3.530525004832519E-5 
2.0,1.6165967181567804E-4 
3.0,0.08456730128265302 
4.0,0.1189782373108552 
5.0,-6.300551917266398E-5 
6.0,0.021462996927424042 
7.0,0.0534650038050968 
8.0,0.023346866041220087 
9.0,0.007552381239916421 
10.0,0.020672029171847305 
11.0,0.017607374697437932 
12.0,0.007027638469784771 
13.0,0.007785729367022798 
14.0,0.009303130791055988 
15.0,0.005287047100258498 
16.0,0.0032226979286975833 
17.0,0.004399763111315417 
18.0,0.0037656434074325126 
19.0,0.0025914978937364368 
20.0,0.0021748331055712485 
21.0,0.0017786484942168984 
22.0,0.0011137139810765044 
23.0,9.360029045938225E-4 
24.0,9.777344749958116E-4 
25.0,8.992501711612052E-4 
26.0,7.046183057157421E-4 
27.0,6.019117375942245E-4 
28.0,4.439896468602268E-4 
29.0,2.9913204502766185E-4 
30.0,2.207985122059651E-4 
31.0,2.105829127685264E-4 
32.0,1.9038878802661737E-4 
33.0,1.6692090744996213E-4 
34.0,1.309825801507401E-4 
35.0,1.0805650455415045E-4 
36.0,9.692689231050118E-5 
37.0,9.798504329872667E-5 
38.0,8.016014435110432E-5 
39.0,4.6633576760362735E-5 
40.0,1.3974940951571645E-5 
41.0,4.116042556577214E-6 
42.0,1.2594695546924254E-5 
43.0,2.8119757999182643E-5 
44.0,3.465609086430574E-5 
45.0,3.0430800962700155E-5 
46.0,1.9397522144820407E-5 
47.0,1.0096242871645839E-5 
48.0,4.400028279768152E-6 
49.0,2.1044222773113985E-6 
