x:Traj Length y:f_k(x),
0.0,0.5999999999999985 
1.0,1.7175692443861874E-16 
2.0,-3.480472463503815E-16 
3.0,0.08000000000000007 
4.0,0.12000000000000029 
5.0,-2.215547793760882E-16 
6.0,0.024000000000000035 
7.0,0.05200000000000028 
8.0,0.02400000000000006 
9.0,0.007199999999999949 
10.0,0.02040000000000017 
11.0,0.017600000000000133 
12.0,0.0069600000000000104 
13.0,0.00756000000000006 
14.0,0.009360000000000108 
15.0,0.005608000000000048 
16.0,0.0036600000000000287 
17.0,0.0043200000000000564 
18.0,0.003554400000000046 
19.0,0.0022196000000000242 
20.0,0.0020280000000000285 
21.0,0.0019303200000000316 
22.0,0.0013767600000000205 
23.0,0.0010523200000000159 
24.0,9.846960000000177E-4 
25.0,7.99092000000015E-4 
26.0,5.910480000000106E-4 
27.0,5.0587280000001E-4 
28.0,4.3666680000000943E-4 
29.0,3.3713280000000734E-4 
30.0,2.69971440000006E-4 
31.0,2.3217460000000563E-4 
32.0,1.884732000000046E-4 
33.0,1.4841799200000365E-4 
34.0,1.2364666800000325E-4 
35.0,1.0297688000000285E-4 
36.0,8.222003760000228E-5 
37.0,6.67775988000019E-5 
38.0,5.5622397600001693E-5 
39.0,4.5261387280001375E-5 
40.0,3.647728716000112E-5 
41.0,3.0042239040000977E-5 
42.0,2.4702895704000822E-5 
43.0,1.999546360400067E-5 
44.0,1.630812914400056E-5 
45.0,1.3419316519200482E-5 
46.0,1.0939218222000401E-5 
47.0,8.891531464000325E-6 
48.0,7.2874207845602775E-6 
49.0,5.965628770440234E-6 
