X: Data, Y:Min_over_#states,
50.0,0.21123250281254363 50.0,0.20452951553822712 50.0,0.2418726049799264 50.0,0.22909852888798943 50.0,0.25571946667548306 50.0,0.23211933742983343 
70.0,0.20627474795096604 70.0,0.19348524824161584 70.0,0.19106004769434512 70.0,0.1700994828592012 70.0,0.18064407218244694 70.0,0.2031813992661319 
100.0,0.17301742421428526 100.0,0.17308585519155884 100.0,0.1650225038862643 100.0,0.1575438161655274 100.0,0.16748688695385358 100.0,0.1782684905087126 
150.0,0.1356293837983381 150.0,0.12975010691246405 150.0,0.14912567450363753 150.0,0.13849018926112944 150.0,0.142879445380589 150.0,0.15513812885060801 
200.0,0.1103470236691435 200.0,0.11447104700844173 200.0,0.11496889472784586 200.0,0.1350241528477937 200.0,0.12760892109768932 200.0,0.13229180587276806 
500.0,0.05834803449695157 500.0,0.08167196353336978 500.0,0.06784852194178714 500.0,0.08904541437830331 500.0,0.08558012924478847 500.0,0.08295174970335724 
1000.0,0.05013006575062188 1000.0,0.04856767266786818 1000.0,0.048350933326232755 1000.0,0.055949766332738446 1000.0,0.058035705177722066 1000.0,0.06308948505518334 
10000.0,0.014000839882388986 10000.0,0.017392078817408424 10000.0,0.02034997305734149 10000.0,0.017492692952943593 10000.0,0.018730059678107255 10000.0,0.01850843794422995 
100000.0,0.004138013643556731 100000.0,0.006272743929491925 100000.0,0.00517777412823339 100000.0,0.005340377695139712 100000.0,0.005571318134031505 100000.0,0.006137437877001875 
