X:Sigma Y:|f(x)-fhat(x)|,
0.0,0.013575020269825917 0.0,0.013575020269825917 
1.0,3.983609555201205E-4 1.0,3.983609555201205E-4 
2.0,3.205158106351942E-4 2.0,4.4658210196989526E-4 
3.0,0.007318074862577614 3.0,0.007358019737428684 
4.0,0.007950275094459858 4.0,0.007941273410822274 
5.0,0.001232281481991521 5.0,0.0018429345828616542 
6.0,0.005562556001027214 6.0,0.005881003968695573 
7.0,0.00659675041403209 7.0,0.005955868155788617 
8.0,0.006036585246060206 8.0,0.0057055592083658764 
9.0,0.002091568561565405 9.0,0.002784831950688021 
10.0,0.0037263984238170883 10.0,0.0034668184034182484 
11.0,0.004737788952909657 11.0,0.0029357020150367614 
12.0,0.0031222023241910964 12.0,0.002975012516899535 
13.0,0.001858742501855022 13.0,0.0016898326038316336 
14.0,0.002042606123471138 14.0,0.0010070947212490783 
15.0,0.0014618101305808795 15.0,0.0011990012127002286 
16.0,0.0016148737596234114 16.0,8.884905962798704E-4 
17.0,0.0015760165501136761 17.0,0.0011174759688096405 
18.0,0.001962590586222947 18.0,7.293848025646814E-4 
19.0,0.0015763484932611411 19.0,9.449756978034135E-4 
20.0,0.0010551930238477806 20.0,7.626556560092261E-4 
21.0,0.001123873800875796 21.0,5.11471104667967E-4 
22.0,8.131192703955444E-4 22.0,3.9199807766751826E-4 
23.0,5.141213813923503E-4 23.0,2.937316993093818E-4 
24.0,3.346441394986932E-4 24.0,2.523483644479862E-4 
25.0,3.7022545320440376E-4 25.0,3.0926080664043E-4 
26.0,2.865189988728521E-4 26.0,3.235169894126015E-4 
27.0,2.873653177498251E-4 27.0,2.405152548449978E-4 
28.0,2.9120590356280417E-4 28.0,1.975532004387773E-4 
29.0,1.5924172382070806E-4 29.0,1.8670997005246185E-4 
30.0,1.952335764320064E-4 30.0,1.4552492989652205E-4 
31.0,9.633471826204899E-5 31.0,1.2609278245119524E-4 
