X:Sigma Y: Green:Absolute,
0.0,0.013575020269825917 0.0,0.003150062731306802 
1.0,3.983609555201205E-4 1.0,8.599644945657854E-5 
2.0,3.205158106351942E-4 2.0,-1.285684136212773E-4 
3.0,0.007318074862577614 3.0,-0.003319777880636431 
4.0,0.007950275094459858 4.0,0.0011049367839373288 
5.0,0.001232281481991521 5.0,-1.6947963346512825E-4 
6.0,0.005562556001027214 6.0,0.0016513877057254037 
7.0,0.00659675041403209 7.0,-0.0016568764641456337 
8.0,0.006036585246060206 8.0,4.884596255307617E-4 
9.0,0.002091568561565405 9.0,-3.0836386618523256E-4 
10.0,0.0037263984238170883 10.0,7.830710643144599E-4 
11.0,0.004737788952909657 11.0,-5.715667942204256E-4 
12.0,0.0031222023241910964 12.0,-5.791137869026766E-4 
13.0,0.001858742501855022 13.0,8.274932376700669E-4 
14.0,0.002042606123471138 14.0,1.3203114019504196E-5 
15.0,0.0014618101305808795 15.0,-1.2612665942764224E-4 
16.0,0.0016148737596234114 16.0,1.810817218153375E-4 
17.0,0.0015760165501136761 17.0,-2.380521165154926E-4 
18.0,0.001962590586222947 18.0,-8.05412340470979E-4 
19.0,0.0015763484932611411 19.0,-1.4417096141241933E-5 
20.0,0.0010551930238477806 20.0,3.211465192968374E-4 
21.0,0.001123873800875796 21.0,-6.04613127233481E-4 
22.0,8.131192703955444E-4 22.0,-3.7148942893602685E-4 
23.0,5.141213813923503E-4 23.0,-1.2843208522019068E-4 
24.0,3.346441394986932E-4 24.0,1.4570289881260114E-4 
25.0,3.7022545320440376E-4 25.0,-1.4797339016954953E-4 
26.0,2.865189988728521E-4 26.0,-2.7030485018238436E-6 
27.0,2.873653177498251E-4 27.0,1.0749208815182542E-4 
28.0,2.9120590356280417E-4 28.0,1.1449664925488967E-5 
29.0,1.5924172382070806E-4 29.0,-1.5113963664703193E-5 
30.0,1.952335764320064E-4 30.0,-5.5508783068224174E-5 
31.0,9.633471826204899E-5 31.0,5.867342803795017E-6 
