X:Sigma Y: Green:Absolute,
0.0,0.016206709438037904 0.0,0.011677839234668778 
1.0,3.043474604940383E-4 1.0,2.837056166994837E-6 
2.0,4.5111749468216335E-4 2.0,-3.212613312727535E-5 
3.0,0.00794240557421737 3.0,-0.001615905458592065 
4.0,0.010077669372472871 4.0,-0.00450236130027408 
5.0,0.0011033793195585233 5.0,3.337241733151673E-4 
6.0,0.004812390701288801 6.0,-0.0021534868099302947 
7.0,0.005048508638701973 7.0,8.04336296021498E-4 
8.0,0.003975262251382754 8.0,4.756970674085275E-4 
9.0,0.003203864410631056 9.0,-9.653763066083172E-4 
10.0,0.003113846936889375 10.0,-0.00225658896436067 
11.0,0.002894376613231544 11.0,-5.527545514317107E-5 
12.0,0.0022373482047399057 12.0,2.3533346157933205E-4 
13.0,0.0013063460228502559 13.0,-3.012890398337041E-4 
14.0,0.002031447321551744 14.0,-8.259517721667958E-4 
15.0,0.0010989562563786697 15.0,4.869926072327153E-4 
16.0,0.0010698617600691763 16.0,-1.642944030516415E-4 
17.0,0.0010823088113183397 17.0,-4.950298508795685E-4 
18.0,6.741865101797499E-4 18.0,-2.5104792410352006E-4 
19.0,7.437743256996718E-4 19.0,1.6852488235427396E-4 
20.0,5.582732344843557E-4 20.0,-5.7147793557689016E-5 
21.0,6.032380584397327E-4 21.0,-1.2824862521436514E-4 
22.0,3.7150240164927976E-4 22.0,-1.0246706656423803E-4 
23.0,4.022927977525436E-4 23.0,-7.971084545192018E-5 
24.0,3.744359382108831E-4 24.0,-1.444138842303152E-4 
25.0,2.8523058907237793E-4 25.0,2.6111652766871008E-5 
26.0,2.5568307556117785E-4 26.0,-8.977574835978934E-6 
27.0,2.279016794099211E-4 27.0,-3.6612771324008266E-5 
28.0,1.7933508337027396E-4 28.0,-5.388774280100522E-5 
29.0,2.0170703338551115E-4 29.0,-1.9382922296113432E-5 
30.0,1.4349505787325796E-4 30.0,-5.2712788315152176E-5 
31.0,1.1078726446712966E-4 31.0,-5.022151841481153E-5 
32.0,1.0126930953711588E-4 32.0,-1.5062866729663828E-5 
33.0,1.0780002371246513E-4 33.0,1.2717130683695352E-5 
34.0,7.912453930711604E-5 34.0,-1.2510321547562858E-5 
35.0,6.113304313764184E-5 35.0,-2.0986755617885087E-5 
36.0,5.879972808796625E-5 36.0,-2.979228311739599E-5 
37.0,4.9682116878646806E-5 37.0,-1.7451546750345112E-5 
38.0,4.0982337913861045E-5 38.0,-9.941107858802265E-6 
39.0,4.110753749691909E-5 39.0,2.9250438078815247E-7 
40.0,3.0988610395817254E-5 40.0,-3.244575317948129E-6 
41.0,2.26385348615243E-5 41.0,-8.088438604092835E-6 
42.0,2.3748096911573252E-5 42.0,-1.165968406679699E-5 
43.0,2.1153058105028353E-5 43.0,-9.187050048860644E-6 
44.0,1.3036707363148992E-5 44.0,-6.530878172797261E-6 
45.0,1.4455053337151635E-5 45.0,-8.904349205607021E-7 
46.0,1.3695539211897841E-5 46.0,-1.4534730789157845E-7 
47.0,9.72438213660198E-6 47.0,-1.5687033926496158E-6 
48.0,8.220187983595982E-6 48.0,-5.2667762942833705E-6 
49.0,8.259654156039475E-6 49.0,-5.139406140368024E-6 
50.0,5.943227377575362E-6 50.0,-3.218538029580253E-6 
51.0,5.433631297290651E-6 51.0,-5.887404597925752E-7 
52.0,5.1851566795313616E-6 52.0,1.1154974995108452E-7 
53.0,3.985139511325309E-6 53.0,-3.671526987560324E-7 
54.0,2.6487506135518113E-6 54.0,-1.666465751050303E-6 
55.0,3.3653231500687944E-6 55.0,-2.0162640945602967E-6 
56.0,2.711761827946989E-6 56.0,-1.760497100739251E-6 
57.0,1.529823552728497E-6 57.0,-7.022135841455172E-7 
58.0,1.910101980924817E-6 58.0,-4.6085454045786734E-8 
59.0,1.7852896751186767E-6 59.0,1.729176168207025E-7 
60.0,1.0395628230873641E-6 60.0,-3.2855221136934945E-7 
61.0,1.2026125667647672E-6 61.0,-7.949725997175671E-7 
62.0,1.1102408702139343E-6 62.0,-9.039222270200676E-7 
63.0,7.144764590219938E-7 63.0,-4.7946990680515E-7 
64.0,6.774217290457181E-7 64.0,-3.728840841663027E-8 
65.0,7.638518512443081E-7 65.0,1.634081134190953E-7 
66.0,4.932941653675648E-7 66.0,-2.187067425960346E-8 
67.0,3.7051572093597125E-7 67.0,-2.597377529785913E-7 
68.0,4.672778707138008E-7 68.0,-3.8803478100166065E-7 
69.0,3.6121558032471554E-7 69.0,-2.690092027872842E-7 
70.0,1.856330098575248E-7 70.0,-7.480626262849601E-8 
71.0,2.967118080693539E-7 71.0,7.277140195020706E-8 
72.0,2.4353264859708907E-7 72.0,5.685935069960492E-8 
73.0,1.0960501740701352E-7 73.0,-4.931604527462788E-8 
74.0,1.7553654563380456E-7 74.0,-1.5142255727282653E-7 
75.0,1.686091222697907E-7 75.0,-1.4685000083137535E-7 
76.0,7.898913401268055E-8 76.0,-6.623947806310332E-8 
77.0,1.0536309765983365E-7 77.0,2.5433902200786133E-8 
78.0,1.1501659459401817E-7 78.0,4.624320268885648E-8 
79.0,6.437758702782705E-8 79.0,7.135002977140759E-9 
80.0,5.5448946709527794E-8 80.0,-5.0141346455828554E-8 
81.0,7.581977980849469E-8 81.0,-6.780309190606907E-8 
82.0,4.930612249865114E-8 82.0,-4.316201407146419E-8 
83.0,2.9517330341170566E-8 83.0,8.357749300396882E-11 
84.0,4.811187712769423E-8 84.0,2.289513021982479E-8 
85.0,3.675205734490258E-8 85.0,1.5885272145109417E-8 
86.0,1.2410757071842674E-8 86.0,-9.953663011388832E-9 
87.0,3.048820957251783E-8 87.0,-2.7463993801487835E-8 
88.0,2.660410350612378E-8 88.0,-2.5271830834418964E-8 
89.0,8.580364695227249E-9 89.0,-7.021404089941654E-9 
90.0,1.7944638217970333E-8 90.0,8.84841715849892E-9 
91.0,1.920189427100433E-8 91.0,1.1634128325873255E-8 
92.0,8.057293273004573E-9 92.0,1.5894795346950105E-9 
93.0,1.0187858306381784E-8 93.0,-9.441978704102716E-9 
94.0,1.301270194763369E-8 94.0,-1.2624699923208394E-8 
95.0,7.083247195001208E-9 95.0,-6.456267811507641E-9 
96.0,5.2468403265009694E-9 96.0,1.9658862371737186E-9 
97.0,8.737452186997979E-9 97.0,6.0154619026676025E-9 
98.0,5.725240033037709E-9 98.0,3.358293180090985E-9 
99.0,2.3406621446772184E-9 99.0,-2.062139525291297E-9 
100.0,5.629634068519322E-9 100.0,-5.455090465752413E-9 
101.0,4.467048407057103E-9 101.0,-4.300807620145839E-9 
102.0,6.66351272361864E-10 102.0,-5.327227585495948E-10 
103.0,3.473275108963591E-9 103.0,2.491953083898669E-9 
104.0,3.3362547249077613E-9 104.0,2.494929502168774E-9 
105.0,9.497519756710697E-10 105.0,2.5258619323608636E-10 
106.0,2.017645504035004E-9 106.0,-1.986239336219111E-9 
107.0,2.3918157584806254E-9 107.0,-2.3443769869917862E-9 
108.0,9.94937018096588E-10 108.0,-9.632106322573388E-10 
109.0,1.1011308459249596E-9 109.0,7.489368468022275E-10 
110.0,1.653727894248716E-9 110.0,1.3498635063004786E-9 
111.0,9.104889975723073E-10 111.0,6.570143455436095E-10 
112.0,5.173878044754154E-10 112.0,-5.065818821925653E-10 
113.0,1.1045681048508105E-9 113.0,-1.0836190878958696E-9 
114.0,7.600636876211597E-10 114.0,-7.502142154559429E-10 
115.0,1.8479877309194242E-10 115.0,5.719609119973583E-11 
116.0,7.030226755490368E-10 116.0,5.934306945335539E-10 
117.0,5.988122619346689E-10 117.0,5.089634187504154E-10 
118.0,7.936953765872429E-11 118.0,1.803324347889594E-12 
119.0,4.2693138301843534E-10 119.0,-4.21756156897817E-10 
120.0,4.4742330489841817E-10 120.0,-4.4524610908605417E-10 
121.0,1.3154407433784753E-10 121.0,-1.276735830765598E-10 
122.0,2.425912540855027E-10 122.0,2.0349202587050809E-10 
123.0,3.2099720722260617E-10 123.0,2.888087135280099E-10 
124.0,1.413212836804752E-10 124.0,1.1327502549391112E-10 
125.0,1.2445695966223316E-10 125.0,-1.2277924134458257E-10 
126.0,2.207684536276034E-10 126.0,-2.1974568346458598E-10 
127.0,1.2932081670298557E-10 127.0,-1.278972544954317E-10 
