X:Sigma Y: Error,
0.0,0.016206709438037904 0.0,0.016206709438037904 0.0,0.016206709438037904 0.0,0.016206709438037904 0.0,0.016206709438037904 0.0,0.016206709438037904 0.0,0.016206709438037904 
1.0,3.043474604940383E-4 1.0,3.043474604940383E-4 1.0,3.043474604940383E-4 1.0,3.043474604940383E-4 1.0,3.043474604940383E-4 1.0,3.043474604940383E-4 1.0,3.043474604940383E-4 
2.0,4.5111749468216335E-4 2.0,2.724705197274457E-4 2.0,2.724705197274457E-4 2.0,2.724705197274457E-4 2.0,2.724705197274457E-4 2.0,2.724705197274457E-4 2.0,2.724705197274457E-4 
3.0,0.00794240557421737 3.0,0.007904651109977444 3.0,0.007904651109977444 3.0,0.007904651109977444 3.0,0.007904651109977444 3.0,0.007904651109977444 3.0,0.007904651109977444 
4.0,0.010077669372472871 4.0,0.010333459538483846 4.0,0.01037395974602828 4.0,0.01037395974602828 4.0,0.01037395974602828 4.0,0.01037395974602828 4.0,0.01037395974602828 
5.0,0.0011033793195585233 5.0,7.107894077052476E-4 5.0,8.067148685445416E-4 5.0,8.067148685445416E-4 5.0,8.067148685445416E-4 5.0,8.067148685445416E-4 5.0,8.067148685445416E-4 
6.0,0.004812390701288801 6.0,0.005372230654033276 6.0,0.005574395733484662 6.0,0.005574395733484662 6.0,0.005574395733484662 6.0,0.005574395733484662 6.0,0.005574395733484662 
7.0,0.005048508638701973 7.0,0.005764754745262156 7.0,0.005837205608753099 7.0,0.005837205608753099 7.0,0.005837205608753099 7.0,0.005837205608753099 7.0,0.005837205608753099 
8.0,0.003975262251382754 8.0,0.004504129474466001 8.0,0.005010425949577528 8.0,0.004440734769635185 8.0,0.004440734769635185 8.0,0.004440734769635185 8.0,0.004440734769635185 
9.0,0.003203864410631056 9.0,0.0029675966799329236 9.0,0.0031106442731809987 9.0,0.0022282152256306543 9.0,0.0022282152256306543 9.0,0.0022282152256306543 9.0,0.0022282152256306543 
10.0,0.003113846936889375 10.0,0.0031218161297615556 10.0,0.004064594626044183 10.0,0.005331404176378709 10.0,0.005331404176378709 10.0,0.005331404176378709 10.0,0.005331404176378709 
11.0,0.002894376613231544 11.0,0.003094589948090525 11.0,0.0036726470363821306 11.0,0.004409677845193496 11.0,0.004409677845193496 11.0,0.004409677845193496 11.0,0.004409677845193496 
12.0,0.0022373482047399057 12.0,0.002368287254095813 12.0,0.0023405564584610588 12.0,0.0018459939394234544 12.0,0.0018459939394234544 12.0,0.0018459939394234544 12.0,0.0018459939394234544 
13.0,0.0013063460228502559 13.0,0.0015435834983397218 13.0,0.0014183891324467041 13.0,0.001828554081711368 13.0,0.001828554081711368 13.0,0.001828554081711368 13.0,0.001828554081711368 
14.0,0.002031447321551744 14.0,0.0016038797560968497 14.0,0.001829275959702884 14.0,0.001894675390518193 14.0,0.001894675390518193 14.0,0.001894675390518193 14.0,0.001894675390518193 
15.0,0.0010989562563786697 15.0,0.0010678554026321725 15.0,0.001199521149894374 15.0,0.001565585181441805 15.0,0.001565585181441805 15.0,0.001565585181441805 15.0,0.001565585181441805 
16.0,0.0010698617600691763 16.0,0.0012867689493041231 16.0,0.0010803011878308829 16.0,0.0014750371376310639 16.0,0.0019381850051498383 16.0,0.0019381850051498383 16.0,0.0019381850051498383 
17.0,0.0010823088113183397 17.0,0.0010541204537427846 17.0,7.980855325068304E-4 17.0,9.881079039317044E-4 17.0,0.0019602955617963195 17.0,0.0019602955617963195 17.0,0.0019602955617963195 
18.0,6.741865101797499E-4 18.0,6.268157846629042E-4 18.0,7.118170112280063E-4 18.0,9.148434935899783E-4 18.0,0.001187862478737123 18.0,0.001187862478737123 18.0,0.001187862478737123 
19.0,7.437743256996718E-4 19.0,5.353377925564442E-4 19.0,4.927549682222598E-4 19.0,4.454552408528526E-4 19.0,0.0010878755117391325 19.0,0.0010878755117391325 19.0,0.0010878755117391325 
20.0,5.582732344843557E-4 20.0,5.40378597586542E-4 20.0,4.0106741292332847E-4 20.0,4.584092743959303E-4 20.0,9.648923859023416E-4 20.0,9.648923859023416E-4 20.0,9.648923859023416E-4 
21.0,6.032380584397327E-4 21.0,4.932849470468398E-4 21.0,5.297668315441178E-4 21.0,4.3201722893495263E-4 21.0,9.536167171969138E-4 21.0,9.536167171969138E-4 21.0,9.536167171969138E-4 
22.0,3.7150240164927976E-4 22.0,3.3004261324389865E-4 22.0,2.98301612121303E-4 22.0,3.753436195553223E-4 22.0,8.566094711919588E-4 22.0,8.566094711919588E-4 22.0,8.566094711919588E-4 
23.0,4.022927977525436E-4 23.0,2.8938198677752055E-4 23.0,2.576489264702942E-4 23.0,3.554517842583116E-4 23.0,4.8512266024425504E-4 23.0,4.8512266024425504E-4 23.0,4.8512266024425504E-4 
24.0,3.744359382108831E-4 24.0,2.946932490444732E-4 24.0,2.580378754062596E-4 24.0,4.328651181621936E-4 24.0,4.447331471383968E-4 24.0,4.447331471383968E-4 24.0,4.447331471383968E-4 
25.0,2.8523058907237793E-4 25.0,2.1647056410766482E-4 25.0,2.084736770331232E-4 25.0,2.124839945850865E-4 25.0,2.794386610853428E-4 25.0,2.794386610853428E-4 25.0,2.794386610853428E-4 
26.0,2.5568307556117785E-4 26.0,1.6866659529422213E-4 26.0,2.1306652987273776E-4 26.0,1.9464979768963226E-4 26.0,3.213601607719447E-4 26.0,3.213601607719447E-4 26.0,3.213601607719447E-4 
27.0,2.279016794099211E-4 27.0,1.6410827839984595E-4 27.0,1.1641854797882961E-4 27.0,1.7600080135290444E-4 27.0,2.4976379087534645E-4 27.0,2.4976379087534645E-4 27.0,2.4976379087534645E-4 
28.0,1.7933508337027396E-4 28.0,1.6023120772461048E-4 28.0,1.2693460021566457E-4 28.0,1.6298303009156052E-4 28.0,2.2526222508714242E-4 28.0,2.2526222508714242E-4 28.0,2.2526222508714242E-4 
29.0,2.0170703338551115E-4 29.0,1.3795101295790068E-4 29.0,9.287988703233965E-5 29.0,1.0669046524087452E-4 29.0,2.2601832866060291E-4 29.0,2.2601832866060291E-4 29.0,2.2601832866060291E-4 
30.0,1.4349505787325796E-4 30.0,1.255128635224526E-4 30.0,8.64862426049501E-5 30.0,1.1464633837196638E-4 30.0,2.0271806275970721E-4 30.0,2.0271806275970721E-4 30.0,2.0271806275970721E-4 
31.0,1.1078726446712966E-4 31.0,7.803246228897907E-5 31.0,6.824600505084636E-5 31.0,8.134710261230786E-5 31.0,1.301422703345553E-4 31.0,1.301422703345553E-4 31.0,1.301422703345553E-4 
32.0,1.0126930953711588E-4 32.0,7.699957261318826E-5 32.0,6.266413261889798E-5 32.0,7.237785644842587E-5 32.0,2.0010562136799542E-4 32.0,3.6885253966312937E-4 32.0,3.6885253966312937E-4 
33.0,1.0780002371246513E-4 33.0,5.807077127687517E-5 33.0,4.598411250656528E-5 33.0,6.126932025511156E-5 33.0,1.5942736073213724E-4 33.0,2.412310472901911E-4 33.0,2.412310472901911E-4 
34.0,7.912453930711604E-5 34.0,5.4679205733035564E-5 34.0,4.603811337902914E-5 34.0,5.760999100009605E-5 34.0,1.2187383484549096E-4 34.0,1.3893267825241222E-4 34.0,1.3893267825241222E-4 
35.0,6.113304313764184E-5 35.0,5.026970686461649E-5 35.0,3.798847437311768E-5 35.0,4.317167352829552E-5 35.0,9.13201023217284E-5 35.0,2.458658814466879E-4 35.0,2.458658814466879E-4 
36.0,5.879972808796625E-5 36.0,4.908100882234923E-5 36.0,3.159850515503944E-5 36.0,3.7663775274364985E-5 36.0,1.0454209885910104E-4 36.0,1.9272058147787E-4 36.0,1.9272058147787E-4 
37.0,4.9682116878646806E-5 37.0,3.1035306967862055E-5 37.0,2.423569264980487E-5 37.0,4.452198679554714E-5 37.0,1.0678226607225397E-4 37.0,9.472649993987478E-5 37.0,9.472649993987478E-5 
38.0,4.0982337913861045E-5 38.0,3.562830699950602E-5 38.0,2.2808152659523707E-5 38.0,3.1249308727290706E-5 38.0,9.913594583993883E-5 38.0,1.1613291036640984E-4 38.0,1.1613291036640984E-4 
39.0,4.110753749691909E-5 39.0,2.384572747929973E-5 39.0,1.8917481334367192E-5 39.0,2.3605736559238946E-5 39.0,6.007441911320366E-5 39.0,9.060449576086548E-5 39.0,9.060449576086548E-5 
40.0,3.0988610395817254E-5 40.0,1.8338362547350434E-5 40.0,1.617718227255267E-5 40.0,2.3817218498274286E-5 40.0,5.22169812525586E-5 40.0,6.65523404889277E-5 40.0,6.65523404889277E-5 
41.0,2.26385348615243E-5 41.0,1.7373503953213684E-5 41.0,1.4794900227168798E-5 41.0,2.1643619367208104E-5 41.0,2.928413124634881E-5 41.0,5.702733418907727E-5 41.0,5.702733418907727E-5 
42.0,2.3748096911573252E-5 42.0,1.7557974537918776E-5 42.0,1.3617693846407748E-5 42.0,2.0731352046713943E-5 42.0,3.190662928125216E-5 42.0,5.7061270660910684E-5 42.0,5.7061270660910684E-5 
43.0,2.1153058105028353E-5 43.0,1.2565367575465905E-5 43.0,1.0686595981117433E-5 43.0,1.3301911893155435E-5 43.0,2.729829128861273E-5 43.0,3.349898793795207E-5 43.0,3.349898793795207E-5 
44.0,1.3036707363148992E-5 44.0,1.3061712519424969E-5 44.0,8.149003595138226E-6 44.0,9.51276961641868E-6 44.0,2.0749357818641644E-5 44.0,2.8307052543149385E-5 44.0,2.8307052543149385E-5 
45.0,1.4455053337151635E-5 45.0,8.024123535648114E-6 45.0,4.808191127640634E-6 45.0,1.2124970788058295E-5 45.0,2.5847442009110738E-5 45.0,2.576225053317562E-5 45.0,2.576225053317562E-5 
46.0,1.3695539211897841E-5 46.0,8.687531097787376E-6 46.0,6.516707320178384E-6 46.0,8.22059497517266E-6 46.0,1.6988223599321832E-5 46.0,2.18052208822046E-5 46.0,2.18052208822046E-5 
47.0,9.72438213660198E-6 47.0,6.06526500017946E-6 47.0,4.332123610197093E-6 47.0,9.103401261089398E-6 47.0,1.2530738187949346E-5 47.0,1.3957254874206654E-5 47.0,1.3957254874206654E-5 
48.0,8.220187983595982E-6 48.0,5.462629884517009E-6 48.0,5.4566148762666804E-6 48.0,7.725239494742026E-6 48.0,2.898093859328674E-5 48.0,2.479094199385065E-5 48.0,2.479094199385065E-5 
49.0,8.259654156039475E-6 49.0,5.0597936472029175E-6 49.0,3.4732888431830245E-6 49.0,6.671098664651033E-6 49.0,2.1959122014012515E-5 49.0,1.0506533923103266E-5 49.0,1.0506533923103266E-5 
50.0,5.943227377575362E-6 50.0,4.863581519552564E-6 50.0,3.2555922657483706E-6 50.0,7.389766071042972E-6 50.0,1.839721102113835E-5 50.0,1.0658557530298254E-5 50.0,1.0658557530298254E-5 
51.0,5.433631297290651E-6 51.0,3.011405499112789E-6 51.0,1.992932208277848E-6 51.0,4.719329647956039E-6 51.0,1.3692896555210739E-5 51.0,9.630868369207164E-6 51.0,9.630868369207164E-6 
52.0,5.1851566795313616E-6 52.0,3.830531200129191E-6 52.0,2.1032035521650103E-6 52.0,3.451943873222058E-6 52.0,1.4895164384285695E-5 52.0,9.147483300544158E-6 52.0,9.147483300544158E-6 
53.0,3.985139511325309E-6 53.0,1.912879530801362E-6 53.0,1.6560453211225367E-6 53.0,4.231383872974869E-6 53.0,1.0483032010827455E-5 53.0,7.51980943500183E-6 53.0,7.51980943500183E-6 
54.0,2.6487506135518113E-6 54.0,2.054051997899395E-6 54.0,1.2854833511661433E-6 54.0,3.119773345517794E-6 54.0,1.4744105602276762E-5 54.0,9.85311745566015E-6 54.0,9.85311745566015E-6 
55.0,3.3653231500687944E-6 55.0,1.903316831958502E-6 55.0,1.2581086653180141E-6 55.0,3.0213094687581667E-6 55.0,7.002583285201139E-6 55.0,3.50569143899178E-6 55.0,3.50569143899178E-6 
56.0,2.711761827946989E-6 56.0,1.660022573276644E-6 56.0,1.2666487130006425E-6 56.0,3.475447924160249E-6 56.0,6.472148903297049E-6 56.0,4.443139238473975E-6 56.0,4.443139238473975E-6 
57.0,1.529823552728497E-6 57.0,1.16873947280371E-6 57.0,8.498227174822809E-7 57.0,2.4194773377961184E-6 57.0,3.8477977484925155E-6 57.0,3.475606280646524E-6 57.0,3.475606280646524E-6 
58.0,1.910101980924817E-6 58.0,1.564399470825084E-6 58.0,7.269951286461467E-7 58.0,2.716466189975988E-6 58.0,3.741872943486381E-6 58.0,3.567268422365031E-6 58.0,3.567268422365031E-6 
59.0,1.7852896751186767E-6 59.0,6.74632021903665E-7 59.0,5.497054899387198E-7 59.0,1.8252554678463115E-6 59.0,2.8380426169135773E-6 59.0,2.4159144109082404E-6 59.0,2.4159144109082404E-6 
60.0,1.0395628230873641E-6 60.0,1.0027650405235434E-6 60.0,6.075230393318831E-7 60.0,1.090709690376207E-6 60.0,3.255481574740944E-6 60.0,3.075170866005654E-6 60.0,3.075170866005654E-6 
61.0,1.2026125667647672E-6 61.0,6.564298253469997E-7 61.0,3.6968780985841E-7 61.0,1.6417511756104407E-6 61.0,2.44008398198016E-6 61.0,1.757302128753261E-6 61.0,1.757302128753261E-6 
62.0,1.1102408702139343E-6 62.0,4.3042986566718266E-7 62.0,3.3193609490256624E-7 62.0,1.0113989589499813E-6 62.0,3.343182964745054E-6 62.0,1.5327127460291945E-6 62.0,1.5327127460291945E-6 
63.0,7.144764590219938E-7 63.0,4.3346539377349195E-7 63.0,2.5878217733426694E-7 63.0,1.089538257310857E-6 63.0,2.2814781473967224E-6 63.0,8.013755235621318E-7 63.0,8.013755235621318E-7 
64.0,6.774217290457181E-7 64.0,5.721199493643548E-7 64.0,3.172377293591861E-7 64.0,1.321987703107436E-6 64.0,4.288431916891534E-6 64.0,6.374754859075131E-6 64.0,2.857404582488664E-7 
65.0,7.638518512443081E-7 65.0,3.033139835483987E-7 65.0,1.9926156440972197E-7 65.0,1.0260346465969057E-6 65.0,2.904079297609688E-6 65.0,6.35326353346428E-6 65.0,2.3339145556670473E-7 
66.0,4.932941653675648E-7 66.0,4.5675112814438823E-7 66.0,2.1312393503743827E-7 66.0,1.0609911020249055E-6 66.0,2.6000021067659163E-6 66.0,4.61018563162528E-6 66.0,1.9070021473483368E-7 
67.0,3.7051572093597125E-7 67.0,2.0148440724885137E-7 67.0,1.1832685063248353E-7 67.0,6.846574560582595E-7 67.0,1.6029556735395013E-6 67.0,3.0991626554643185E-6 67.0,1.5572824375458085E-7 
68.0,4.672778707138008E-7 68.0,2.344719953501919E-7 68.0,1.311554270481617E-7 68.0,2.764699962854526E-7 68.0,1.8604509601478934E-6 68.0,1.7854710327966743E-6 68.0,1.271655283197849E-7 
69.0,3.6121558032471554E-7 69.0,1.66945783565765E-7 69.0,1.0244253696309242E-7 69.0,7.187446755781458E-7 69.0,1.937080314107282E-6 69.0,1.7785300040178883E-6 69.0,1.0388835553379105E-7 
70.0,1.856330098575248E-7 70.0,1.6719807873404127E-7 70.0,8.622695048539283E-8 70.0,3.9688840582279763E-7 70.0,2.472185293431119E-6 70.0,2.030718597400878E-6 70.0,8.48585160733411E-8 
71.0,2.967118080693539E-7 71.0,1.31455388378784E-7 71.0,6.363636907198033E-8 71.0,4.588399225448698E-7 71.0,7.8424991181862E-7 71.0,1.5364737106873846E-6 71.0,6.92953072468518E-8 
72.0,2.4353264859708907E-7 72.0,1.8558656908270872E-7 72.0,6.718151546120293E-8 72.0,5.68349704223331E-7 72.0,9.496887572052196E-7 72.0,8.161160305036453E-7 72.0,5.659961232409435E-8 
73.0,1.0960501740701352E-7 73.0,7.118353845266309E-8 73.0,6.346930386629887E-8 73.0,4.158436215259014E-7 73.0,5.672101368038627E-7 73.0,1.1409566753952159E-6 73.0,4.6235225928760475E-8 
74.0,1.7553654563380456E-7 74.0,1.3198606638422063E-7 74.0,5.557750026434423E-8 74.0,4.504028311929596E-7 74.0,5.934871779424249E-7 74.0,1.040717122010223E-6 74.0,3.776029538872376E-8 
75.0,1.686091222697907E-7 75.0,5.827157604575594E-8 75.0,2.8265733304629603E-8 75.0,2.9170690971584075E-7 75.0,5.234025952346138E-7 75.0,8.090858500819427E-7 75.0,3.08389451465987E-8 
76.0,7.898913401268055E-8 76.0,3.513291524647971E-8 76.0,3.0056923511190625E-8 76.0,9.41135262316325E-8 76.0,4.158001171303025E-7 76.0,8.76669586264474E-7 76.0,2.5190490243447056E-8 
77.0,1.0536309765983365E-7 77.0,5.32407670756132E-8 77.0,2.451765847267839E-8 77.0,3.0361553069391533E-7 77.0,4.171345160447038E-7 77.0,4.3274156729975656E-7 77.0,2.0575133802369218E-8 
78.0,1.1501659459401817E-7 78.0,6.581430545408121E-8 78.0,2.688003359360199E-8 78.0,1.3736941664046847E-7 78.0,4.2969933704089954E-7 78.0,2.9427025344774804E-7 78.0,1.6803742621724387E-8 
79.0,6.437758702782705E-8 79.0,3.1804675101679706E-8 79.0,1.7129550435697238E-8 79.0,1.8162343228283054E-7 79.0,3.376214781004017E-7 79.0,1.7639021077417697E-7 79.0,1.3724936102353885E-8 
80.0,5.5448946709527794E-8 80.0,6.390471832754818E-8 80.0,1.799198232579676E-8 80.0,2.425640398100058E-7 80.0,7.425381804689473E-7 80.0,3.9516707354912117E-7 80.0,1.1210638189400164E-8 
81.0,7.581977980849469E-8 81.0,1.682524291251424E-8 81.0,1.3984728875063496E-8 81.0,1.7149165987086688E-7 81.0,3.7617995804462633E-7 81.0,4.34178881032573E-7 81.0,9.156149546991139E-9 
82.0,4.930612249865114E-8 82.0,2.899481828458453E-8 82.0,1.4384675979119804E-8 82.0,1.8723816139130611E-7 82.0,4.3732572205173503E-7 82.0,2.2305988071661447E-7 82.0,7.47822935505102E-9 
83.0,2.9517330341170566E-8 83.0,1.9306927240389822E-8 83.0,7.796129899218749E-9 83.0,1.2188283506516613E-7 83.0,4.1261787073420514E-7 83.0,2.0443288967829912E-7 83.0,6.108178677290829E-9 
84.0,4.811187712769423E-8 84.0,1.6851218894769666E-8 84.0,8.58929493547438E-9 84.0,3.395809092715457E-8 84.0,3.690511710185425E-7 84.0,1.4923033108286029E-7 84.0,4.988972501977383E-9 
85.0,3.675205734490258E-8 85.0,1.3794687556655718E-8 85.0,6.388579408491518E-9 85.0,1.2620074360219413E-7 85.0,2.8122096402128713E-7 85.0,1.9037188106783024E-7 85.0,4.074698715913535E-9 
86.0,1.2410757071842674E-8 86.0,2.632531322099618E-8 86.0,6.673857925480295E-9 86.0,5.8856928780587526E-8 86.0,4.6385880800433796E-7 86.0,1.481836275890713E-7 86.0,3.3280994741974565E-9 
87.0,3.048820957251783E-8 87.0,8.113928011530194E-9 87.0,5.075634200474087E-9 87.0,8.216723486828229E-8 87.0,1.5227807662898016E-7 87.0,1.3379794872995006E-7 87.0,2.7183274860513866E-9 
88.0,2.660410350612378E-8 88.0,1.805877780784397E-8 88.0,5.042725244896206E-9 88.0,1.0899659213068431E-7 88.0,1.5199282671980098E-7 88.0,6.442176163389844E-8 88.0,2.220204115169537E-9 
89.0,8.580364695227249E-9 89.0,5.734955403014807E-9 89.0,3.3997785021477463E-9 89.0,7.62632686843179E-8 89.0,1.219311666871204E-7 89.0,5.583065839958294E-8 89.0,1.8133695854419422E-9 
90.0,1.7944638217970333E-8 90.0,5.006975834676197E-9 90.0,3.612787910096376E-9 90.0,8.279710062556979E-8 90.0,1.1869202810311633E-7 90.0,7.03915082188088E-8 90.0,1.4811181406549065E-9 
91.0,1.920189427100433E-8 91.0,5.915493392698733E-9 91.0,2.387607112818332E-9 91.0,5.0177905167393265E-8 91.0,8.131081760802236E-8 91.0,9.137467648619111E-8 91.0,1.20972673176114E-9 
92.0,8.057293273004573E-9 92.0,8.581466945449382E-9 92.0,2.72030019627695E-9 92.0,1.030704919224507E-8 92.0,6.978377079610995E-8 92.0,7.811990403713583E-8 92.0,9.88051698666491E-10 
93.0,1.0187858306381784E-8 93.0,4.365149440190251E-9 93.0,1.3827992771496753E-9 93.0,5.567054098481307E-8 93.0,7.141368136350195E-8 93.0,4.5573577192368034E-8 93.0,8.070093592848598E-10 
94.0,1.301270194763369E-8 94.0,9.096857757645297E-9 94.0,1.7786134542630587E-9 94.0,2.452651003683569E-8 94.0,5.566260166435853E-8 94.0,3.293402692767018E-8 94.0,6.591416476593243E-10 
95.0,7.083247195001208E-9 95.0,1.0895608104592325E-9 95.0,1.2160842199496098E-9 95.0,3.579582324661904E-8 95.0,5.230408480484764E-8 95.0,1.8147952843852715E-8 95.0,5.383608559521764E-10 
96.0,5.2468403265009694E-9 96.0,4.750455981402714E-9 96.0,1.5500033479180994E-9 96.0,4.823207289366479E-8 96.0,1.4899646266689252E-7 96.0,1.3879191647048816E-7 96.0,4.397131475187556E-10 
97.0,8.737452186997979E-9 97.0,2.2059635669401163E-9 97.0,7.06902896632847E-10 97.0,3.3186547947891525E-8 97.0,7.99988803472098E-8 97.0,1.5406447607189764E-7 97.0,3.591443661547676E-10 
98.0,5.725240033037709E-9 98.0,1.6182339405353623E-9 98.0,9.714757988650792E-10 98.0,3.643660535884943E-8 98.0,6.340407726530715E-8 98.0,1.613432207083176E-7 98.0,2.9333658631751677E-10 
99.0,2.3406621446772184E-9 99.0,2.075149924103956E-9 99.0,6.068495554500161E-10 99.0,2.161566480813974E-8 99.0,8.031776097595579E-8 99.0,1.1530598568514207E-7 99.0,2.3958611544606176E-10 
100.0,5.629634068519322E-9 100.0,3.7023892848831265E-9 100.0,7.485024491981099E-10 100.0,4.285810084478682E-9 100.0,8.036718907618801E-8 100.0,5.795395565928774E-8 100.0,1.9568593935018165E-10 
101.0,4.467048407057103E-9 101.0,8.429610688017285E-10 101.0,3.1538239535087773E-10 101.0,2.405583666072645E-8 101.0,3.574338504370741E-8 101.0,1.0757750086575824E-7 101.0,1.5982984912620842E-10 
102.0,6.66351272361864E-10 102.0,2.930944422014017E-9 102.0,3.839519094494848E-10 102.0,1.029162468584336E-8 102.0,9.488594970079695E-8 102.0,1.0925142089581252E-7 102.0,1.3054315189732202E-10 
103.0,3.473275108963591E-9 103.0,6.22270045264582E-10 103.0,3.133304158710651E-10 103.0,1.580283014265127E-8 103.0,3.636865150135707E-8 103.0,8.453532112614168E-8 103.0,1.0662300489426714E-10 
104.0,3.3362547249077613E-9 104.0,8.135613075042967E-10 104.0,4.2451772077878106E-10 104.0,2.1642206238055194E-8 104.0,2.0410841938060305E-8 104.0,3.0801053572015874E-8 104.0,8.708614260789895E-11 
105.0,9.497519756710697E-10 105.0,8.461786010904694E-10 105.0,2.0498242406932368E-10 105.0,1.4797748019332525E-8 105.0,2.4869139706896925E-8 105.0,3.349392311447796E-8 105.0,7.112891539443822E-11 
106.0,2.017645504035004E-9 106.0,1.119731827827109E-9 106.0,2.0804860055690324E-10 106.0,1.65580893577376E-8 106.0,2.2984433110548382E-8 106.0,4.857313399936105E-8 106.0,5.8095531847744546E-11 
107.0,2.3918157584806254E-9 107.0,5.554095850396837E-10 107.0,1.3276848467979375E-10 107.0,9.555990575908049E-9 107.0,1.1447601350876283E-8 107.0,4.925576227129618E-8 107.0,4.7450443761223174E-11 
108.0,9.94937018096588E-10 108.0,1.413733598761208E-9 108.0,2.0835625202539486E-10 108.0,1.5364901577050472E-9 108.0,1.1506488589566337E-8 108.0,5.550262704904049E-8 108.0,3.875590313991131E-11 
109.0,1.1011308459249596E-9 109.0,1.7162275949088304E-10 109.0,9.012065429311938E-11 109.0,1.0754282454935565E-8 109.0,1.2935530744890917E-8 109.0,2.572280159592969E-8 109.0,3.165444263321099E-11 
110.0,1.653727894248716E-9 110.0,7.844887571792078E-10 110.0,9.303353755106285E-11 110.0,4.617707367424768E-9 110.0,1.2763284418157415E-8 110.0,1.7283179421212492E-8 110.0,2.5854239497915878E-11 
111.0,9.104889975723073E-10 111.0,2.7643300694494527E-10 111.0,6.894091506191415E-11 111.0,7.1863116146682125E-9 111.0,7.118198903501213E-9 111.0,4.923369045026468E-9 111.0,2.111685969421807E-11 
112.0,5.173878044754154E-10 112.0,1.3697660052034738E-10 112.0,1.1264986342335997E-10 112.0,9.796688060393927E-9 112.0,2.865978377098008E-8 112.0,1.8266905597683812E-8 112.0,1.7247513417945545E-11 
113.0,1.1045681048508105E-9 113.0,2.8635691125278057E-10 113.0,5.0889418820262925E-11 113.0,6.6522031217510145E-9 113.0,1.836307020004709E-8 113.0,2.1393700507768118E-8 113.0,1.4087160376016934E-11 
114.0,7.600636876211597E-10 114.0,5.376895133511676E-10 114.0,5.0180672971289274E-11 114.0,7.428386867942955E-9 114.0,7.526109168298014E-9 114.0,1.2007633421442809E-8 114.0,1.150590580784857E-11 
115.0,1.8479877309194242E-10 115.0,1.4963571610975942E-10 115.0,2.6096719414644372E-11 115.0,4.183131212529711E-9 115.0,1.3778774988747637E-8 115.0,1.4015014998348906E-8 115.0,9.397625964227281E-12 
116.0,7.030226755490368E-10 116.0,4.780399875608863E-10 116.0,5.160542823414963E-11 116.0,6.435941319054235E-10 116.0,1.82486838678182E-8 116.0,1.1929504705845678E-8 116.0,7.675650796394196E-12 
117.0,5.988122619346689E-10 117.0,5.4534388148503184E-11 117.0,2.8277142614754837E-11 117.0,4.845581251220063E-9 117.0,8.261322088917752E-9 117.0,6.432764001311202E-9 117.0,6.26920381755795E-12 
118.0,7.936953765872429E-11 118.0,1.6708993121941034E-10 118.0,2.6028507732708612E-11 118.0,2.003121472646517E-9 118.0,1.7378476539871353E-8 118.0,7.396573387101025E-9 118.0,5.120468950837904E-12 
119.0,4.2693138301843534E-10 119.0,1.194781651141457E-10 119.0,1.2442988880460509E-11 119.0,3.1905694384074094E-9 119.0,8.258344111306398E-9 119.0,6.272852472079011E-9 119.0,4.1822204317637284E-12 
120.0,4.4742330489841817E-10 120.0,1.3918085068575921E-10 120.0,2.5145774537122546E-11 120.0,4.418638607772048E-9 120.0,3.8986522145484574E-9 120.0,2.2010627202909992E-9 120.0,3.4158913045462265E-12 
121.0,1.3154407433784753E-10 121.0,9.042612038244149E-11 121.0,1.6016853691783763E-11 121.0,2.9855681100993673E-9 121.0,4.485432242885871E-9 121.0,2.5082341308745844E-9 121.0,2.78998144876296E-12 
122.0,2.425912540855027E-10 122.0,2.23765011902306E-10 122.0,1.5752139304469962E-11 122.0,3.3474163889523173E-9 122.0,4.85974128557258E-9 122.0,4.823533005103083E-9 122.0,2.278759919696698E-12 
123.0,3.2099720722260617E-10 123.0,2.268395138128285E-11 123.0,5.940850166618052E-12 123.0,1.87163381827324E-9 123.0,2.731953689964429E-9 123.0,5.953263891967604E-9 123.0,1.861211477716616E-12 
124.0,1.413212836804752E-10 124.0,1.41016855140367E-10 124.0,1.1744668233641067E-11 124.0,2.7572656587760165E-10 124.0,1.6116444018939224E-9 124.0,5.473519734412553E-9 124.0,1.5201726955381352E-12 
125.0,1.2445695966223316E-10 125.0,3.791873659743515E-11 125.0,7.679213771096774E-12 125.0,2.1618665349264315E-9 125.0,2.223194273951508E-9 125.0,3.291404880398675E-9 125.0,1.241624265661601E-12 
126.0,2.207684536276034E-10 126.0,7.390091695217963E-12 126.0,8.859436714658513E-12 126.0,9.078528751361448E-10 126.0,2.9757712836706597E-9 126.0,2.6622588054894504E-9 126.0,1.0141154272543258E-12 
127.0,1.2932081670298557E-10 127.0,4.342521421868759E-11 127.0,3.691740044296904E-12 127.0,1.4423873951879868E-9 127.0,9.797350900559274E-10 127.0,1.358060271339815E-9 127.0,8.282941042047657E-13 
