X:Sigma Y:(A16A1-A1A16).Fnorm,
0.0,0.0 
1.0,0.0 
2.0,0.0 
3.0,0.39459852443243365 
4.0,0.0 
5.0,0.4585806601570906 
6.0,0.4384707027422147 
7.0,0.44236487231584337 
8.0,0.0 
9.0,0.3048350367434191 
10.0,0.3358755717961269 
11.0,0.3286138983360807 
12.0,0.3100327583052405 
13.0,0.23855010986423247 
14.0,0.19805441365900783 
15.0,0.1407528532805814 
16.0,0.0 
17.0,0.11764523112148323 
18.0,0.1290555683417915 
19.0,0.12340658881193813 
20.0,0.11565377377429603 
21.0,0.08632490106840726 
22.0,0.07062689766415259 
23.0,0.05151111335652265 
24.0,0.06441439842826244 
25.0,0.05028049426347095 
26.0,0.03802056766264575 
27.0,0.03527428982309575 
28.0,0.028343504055029337 
29.0,0.02206712618331992 
30.0,0.017606292673777175 
31.0,0.014450186602535664 
32.0,0.0 
33.0,0.016423269713019554 
34.0,0.016635489398142616 
35.0,0.015006450220501457 
36.0,0.016996659676027336 
37.0,0.012722321053171047 
38.0,0.008744225945634686 
39.0,0.006401496594067019 
40.0,0.00695589874033881 
41.0,0.005549493847560734 
42.0,0.004346102480129385 
43.0,0.0038690610365968883 
44.0,0.0036561665088305994 
45.0,0.0021962394904929054 
46.0,0.001427858977690346 
47.0,0.0012101873553464098 
48.0,0.002818267530803948 
49.0,0.0024105349023051613 
50.0,0.0015812110720484036 
51.0,0.001421319493093371 
52.0,0.0013798003242400545 
53.0,0.001084847586249764 
54.0,8.440343607909607E-4 
55.0,6.338741695100016E-4 
56.0,6.288068223868799E-4 
57.0,5.52652650900581E-4 
58.0,4.493708181120707E-4 
59.0,4.382414909429034E-4 
60.0,3.51120815447426E-4 
61.0,2.29416870295686E-4 
62.0,1.573494184860666E-4 
63.0,1.1183295616814971E-4 
64.0,0.0 
65.0,0.0 
66.0,0.0 
67.0,0.0 
68.0,0.0 
69.0,0.0 
70.0,0.0 
71.0,0.0 
72.0,0.0 
73.0,0.0 
74.0,0.0 
75.0,0.0 
76.0,0.0 
77.0,0.0 
78.0,0.0 
79.0,0.0 
80.0,0.0 
81.0,0.0 
82.0,0.0 
83.0,0.0 
84.0,0.0 
85.0,0.0 
86.0,0.0 
87.0,0.0 
88.0,0.0 
89.0,0.0 
90.0,0.0 
91.0,0.0 
92.0,0.0 
93.0,0.0 
94.0,0.0 
95.0,0.0 
96.0,0.0 
97.0,0.0 
98.0,0.0 
99.0,0.0 
100.0,0.0 
101.0,0.0 
102.0,0.0 
103.0,0.0 
104.0,0.0 
105.0,0.0 
106.0,0.0 
107.0,0.0 
108.0,0.0 
109.0,0.0 
110.0,0.0 
111.0,0.0 
112.0,0.0 
113.0,0.0 
114.0,0.0 
115.0,0.0 
116.0,0.0 
117.0,0.0 
118.0,0.0 
119.0,0.0 
120.0,0.0 
121.0,0.0 
122.0,0.0 
123.0,0.0 
124.0,0.0 
125.0,0.0 
126.0,0.0 
127.0,0.0 
