x:Traj Length y:fhat_k(x),
0.0,0.5869131688794097 
1.0,1.4305084458330602E-6 
2.0,4.315354039420232E-5 
3.0,0.08185043083541536 
4.0,0.12416532931087805 
5.0,-2.7706634849316745E-4 
6.0,0.026466047255118825 
7.0,0.05203459676120007 
8.0,0.02289021655500495 
9.0,0.00781326616456928 
10.0,0.023329348544253947 
11.0,0.018013778360590715 
12.0,0.006409503004680493 
13.0,0.008007098380833029 
14.0,0.010528296604946596 
15.0,0.005050970316075844 
16.0,0.003681296210165136 
17.0,0.00493238815065571 
18.0,0.0038564831390343786 
19.0,0.001959097445738156 
20.0,0.002075638167164337 
21.0,0.0021074776990355824 
22.0,0.0014559595743527532 
23.0,0.0010962106911451446 
24.0,0.0011374689067354382 
25.0,7.728227720490178E-4 
26.0,5.754195414109139E-4 
27.0,5.333471835803274E-4 
28.0,4.922041284158554E-4 
29.0,3.4749253696010005E-4 
30.0,3.130095757426459E-4 
31.0,2.808496608159496E-4 
32.0,2.006001433373546E-4 
33.0,1.292354313517751E-4 
34.0,1.327297045760637E-4 
35.0,1.2280608097817793E-4 
36.0,1.0930535779324536E-4 
37.0,8.16517694188201E-5 
38.0,6.439437002104438E-5 
39.0,4.369053620520091E-5 
40.0,3.8098449141239154E-5 
41.0,3.71712293924562E-5 
42.0,3.5817606033001546E-5 
43.0,2.8439855460302934E-5 
44.0,2.21676370532391E-5 
45.0,1.3901715114335826E-5 
46.0,1.0667362316802245E-5 
47.0,1.0048956889543267E-5 
48.0,1.2309275190043286E-5 
49.0,1.094807891623576E-5 
