x:Traj Length y:|f_k(x)-fhat_k(x)|,
0.0,0.01800593845615485 
1.0,3.028909989357599E-4 
2.0,4.488406861640268E-4 
3.0,0.00751723329248659 
4.0,0.010445839801172275 
5.0,0.0010941810757714222 
6.0,0.004854525429240018 
7.0,0.004848094095457477 
8.0,0.0039703662736312925 
9.0,0.0032078899215781196 
10.0,0.0031010924728993245 
11.0,0.0028406128747266966 
12.0,0.0022224924791741847 
13.0,0.001280843012581992 
14.0,0.001994122403918002 
15.0,0.0010772730039240908 
16.0,0.0010544860170159432 
17.0,0.0010700949268462865 
18.0,6.533380981655068E-4 
19.0,7.303510610437562E-4 
20.0,5.438935842493034E-4 
21.0,5.908890001813662E-4 
22.0,3.633257814687089E-4 
23.0,3.946715742914557E-4 
24.0,3.670925107008956E-4 
25.0,2.7813794909079334E-4 
26.0,2.504718060647518E-4 
27.0,2.2425565805191122E-4 
28.0,1.7525152014517915E-4 
29.0,1.9926130564074131E-4 
30.0,1.4148709582038183E-4 
31.0,1.0912944249222803E-4 
32.0,9.948248705880561E-5 
33.0,1.0644053664073962E-4 
34.0,7.785938676455528E-5 
35.0,6.012482284804454E-5 
36.0,5.805759324730085E-5 
37.0,4.9127193647814505E-5 
38.0,4.039195537385551E-5 
39.0,4.0637201675826664E-5 
40.0,3.0660552735285704E-5 
41.0,2.2273931407334843E-5 
42.0,2.351492823287053E-5 
43.0,2.0958357390656262E-5 
44.0,1.2850275436531565E-5 
45.0,1.4296952087063636E-5 
46.0,1.357857790129395E-5 
47.0,9.61024984364365E-6 
48.0,8.138974036948668E-6 
49.0,8.208703311533309E-6 
