X:Sigma Y:|f(x)-fhat(x)|,
0.0,0.016206709438037904 0.0,0.016206709438037904 
1.0,3.043474604940383E-4 1.0,3.043474604940383E-4 
2.0,2.724705197274457E-4 2.0,4.5111749468216335E-4 
3.0,0.007904651109977444 3.0,0.00794240557421737 
4.0,0.01037395974602828 4.0,0.010077669372472871 
5.0,8.067148685445416E-4 5.0,0.0011033793195585233 
6.0,0.005574395733484662 6.0,0.004812390701288801 
7.0,0.005837205608753099 7.0,0.005048508638701973 
8.0,0.004440734769635185 8.0,0.003975262251382754 
9.0,0.0022282152256306543 9.0,0.003203864410631056 
10.0,0.005331404176378709 10.0,0.003113846936889375 
11.0,0.004409677845193496 11.0,0.002894376613231544 
12.0,0.0018459939394234544 12.0,0.0022373482047399057 
13.0,0.001828554081711368 13.0,0.0013063460228502559 
14.0,0.001894675390518193 14.0,0.002031447321551744 
15.0,0.001565585181441805 15.0,0.0010989562563786697 
16.0,0.0019381850051498383 16.0,0.0010698617600691763 
17.0,0.0019602955617963195 17.0,0.0010823088113183397 
18.0,0.001187862478737123 18.0,6.741865101797499E-4 
19.0,0.0010878755117391325 19.0,7.437743256996718E-4 
20.0,9.648923859023416E-4 20.0,5.582732344843557E-4 
21.0,9.536167171969138E-4 21.0,6.032380584397327E-4 
22.0,8.566094711919588E-4 22.0,3.7150240164927976E-4 
23.0,4.8512266024425504E-4 23.0,4.022927977525436E-4 
24.0,4.447331471383968E-4 24.0,3.744359382108831E-4 
25.0,2.794386610853428E-4 25.0,2.8523058907237793E-4 
26.0,3.213601607719447E-4 26.0,2.5568307556117785E-4 
27.0,2.4976379087534645E-4 27.0,2.279016794099211E-4 
28.0,2.2526222508714242E-4 28.0,1.7933508337027396E-4 
29.0,2.2601832866060291E-4 29.0,2.0170703338551115E-4 
30.0,2.0271806275970721E-4 30.0,1.4349505787325796E-4 
31.0,1.301422703345553E-4 31.0,1.1078726446712966E-4 
32.0,3.6885253966312937E-4 32.0,1.0126930953711588E-4 
33.0,2.412310472901911E-4 33.0,1.0780002371246513E-4 
34.0,1.3893267825241222E-4 34.0,7.912453930711604E-5 
35.0,2.458658814466879E-4 35.0,6.113304313764184E-5 
36.0,1.9272058147787E-4 36.0,5.879972808796625E-5 
37.0,9.472649993987478E-5 37.0,4.9682116878646806E-5 
38.0,1.1613291036640984E-4 38.0,4.0982337913861045E-5 
39.0,9.060449576086548E-5 39.0,4.110753749691909E-5 
40.0,6.65523404889277E-5 40.0,3.0988610395817254E-5 
41.0,5.702733418907727E-5 41.0,2.26385348615243E-5 
42.0,5.7061270660910684E-5 42.0,2.3748096911573252E-5 
43.0,3.349898793795207E-5 43.0,2.1153058105028353E-5 
44.0,2.8307052543149385E-5 44.0,1.3036707363148992E-5 
45.0,2.576225053317562E-5 45.0,1.4455053337151635E-5 
46.0,2.18052208822046E-5 46.0,1.3695539211897841E-5 
47.0,1.3957254874206654E-5 47.0,9.72438213660198E-6 
48.0,2.479094199385065E-5 48.0,8.220187983595982E-6 
49.0,1.0506533923103266E-5 49.0,8.259654156039475E-6 
50.0,1.0658557530298254E-5 50.0,5.943227377575362E-6 
51.0,9.630868369207164E-6 51.0,5.433631297290651E-6 
52.0,9.147483300544158E-6 52.0,5.1851566795313616E-6 
53.0,7.51980943500183E-6 53.0,3.985139511325309E-6 
54.0,9.85311745566015E-6 54.0,2.6487506135518113E-6 
55.0,3.50569143899178E-6 55.0,3.3653231500687944E-6 
56.0,4.443139238473975E-6 56.0,2.711761827946989E-6 
57.0,3.475606280646524E-6 57.0,1.529823552728497E-6 
58.0,3.567268422365031E-6 58.0,1.910101980924817E-6 
59.0,2.4159144109082404E-6 59.0,1.7852896751186767E-6 
60.0,3.075170866005654E-6 60.0,1.0395628230873641E-6 
61.0,1.757302128753261E-6 61.0,1.2026125667647672E-6 
62.0,1.5327127460291945E-6 62.0,1.1102408702139343E-6 
63.0,8.013755235621318E-7 63.0,7.144764590219938E-7 
64.0,2.857404582488664E-7 64.0,6.774217290457181E-7 
65.0,2.3339145556670473E-7 65.0,7.638518512443081E-7 
66.0,1.9070021473483368E-7 66.0,4.932941653675648E-7 
67.0,1.5572824375458085E-7 67.0,3.7051572093597125E-7 
68.0,1.271655283197849E-7 68.0,4.672778707138008E-7 
69.0,1.0388835553379105E-7 69.0,3.6121558032471554E-7 
70.0,8.48585160733411E-8 70.0,1.856330098575248E-7 
71.0,6.92953072468518E-8 71.0,2.967118080693539E-7 
72.0,5.659961232409435E-8 72.0,2.4353264859708907E-7 
73.0,4.6235225928760475E-8 73.0,1.0960501740701352E-7 
74.0,3.776029538872376E-8 74.0,1.7553654563380456E-7 
75.0,3.08389451465987E-8 75.0,1.686091222697907E-7 
76.0,2.5190490243447056E-8 76.0,7.898913401268055E-8 
77.0,2.0575133802369218E-8 77.0,1.0536309765983365E-7 
78.0,1.6803742621724387E-8 78.0,1.1501659459401817E-7 
79.0,1.3724936102353885E-8 79.0,6.437758702782705E-8 
80.0,1.1210638189400164E-8 80.0,5.5448946709527794E-8 
81.0,9.156149546991139E-9 81.0,7.581977980849469E-8 
82.0,7.47822935505102E-9 82.0,4.930612249865114E-8 
83.0,6.108178677290829E-9 83.0,2.9517330341170566E-8 
84.0,4.988972501977383E-9 84.0,4.811187712769423E-8 
85.0,4.074698715913535E-9 85.0,3.675205734490258E-8 
86.0,3.3280994741974565E-9 86.0,1.2410757071842674E-8 
87.0,2.7183274860513866E-9 87.0,3.048820957251783E-8 
88.0,2.220204115169537E-9 88.0,2.660410350612378E-8 
89.0,1.8133695854419422E-9 89.0,8.580364695227249E-9 
90.0,1.4811181406549065E-9 90.0,1.7944638217970333E-8 
91.0,1.20972673176114E-9 91.0,1.920189427100433E-8 
92.0,9.88051698666491E-10 92.0,8.057293273004573E-9 
93.0,8.070093592848598E-10 93.0,1.0187858306381784E-8 
94.0,6.591416476593243E-10 94.0,1.301270194763369E-8 
95.0,5.383608559521764E-10 95.0,7.083247195001208E-9 
96.0,4.397131475187556E-10 96.0,5.2468403265009694E-9 
97.0,3.591443661547676E-10 97.0,8.737452186997979E-9 
98.0,2.9333658631751677E-10 98.0,5.725240033037709E-9 
99.0,2.3958611544606176E-10 99.0,2.3406621446772184E-9 
100.0,1.9568593935018165E-10 100.0,5.629634068519322E-9 
101.0,1.5982984912620842E-10 101.0,4.467048407057103E-9 
102.0,1.3054315189732202E-10 102.0,6.66351272361864E-10 
103.0,1.0662300489426714E-10 103.0,3.473275108963591E-9 
104.0,8.708614260789895E-11 104.0,3.3362547249077613E-9 
105.0,7.112891539443822E-11 105.0,9.497519756710697E-10 
106.0,5.8095531847744546E-11 106.0,2.017645504035004E-9 
107.0,4.7450443761223174E-11 107.0,2.3918157584806254E-9 
108.0,3.875590313991131E-11 108.0,9.94937018096588E-10 
109.0,3.165444263321099E-11 109.0,1.1011308459249596E-9 
110.0,2.5854239497915878E-11 110.0,1.653727894248716E-9 
111.0,2.111685969421807E-11 111.0,9.104889975723073E-10 
112.0,1.7247513417945545E-11 112.0,5.173878044754154E-10 
113.0,1.4087160376016934E-11 113.0,1.1045681048508105E-9 
114.0,1.150590580784857E-11 114.0,7.600636876211597E-10 
115.0,9.397625964227281E-12 115.0,1.8479877309194242E-10 
116.0,7.675650796394196E-12 116.0,7.030226755490368E-10 
117.0,6.26920381755795E-12 117.0,5.988122619346689E-10 
118.0,5.120468950837904E-12 118.0,7.936953765872429E-11 
119.0,4.1822204317637284E-12 119.0,4.2693138301843534E-10 
120.0,3.4158913045462265E-12 120.0,4.4742330489841817E-10 
121.0,2.78998144876296E-12 121.0,1.3154407433784753E-10 
122.0,2.278759919696698E-12 122.0,2.425912540855027E-10 
123.0,1.861211477716616E-12 123.0,3.2099720722260617E-10 
124.0,1.5201726955381352E-12 124.0,1.413212836804752E-10 
125.0,1.241624265661601E-12 125.0,1.2445695966223316E-10 
126.0,1.0141154272543258E-12 126.0,2.207684536276034E-10 
127.0,8.282941042047657E-13 127.0,1.2932081670298557E-10 
