X:Sigma Y: Green:Absolute,
0.0,0.016206709438037904 0.0,0.011677839234668778 
1.0,3.043474604940383E-4 1.0,2.837056166994837E-6 
2.0,2.724705197274457E-4 2.0,7.39549567751723E-5 
3.0,0.007904651109977444 3.0,-0.0016553923528199593 
4.0,0.01037395974602828 4.0,-0.004198926175399701 
5.0,8.067148685445416E-4 5.0,1.637723316542138E-4 
6.0,0.005574395733484662 6.0,-0.002133913163542426 
7.0,0.005837205608753099 7.0,5.145865748365388E-4 
8.0,0.004440734769635185 8.0,-1.362917745386296E-4 
9.0,0.0022282152256306543 9.0,-3.337679932868727E-5 
10.0,0.005331404176378709 10.0,-0.003325506205143826 
11.0,0.004409677845193496 11.0,-1.0170742770156197E-4 
12.0,0.0018459939394234544 12.0,1.5156394402912222E-4 
13.0,0.001828554081711368 13.0,-4.082663359761087E-4 
14.0,0.001894675390518193 14.0,-0.0010958122256744022 
15.0,0.001565585181441805 15.0,7.341296188926531E-4 
16.0,0.0019381850051498383 16.0,5.776816535898893E-4 
17.0,0.0019602955617963195 17.0,-3.153949871844972E-4 
18.0,0.001187862478737123 18.0,5.908206558616783E-5 
19.0,0.0010878755117391325 19.0,3.4162537037779747E-4 
20.0,9.648923859023416E-4 20.0,6.587039246662555E-5 
21.0,9.536167171969138E-4 21.0,-3.70867060588275E-4 
22.0,8.566094711919588E-4 22.0,3.1285410915610055E-4 
23.0,4.8512266024425504E-4 23.0,-2.318736604474611E-5 
24.0,4.447331471383968E-4 24.0,-3.8745229704410106E-4 
25.0,2.794386610853428E-4 25.0,-5.658649003144977E-5 
26.0,3.213601607719447E-4 26.0,-5.159838882826232E-5 
27.0,2.4976379087534645E-4 27.0,5.0419711472689946E-5 
28.0,2.2526222508714242E-4 28.0,6.399735120534344E-5 
29.0,2.2601832866060291E-4 29.0,8.046490133880668E-6 
30.0,2.0271806275970721E-4 30.0,-1.4783649159306727E-5 
31.0,1.301422703345553E-4 31.0,-3.2249426722319464E-6 
32.0,3.6885253966312937E-4 32.0,-9.832084465592368E-5 
33.0,2.412310472901911E-4 33.0,3.5911094467945973E-5 
34.0,1.3893267825241222E-4 34.0,9.140931453943223E-5 
35.0,2.458658814466879E-4 35.0,-7.115924133230395E-5 
36.0,1.9272058147787E-4 36.0,-9.176509966308776E-5 
37.0,9.472649993987478E-5 37.0,5.217901696042165E-5 
38.0,1.1613291036640984E-4 38.0,-4.957365459157649E-6 
39.0,9.060449576086548E-5 39.0,-4.23256826621984E-5 
40.0,6.65523404889277E-5 40.0,4.737824946818787E-6 
41.0,5.702733418907727E-5 41.0,-4.946710341700593E-6 
42.0,5.7061270660910684E-5 42.0,2.3276092999025807E-5 
43.0,3.349898793795207E-5 43.0,-1.1984162700188924E-6 
44.0,2.8307052543149385E-5 44.0,-4.898041774107666E-6 
45.0,2.576225053317562E-5 45.0,-1.536455683716864E-6 
46.0,2.18052208822046E-5 46.0,-2.7266123061323856E-6 
47.0,1.3957254874206654E-5 47.0,5.497636268350368E-7 
48.0,2.479094199385065E-5 48.0,-1.044590203748289E-5 
49.0,1.0506533923103266E-5 49.0,4.4244152594383894E-6 
50.0,1.0658557530298254E-5 50.0,-1.6219677908027837E-6 
51.0,9.630868369207164E-6 51.0,-3.142415833486661E-6 
52.0,9.147483300544158E-6 52.0,3.3217143034979743E-6 
53.0,7.51980943500183E-6 53.0,-3.1322703925332397E-6 
54.0,9.85311745566015E-6 54.0,5.889964361894943E-6 
55.0,3.50569143899178E-6 55.0,1.1985645556454947E-6 
56.0,4.443139238473975E-6 56.0,-2.810615660780045E-6 
57.0,3.475606280646524E-6 57.0,1.320379572609116E-6 
58.0,3.567268422365031E-6 58.0,-1.6522657490608837E-6 
59.0,2.4159144109082404E-6 59.0,8.766309595689452E-8 
60.0,3.075170866005654E-6 60.0,-8.721309863926562E-8 
61.0,1.757302128753261E-6 61.0,-5.276037061933965E-7 
62.0,1.5327127460291945E-6 62.0,9.492407039394805E-7 
63.0,8.013755235621318E-7 63.0,2.181577692347989E-8 
64.0,2.857404582488664E-7 64.0,2.857404582488664E-7 
65.0,2.3339145556670473E-7 65.0,2.3339145556670473E-7 
66.0,1.9070021473483368E-7 66.0,1.9070021473483368E-7 
67.0,1.5572824375458085E-7 67.0,1.5572824375458085E-7 
68.0,1.271655283197849E-7 68.0,1.271655283197849E-7 
69.0,1.0388835553379105E-7 69.0,1.0388835553379105E-7 
70.0,8.48585160733411E-8 70.0,8.48585160733411E-8 
71.0,6.92953072468518E-8 71.0,6.92953072468518E-8 
72.0,5.659961232409435E-8 72.0,5.659961232409435E-8 
73.0,4.6235225928760475E-8 73.0,4.6235225928760475E-8 
74.0,3.776029538872376E-8 74.0,3.776029538872376E-8 
75.0,3.08389451465987E-8 75.0,3.08389451465987E-8 
76.0,2.5190490243447056E-8 76.0,2.5190490243447056E-8 
77.0,2.0575133802369218E-8 77.0,2.0575133802369218E-8 
78.0,1.6803742621724387E-8 78.0,1.6803742621724387E-8 
79.0,1.3724936102353885E-8 79.0,1.3724936102353885E-8 
80.0,1.1210638189400164E-8 80.0,1.1210638189400164E-8 
81.0,9.156149546991139E-9 81.0,9.156149546991139E-9 
82.0,7.47822935505102E-9 82.0,7.47822935505102E-9 
83.0,6.108178677290829E-9 83.0,6.108178677290829E-9 
84.0,4.988972501977383E-9 84.0,4.988972501977383E-9 
85.0,4.074698715913535E-9 85.0,4.074698715913535E-9 
86.0,3.3280994741974565E-9 86.0,3.3280994741974565E-9 
87.0,2.7183274860513866E-9 87.0,2.7183274860513866E-9 
88.0,2.220204115169537E-9 88.0,2.220204115169537E-9 
89.0,1.8133695854419422E-9 89.0,1.8133695854419422E-9 
90.0,1.4811181406549065E-9 90.0,1.4811181406549065E-9 
91.0,1.20972673176114E-9 91.0,1.20972673176114E-9 
92.0,9.88051698666491E-10 92.0,9.88051698666491E-10 
93.0,8.070093592848598E-10 93.0,8.070093592848598E-10 
94.0,6.591416476593243E-10 94.0,6.591416476593243E-10 
95.0,5.383608559521764E-10 95.0,5.383608559521764E-10 
96.0,4.397131475187556E-10 96.0,4.397131475187556E-10 
97.0,3.591443661547676E-10 97.0,3.591443661547676E-10 
98.0,2.9333658631751677E-10 98.0,2.9333658631751677E-10 
99.0,2.3958611544606176E-10 99.0,2.3958611544606176E-10 
100.0,1.9568593935018165E-10 100.0,1.9568593935018165E-10 
101.0,1.5982984912620842E-10 101.0,1.5982984912620842E-10 
102.0,1.3054315189732202E-10 102.0,1.3054315189732202E-10 
103.0,1.0662300489426714E-10 103.0,1.0662300489426714E-10 
104.0,8.708614260789895E-11 104.0,8.708614260789895E-11 
105.0,7.112891539443822E-11 105.0,7.112891539443822E-11 
106.0,5.8095531847744546E-11 106.0,5.8095531847744546E-11 
107.0,4.7450443761223174E-11 107.0,4.7450443761223174E-11 
108.0,3.875590313991131E-11 108.0,3.875590313991131E-11 
109.0,3.165444263321099E-11 109.0,3.165444263321099E-11 
110.0,2.5854239497915878E-11 110.0,2.5854239497915878E-11 
111.0,2.111685969421807E-11 111.0,2.111685969421807E-11 
112.0,1.7247513417945545E-11 112.0,1.7247513417945545E-11 
113.0,1.4087160376016934E-11 113.0,1.4087160376016934E-11 
114.0,1.150590580784857E-11 114.0,1.150590580784857E-11 
115.0,9.397625964227281E-12 115.0,9.397625964227281E-12 
116.0,7.675650796394196E-12 116.0,7.675650796394196E-12 
117.0,6.26920381755795E-12 117.0,6.26920381755795E-12 
118.0,5.120468950837904E-12 118.0,5.120468950837904E-12 
119.0,4.1822204317637284E-12 119.0,4.1822204317637284E-12 
120.0,3.4158913045462265E-12 120.0,3.4158913045462265E-12 
121.0,2.78998144876296E-12 121.0,2.78998144876296E-12 
122.0,2.278759919696698E-12 122.0,2.278759919696698E-12 
123.0,1.861211477716616E-12 123.0,1.861211477716616E-12 
124.0,1.5201726955381352E-12 124.0,1.5201726955381352E-12 
125.0,1.241624265661601E-12 125.0,1.241624265661601E-12 
126.0,1.0141154272543258E-12 126.0,1.0141154272543258E-12 
127.0,8.282941042047657E-13 127.0,8.282941042047657E-13 
