MaxQuery:
128
TRUE Rank: 
4
Singular Values:
Done Fixed Plots

Base Comp Errors Modelsize=6
Downwards: BASE, SideWays: #DATA

 0.25596 0.22822 0.18776 0.16059 0.14006 0.08191 0.06002 0.01984 0.00620
 0.25572 0.23126 0.18798 0.16163 0.14088 0.08187 0.05979 0.01983 0.00624
 0.25924 0.23324 0.19242 0.16548 0.14478 0.08379 0.06148 0.02020 0.00635
 0.26558 0.24184 0.19745 0.16794 0.14755 0.08684 0.06319 0.02072 0.00651
 0.27367 0.24924 0.20676 0.17357 0.15356 0.09080 0.06600 0.02161 0.00691
 0.27221 0.24726 0.20546 0.17376 0.15339 0.09124 0.06687 0.02191 0.00702
 0.27194 0.24719 0.20540 0.17368 0.15331 0.09120 0.06684 0.02190 0.00702
 0.27194 0.24719 0.20540 0.17368 0.15331 0.09120 0.06684 0.02190 0.00702

Done Base Differences
Base: 1, Base: 2, Base: 4, Base: 8, Base: 16, Base: 32, Base: 64, Base: 128, 
Model Size Errors

Downwards: BASE, SideWays: #DATA

 0.23564 0.19152 0.17749 0.13173 0.11901 0.07413 0.04964 0.01650 0.00490
 0.20706 0.19085 0.15829 0.13066 0.11031 0.07186 0.04716 0.01526 0.00508
 0.20957 0.18142 0.15584 0.13789 0.10725 0.06974 0.05238 0.01604 0.00549
 0.22722 0.19092 0.16314 0.13577 0.12039 0.07611 0.05673 0.01908 0.00540
 0.22791 0.21525 0.17536 0.14872 0.13163 0.08566 0.06029 0.01819 0.00585
 0.24617 0.19908 0.17614 0.14746 0.12445 0.08722 0.06134 0.01892 0.00581
 0.22828 0.21056 0.18231 0.14529 0.12785 0.08282 0.05958 0.01855 0.00618
 0.23330 0.19029 0.17579 0.14559 0.12878 0.08297 0.05744 0.01893 0.00618

Downwards: BASE, SideWays: #DATA

 4.20000 4.35000 4.36000 4.33000 4.31000 4.29000 4.43000 4.32000 4.33000
 3.59000 3.78000 4.16000 4.39000 4.32000 4.17000 4.21000 4.23000 4.27000
 3.37000 3.62000 3.77000 4.05000 4.11000 4.48000 4.39000 4.30000 4.34000
 3.35000 3.60000 3.70000 3.88000 3.96000 4.33000 4.17000 4.20000 4.32000
 3.29000 3.50000 3.76000 3.87000 3.98000 4.16000 4.24000 4.26000 4.09000
 3.20000 3.45000 3.74000 3.80000 3.89000 4.13000 4.24000 4.12000 4.22000
 3.22000 3.45000 3.60000 3.93000 4.06000 4.09000 4.21000 4.15000 4.13000
 3.35000 3.62000 3.57000 3.84000 3.93000 4.15000 4.19000 4.15000 4.15000

Done Model Differences
Done Multiple Lines Model Error
