X: Data, Y:ArgMin_over_#states,
50.0,25.1 50.0,27.7 50.0,26.4 50.0,25.1 50.0,26.3 50.0,25.6 
70.0,26.6 70.0,23.9 70.0,27.2 70.0,28.2 70.0,26.4 70.0,25.6 
100.0,26.0 100.0,24.2 100.0,26.2 100.0,21.9 100.0,26.3 100.0,24.9 
150.0,28.0 150.0,25.7 150.0,24.6 150.0,26.9 150.0,26.1 150.0,25.0 
200.0,27.4 200.0,26.2 200.0,27.4 200.0,24.8 200.0,27.2 200.0,26.0 
500.0,25.5 500.0,23.9 500.0,23.5 500.0,24.8 500.0,27.1 500.0,27.7 
1000.0,23.3 1000.0,23.5 1000.0,22.1 1000.0,24.1 1000.0,24.8 1000.0,26.1 
10000.0,23.9 10000.0,20.1 10000.0,21.2 10000.0,22.0 10000.0,23.0 10000.0,22.8 
100000.0,25.8 100000.0,21.6 100000.0,20.2 100000.0,23.1 100000.0,22.8 100000.0,23.4 
