X:#Data Seen Y:Fnorm,
50.0,0.3477052451335124 50.0,0.3484547683168037 50.0,0.3489956677540752 50.0,0.34543531063026717 50.0,0.3382376246062464 50.0,0.33755581608190777 
70.0,0.32093390577158054 70.0,0.31828055779725517 70.0,0.3208525221271051 70.0,0.3205318441305708 70.0,0.32098784356415694 70.0,0.3211360763918486 
100.0,0.25391865495113636 100.0,0.25366053231474395 100.0,0.2533623126099166 100.0,0.25372611575943854 100.0,0.25244394393994907 100.0,0.25614339784620416 
150.0,0.23226973850305122 150.0,0.22964106861617806 150.0,0.23160256718259165 150.0,0.22817868501066108 150.0,0.22954849913439576 150.0,0.23137909617417893 
200.0,0.18803857988248474 200.0,0.1877453463973959 200.0,0.1873055611367937 200.0,0.18702310838104413 200.0,0.18909378487613313 200.0,0.1908421760369617 
500.0,0.12215892504170464 500.0,0.12109600648982247 500.0,0.12031821887492786 500.0,0.1188227918320472 500.0,0.1204774944373517 500.0,0.1203448012915475 
1000.0,0.08900313540975736 1000.0,0.08913761220995634 1000.0,0.08872681472248352 1000.0,0.08836673613043988 1000.0,0.08766682052320636 1000.0,0.08847706954089482 
10000.0,0.027335906536524908 10000.0,0.027290625689522303 10000.0,0.027396435032566186 10000.0,0.027427101071127953 10000.0,0.02743201756630793 10000.0,0.02797685800248025 
100000.0,0.00913704135410146 100000.0,0.009170485176498164 100000.0,0.009396598778317156 100000.0,0.009351336855864438 100000.0,0.009908056620274537 100000.0,0.010487893437075964 
