X:Sigma Y: Error,
0.0,0.012088541966004855 0.0,0.012088541966004855 0.0,0.012088541966004855 0.0,0.012088541966004855 0.0,0.012088541966004855 
1.0,2.1692377271023712E-5 1.0,2.1692377271023712E-5 1.0,2.1692377271023712E-5 1.0,2.1692377271023712E-5 1.0,2.1692377271023712E-5 
2.0,5.561151939825042E-5 2.0,4.886131057015601E-5 2.0,4.886131057015601E-5 2.0,4.886131057015601E-5 2.0,4.886131057015601E-5 
3.0,4.663360795430489E-5 3.0,4.548595263935112E-5 3.0,4.548595263935112E-5 3.0,4.548595263935112E-5 3.0,4.548595263935112E-5 
4.0,4.3624175843923076E-5 4.0,4.173367324583407E-5 4.0,3.222561546984788E-5 4.0,3.222561546984788E-5 4.0,3.222561546984788E-5 
5.0,3.7048936804871566E-5 5.0,3.5272771365715175E-5 5.0,3.543994073023892E-5 5.0,3.543994073023892E-5 5.0,3.543994073023892E-5 
6.0,3.7176803478287265E-5 6.0,4.0907268314344E-5 6.0,3.4541981647650794E-5 6.0,3.4541981647650794E-5 6.0,3.4541981647650794E-5 
7.0,7.392900460540623E-5 7.0,7.568389609125416E-5 7.0,7.115829684425432E-5 7.0,7.115829684425432E-5 7.0,7.115829684425432E-5 
8.0,1.0549465675436685E-4 8.0,1.0356762143404622E-4 8.0,9.687087360757482E-5 8.0,7.431194548577565E-5 8.0,7.431194548577565E-5 
9.0,9.767585025950023E-5 9.0,8.89940863352503E-5 9.0,7.898328144206011E-5 9.0,8.094366535684704E-5 9.0,8.094366535684704E-5 
10.0,6.982567672630667E-5 10.0,7.278030820579138E-5 10.0,7.388283357375063E-5 10.0,7.686235852811275E-5 10.0,7.686235852811275E-5 
11.0,9.946438038322432E-5 11.0,1.0144788858945448E-4 11.0,1.0213128752784378E-4 11.0,9.663313911003466E-5 11.0,9.663313911003466E-5 
12.0,1.0430521901914146E-4 12.0,9.985068820551947E-5 12.0,9.785631270895321E-5 12.0,8.642540026898331E-5 12.0,8.642540026898331E-5 
13.0,9.578498705102752E-5 13.0,9.170176223263906E-5 13.0,8.269738165193771E-5 13.0,8.666554070087766E-5 13.0,8.666554070087766E-5 
14.0,1.0677739361777506E-4 14.0,7.437415493431603E-5 14.0,6.828374055875834E-5 14.0,6.071021683221708E-5 14.0,6.071021683221708E-5 
15.0,0.009163586558780155 15.0,0.009166929835342568 15.0,0.009162080751745698 15.0,0.009163984840116613 15.0,0.009163984840116613 
16.0,1.0542423575628262E-4 16.0,9.088480338763624E-5 16.0,8.114494081665908E-5 16.0,8.647862074755927E-5 16.0,4.5937742710866235E-5 
17.0,1.1693879618699022E-4 17.0,1.0150368566841502E-4 17.0,8.46404600511343E-5 17.0,8.027515075570722E-5 17.0,6.765389392988782E-5 
18.0,1.5581827803118716E-4 18.0,1.5431593842494122E-4 18.0,1.4593015004917177E-4 18.0,1.4535054541813284E-4 18.0,8.196276280524716E-5 
19.0,0.008319510730526431 19.0,0.008330421372755937 19.0,0.008348556380470518 19.0,0.00836939757940742 19.0,0.008380031253209881 
20.0,2.0831585875574312E-4 20.0,1.5431985529025568E-4 20.0,1.6505189877775707E-4 20.0,1.696373805666537E-4 20.0,1.6401788196354207E-4 
21.0,3.4712473759564833E-4 21.0,3.152950790154609E-4 21.0,2.5031499867624626E-4 21.0,2.3924090109821137E-4 21.0,2.4095917474241843E-4 
22.0,2.713486376673355E-4 22.0,2.644955383756217E-4 22.0,2.1016884214528647E-4 22.0,2.1420305376093727E-4 22.0,2.1179569089581712E-4 
23.0,3.107756885980261E-4 23.0,3.2132161545209674E-4 23.0,3.076226347883201E-4 23.0,2.671423747018346E-4 23.0,2.5520939274282947E-4 
24.0,3.411353916602682E-4 24.0,2.831329651938701E-4 24.0,3.070757483780448E-4 24.0,2.554755794659604E-4 24.0,2.376694114507644E-4 
25.0,2.1965972335003352E-4 25.0,2.1697090991964295E-4 25.0,1.892363944194111E-4 25.0,1.4501107627267886E-4 25.0,1.2426130256962096E-4 
26.0,3.4533439351017164E-4 26.0,2.3804017117179664E-4 26.0,2.086398353504067E-4 26.0,1.9490100823656056E-4 26.0,1.680387112975186E-4 
27.0,0.005050776867429988 27.0,0.005047516307118334 27.0,0.005043583257460895 27.0,0.0049719843604335325 27.0,0.0049132598296195516 
28.0,3.7392546804907817E-4 28.0,3.604509547152601E-4 28.0,3.284000230692167E-4 28.0,1.8916356665253276E-4 28.0,9.956460550823091E-5 
29.0,3.503961913024977E-4 29.0,3.5867338056119806E-4 29.0,3.4756912121242757E-4 29.0,2.4922755349901033E-4 29.0,2.0143100982729267E-4 
30.0,5.09688456633357E-4 30.0,4.630528997443771E-4 30.0,3.67918028287809E-4 30.0,2.9387125604001695E-4 30.0,2.5561161150775973E-4 
31.0,0.0052629351510213 31.0,0.005342182033167834 31.0,0.005351247743650758 31.0,0.005411861217997939 31.0,0.005372363702717877 
