X:Sigma Y:(A16A1-A1A16).Fnorm,
0.0,0.0 
1.0,0.0 
2.0,0.0 
3.0,0.4298747671519057 
4.0,0.0 
5.0,0.6151382023782614 
6.0,0.6215892718836515 
7.0,0.7377616661496286 
8.0,0.0 
9.0,0.6828075465258246 
10.0,0.7756019758269024 
11.0,0.9310643910516998 
12.0,0.7824506508277539 
13.0,0.9147245968575254 
14.0,0.9157796839545094 
15.0,0.9684630457682197 
16.0,0.0 
17.0,0.7666779072994269 
18.0,0.9117816514190223 
19.0,1.0927462910426702 
20.0,1.0381716520744553 
21.0,1.1811360237382984 
22.0,1.2260541641708718 
23.0,1.2924258420803518 
24.0,1.054783041701597 
25.0,1.150621378821514 
26.0,1.1604061475185596 
27.0,1.196388869240145 
28.0,1.1035809238079717 
29.0,1.1422672771937217 
30.0,1.1385614652200302 
31.0,1.1420046789291327 
