X:Sigma Y:a0(A16A1-A1A16)aI,
0.0,0.0 0.0,0.0 
1.0,1.4919073644305743E-18 1.0,1.314595134138674E-19 
2.0,2.1759994070647225E-18 2.0,5.1810181940388035E-20 
3.0,9.689599518797679E-17 3.0,-5.200234548168846E-17 
4.0,7.681487688765074E-18 4.0,-1.3848141654660557E-18 
5.0,9.883790292285199E-17 5.0,3.3014182027636214E-17 
6.0,1.1950262692383625E-16 6.0,1.2399263563950501E-17 
7.0,1.3340012236489018E-16 7.0,-1.654368283713949E-17 
8.0,3.528626320535115E-18 8.0,4.761454540832174E-19 
9.0,6.585579520948515E-17 9.0,-5.577768426532718E-18 
10.0,7.813472362606238E-17 10.0,1.2805669972043113E-17 
11.0,1.4682423932615523E-16 11.0,-1.446935561817686E-17 
12.0,1.0077518021094888E-16 12.0,-6.62099114503006E-17 
13.0,6.674054935732383E-17 13.0,4.33728302839248E-17 
14.0,1.6711423595127417E-16 14.0,5.243512284887226E-17 
15.0,1.554312234475219E-16 15.0,-4.255854927729767E-17 
16.0,3.970043423780906E-18 16.0,3.7410621837064933E-19 
17.0,6.431837394135544E-17 17.0,1.7866409487571808E-17 
18.0,7.922160806954753E-17 18.0,1.9397421539733955E-17 
19.0,1.1194748831636995E-16 19.0,-9.251858538542971E-19 
20.0,7.236140352644022E-17 20.0,-6.0958702459365986E-18 
21.0,5.693461833355026E-17 21.0,5.877279276681839E-19 
22.0,6.529675346429731E-17 22.0,8.342258090918153E-18 
23.0,1.277957006349505E-16 23.0,-1.941139758336365E-17 
24.0,4.569550756302239E-17 24.0,4.849997718251823E-18 
25.0,6.385171525628147E-17 25.0,2.223179142226787E-18 
26.0,6.552183835281436E-17 26.0,-7.119481328261846E-18 
27.0,7.308968245448947E-17 27.0,-2.1279274638648835E-17 
28.0,8.374016179553874E-17 28.0,3.301395615218361E-18 
29.0,7.266255197362071E-17 29.0,1.3107552514444547E-18 
30.0,8.703794340351548E-17 30.0,-1.146543797403421E-17 
31.0,8.072246574878742E-17 31.0,-1.0408340855860843E-17 
