x:Traj Length y:fhat_k(x),
0.0,0.6041336614102012 
1.0,1.0448267719490916E-5 
2.0,2.0471501060106296E-5 
3.0,-2.0290654839919286E-5 
4.0,1.043264027968733E-7 
5.0,-1.4186310400144196E-5 
6.0,-1.3241251894163631E-5 
7.0,2.1823592067121683E-5 
8.0,-2.7171663117412775E-5 
9.0,1.8437711061743794E-5 
10.0,-1.4039738295604054E-5 
11.0,1.284452180980131E-5 
12.0,1.7366282304043582E-5 
13.0,-6.257137214869124E-6 
14.0,-2.841762559634433E-6 
15.0,0.08163907958013276 
16.0,7.250379996752496E-6 
17.0,-6.0960685741908474E-5 
18.0,7.019615694817667E-5 
19.0,0.12169548293322793 
20.0,-1.0416747028818544E-4 
21.0,-1.6126455387817465E-4 
22.0,-6.50832676728466E-5 
23.0,-6.916242681892585E-5 
24.0,1.1293293143117357E-5 
25.0,3.886039766492517E-5 
26.0,-5.2890519343961496E-5 
27.0,0.022810057105209173 
28.0,-3.516474866994726E-5 
29.0,1.0324258281027806E-4 
30.0,-1.6774157232069884E-4 
31.0,0.038303850327970054 
32.0,1.0619893431738312E-4 
33.0,-3.7764364602896424E-5 
34.0,0.014675867394521881 
35.0,-5.951762693702822E-6 
36.0,1.925244813790117E-4 
37.0,-1.363423254613879E-4 
38.0,0.02420388477698673 
39.0,0.007599808442264268 
40.0,2.7337773501758206E-4 
41.0,1.8068177625641093E-4 
42.0,-8.367336639847068E-5 
43.0,0.009740838743793834 
44.0,-8.584973137772964E-5 
45.0,3.750596503690551E-4 
46.0,0.007688672894140771 
47.0,-1.5787861875485301E-4 
48.0,-7.73401118338448E-5 
49.0,1.1616676416356858E-4 
