x:Traj Length y:|f_k(x)-fhat_k(x)|,
0.0,0.01739177805465897 
1.0,2.7255651861909065E-5 
2.0,1.6582772681838795E-5 
3.0,2.6276184501943675E-5 
4.0,3.136731402955988E-5 
5.0,2.6956021660824502E-5 
6.0,2.621169175317194E-5 
7.0,7.41480590197167E-5 
8.0,9.493088722546555E-5 
9.0,5.675443203179033E-5 
10.0,5.513021721356097E-5 
11.0,8.742782544245185E-5 
12.0,1.1656590449193548E-4 
13.0,5.4537719562273816E-5 
14.0,9.295307519657766E-5 
15.0,0.00862221594247659 
16.0,8.806505040537549E-5 
17.0,7.706447833766058E-5 
18.0,1.1211162398327037E-4 
19.0,0.01020998675031707 
20.0,2.1038861242704147E-4 
21.0,1.5400746711785718E-4 
22.0,1.1200983153169919E-4 
23.0,2.6028083828201715E-4 
24.0,2.6107406015176305E-4 
25.0,2.0435193737408468E-4 
26.0,2.928864555998538E-4 
27.0,0.00611975927652601 
28.0,3.470760901260553E-4 
29.0,2.601208498902098E-4 
30.0,4.005655359067796E-4 
31.0,0.004343965123996587 
32.0,4.8415048988598245E-4 
33.0,3.6634926542212484E-4 
34.0,0.003421704858476679 
35.0,4.632542947269256E-4 
36.0,4.979014842427016E-4 
37.0,4.281059369781007E-4 
38.0,0.004327690256233666 
39.0,0.003004639919698131 
40.0,3.928519821986193E-4 
41.0,5.829442218609232E-4 
42.0,3.9536437411453253E-4 
43.0,0.0025020991148097934 
44.0,6.826329472841637E-4 
45.0,9.035283584267976E-4 
46.0,0.002333705182656487 
47.0,7.57115118411174E-4 
48.0,5.990305869213675E-4 
49.0,4.6011524606634035E-4 
