X: Data, Y:Min_over_#states,
50.0,0.1597251949445052 50.0,0.18619979777900314 50.0,0.19249951925446954 50.0,0.19726907231607646 50.0,0.19721203049496724 50.0,0.19256856628537874 
70.0,0.1499791800572477 70.0,0.12687790903280916 70.0,0.11963098312382667 70.0,0.13802728199248546 70.0,0.13661269525314784 70.0,0.12105625370213831 
100.0,0.11501229993970925 100.0,0.11937278404424723 100.0,0.13005986777632242 100.0,0.13007247758923773 100.0,0.15023675272106257 100.0,0.12359164328003605 
150.0,0.0915827509695564 150.0,0.08491368099000203 150.0,0.11219238297122733 150.0,0.09263025596608454 150.0,0.10117950543010767 150.0,0.0954892199033766 
200.0,0.0895299537946063 200.0,0.08578998596985656 200.0,0.07693396761126488 200.0,0.08627483867301476 200.0,0.07033067267043722 200.0,0.07819007578537149 
500.0,0.048598093398784604 500.0,0.04666427448037485 500.0,0.05570566819126606 500.0,0.05457369783832515 500.0,0.04900936314530392 500.0,0.057041811146965694 
1000.0,0.031209479699300692 1000.0,0.03550469916277904 1000.0,0.03611404311797166 1000.0,0.03176484600467935 1000.0,0.03742307658381583 1000.0,0.043693106534809324 
10000.0,0.01128113894031323 10000.0,0.010248679711434037 10000.0,0.009124564607468934 10000.0,0.010705314339394837 10000.0,0.012125932486130387 10000.0,0.010099867696838119 
100000.0,0.003832551775305832 100000.0,0.0032121097964387243 100000.0,0.004823444998562065 100000.0,0.0035496078676926918 100000.0,0.004333686411552235 100000.0,0.0038278377919380526 
