X: ModelSize Y:Error,
1.0,0.31901181449060306 1.0,0.28002522503318744 1.0,0.28721301400713256 1.0,0.2780910705134809 1.0,0.30065039264895677 1.0,0.30602743740702604 1.0,0.2957798415992928 1.0,0.3109577094225865 1.0,0.26469704775924646 1.0,0.35162400160618124 
2.0,0.4229951688379264 2.0,0.40448616209111976 2.0,0.38256536589364315 2.0,0.4066337674292472 2.0,0.42625030027374383 2.0,0.44544161781358216 2.0,0.4481290484185765 2.0,0.4644184689355231 2.0,0.4219010963910377 2.0,0.4611071921270061 
3.0,0.44618780482973114 3.0,0.43123526735706036 3.0,0.41037561750809914 3.0,0.4423314179728091 3.0,0.4556899250071932 3.0,0.47736412998001887 3.0,0.49542373708472665 3.0,0.5098695886837755 3.0,0.46124617240296184 3.0,0.4798311392360358 
4.0,0.4517547996575816 4.0,0.4258720562259604 4.0,0.4576461414744452 4.0,0.4422166173735966 4.0,0.45719611840512825 4.0,0.4915626528707473 4.0,0.4793222000961768 4.0,0.4919679512926001 4.0,0.4305272950580393 4.0,0.46981392898759083 
5.0,0.40030416269383373 5.0,0.3658752787560826 5.0,0.3663413183460243 5.0,0.38360464779907116 5.0,0.4131136839545227 5.0,0.40786779443743587 5.0,0.4364446844637598 5.0,0.42290536846946786 5.0,0.4248866103960822 5.0,0.4166181909982573 
6.0,0.3932087764404825 6.0,0.3629117743185871 6.0,0.42000129906402534 6.0,0.4134930141398517 6.0,0.41817776421327363 6.0,0.43759708220858773 6.0,0.4591036294454271 6.0,0.4515303396066277 6.0,0.38309347581877756 6.0,0.43194963648017204 
7.0,0.41279520648713314 7.0,0.38166367982744 7.0,0.40467417762996893 7.0,0.4164378075254532 7.0,0.4406236675784263 7.0,0.43841894489551975 7.0,0.4620473464149772 7.0,0.43961323787680134 7.0,0.39726130337854315 7.0,0.4424385216870696 
8.0,0.4346781472511491 8.0,0.3962138854130801 8.0,0.39017766032711887 8.0,0.3924494595202863 8.0,0.4303179389455031 8.0,0.4294960924727771 8.0,0.5091351143788232 8.0,0.4191728514702466 8.0,0.39788844735999623 8.0,0.43838799680797835 
9.0,0.4433870850799246 9.0,0.4149370460572763 9.0,0.32810144465622154 9.0,0.40910625409621665 9.0,0.43245320862457765 9.0,0.42918236651856284 9.0,0.4846376287322084 9.0,0.44509107433222206 9.0,0.3680909263352697 9.0,0.4250619066470682 
10.0,0.44595340728213606 10.0,0.41258942609848515 10.0,0.35629680918367446 10.0,0.39875774969861044 10.0,0.4144189624024298 10.0,0.41149120630940283 10.0,0.5050412411016072 10.0,0.43603511760408986 10.0,0.36882233508248713 10.0,0.4559383113848823 
11.0,0.430339333308994 11.0,0.382520910147157 11.0,0.3782634947073009 11.0,0.41406979385189874 11.0,0.4172526037863109 11.0,0.42993647052525286 11.0,0.47790332247238976 11.0,0.4680038654939241 11.0,0.370055286295563 11.0,0.43925234918266637 
12.0,0.40834593492339727 12.0,0.34834597960047176 12.0,0.34691583012732913 12.0,0.36345516921755777 12.0,0.42825417674910143 12.0,0.46260875579259664 12.0,0.507720465085119 12.0,0.42696532401322307 12.0,0.3675342286897959 12.0,0.4196171906207545 
13.0,0.38439446418298506 13.0,0.3550085901213732 13.0,0.3440872239408187 13.0,0.37323119668795524 13.0,0.3656765308960436 13.0,0.4709668021885351 13.0,0.48411801409050303 13.0,0.4002344308096635 13.0,0.3069898177846489 13.0,0.4232256788233953 
14.0,0.36486167572772443 14.0,0.3450186821308945 14.0,0.3839975563145775 14.0,0.3260382434948308 14.0,0.32365608669408896 14.0,0.41513248082408605 14.0,0.46811176428663936 14.0,0.3803574449293299 14.0,0.3076333343577828 14.0,0.4432576017195884 
15.0,0.28011599354647054 15.0,0.2802961205115909 15.0,0.24528965928831203 15.0,0.19470113152664914 15.0,0.19428562762346974 15.0,0.29953522139797384 15.0,0.4511207303153773 15.0,0.2548099778064253 15.0,0.24031232058829213 15.0,0.29809427702296865 
16.0,0.2401623043909057 16.0,0.25316854129705224 16.0,0.230070638402696 16.0,0.1854539412977826 16.0,0.18894567008853602 16.0,0.2920398143736114 16.0,0.473231559827151 16.0,0.251807447095212 16.0,0.22147039288837872 16.0,0.2872952579052419 
17.0,0.22430636313637822 17.0,0.25803308038996925 17.0,0.20253527045882655 17.0,0.14991690639803046 17.0,0.2056158531573749 17.0,0.2637994011347965 17.0,0.42202126196216405 17.0,0.2014393782900231 17.0,0.1823764035007314 17.0,0.28881652984805695 
18.0,0.1933624454687578 18.0,0.2636036464415181 18.0,0.18622329844610302 18.0,0.13108741265271434 18.0,0.2046199387409111 18.0,0.26961584422922347 18.0,0.44845584155665447 18.0,0.18407124865410002 18.0,0.2004285179230647 18.0,0.2574513747022457 
19.0,0.19189541001240093 19.0,0.1450151931474076 19.0,0.06568925516702293 19.0,0.06729802582675903 19.0,0.17990602838975175 19.0,0.1538577144530381 19.0,0.1952650000723132 19.0,0.07955068233284382 19.0,0.08622566679575852 19.0,0.2047342773079619 
20.0,0.17576033312776945 20.0,0.14603463315439938 20.0,0.07331514922453233 20.0,0.0652780214138485 20.0,0.173131114558022 20.0,0.15347556991325428 20.0,0.1990470932268945 20.0,0.07997456047828247 20.0,0.07570369528236044 20.0,0.19760778845121518 
21.0,0.17813845813873425 21.0,0.12203267212347638 21.0,0.07449973748980462 21.0,0.06399644788105417 21.0,0.17828234678082922 21.0,0.14653787863525022 21.0,0.1971883812387449 21.0,0.08043747985387534 21.0,0.07721220327743408 21.0,0.2124110167317675 
22.0,0.1811433067872415 22.0,0.1386802599391405 22.0,0.07437041539401335 22.0,0.05977842107835517 22.0,0.17554597244765363 22.0,0.14656096450289308 22.0,0.20278378877616954 22.0,0.08352338520379554 22.0,0.07715933206251555 22.0,0.21255100963838533 
23.0,0.18228767164530482 23.0,0.11810696773128597 23.0,0.07373194778692979 23.0,0.05355794426798347 23.0,0.17841920729817878 23.0,0.1469598112970992 23.0,0.193729546946776 23.0,0.08404690691056575 23.0,0.07526515265972378 23.0,0.21327795966381904 
24.0,0.18213746497945837 24.0,0.11862736190353622 24.0,0.0813913082342506 24.0,0.060794255214227495 24.0,0.17803758088355154 24.0,0.15128089021933555 24.0,0.19330435034876206 24.0,0.08850601513968569 24.0,0.07496086737566945 24.0,0.19603946183212245 
25.0,0.18880436806772105 25.0,0.11676066786413944 25.0,0.07684699742408974 25.0,0.06192453588857426 25.0,0.16737231155687013 25.0,0.14482430966210402 25.0,0.19692013284690796 25.0,0.0862171809946681 25.0,0.07088144741476024 25.0,0.19241395189402932 
26.0,0.19008993439275707 26.0,0.1144724979073647 26.0,0.07612600099323424 26.0,0.06160702532623364 26.0,0.17120315385805868 26.0,0.1427119263868155 26.0,0.19225671429190216 26.0,0.08443191195649268 26.0,0.06373671248788589 26.0,0.19531150346439674 
27.0,0.18868660382114846 27.0,0.11073959293043677 27.0,0.07314355954198262 27.0,0.06777676613424835 27.0,0.14224464849054977 27.0,0.13819650151922577 27.0,0.19246206990351472 27.0,0.08643499434585689 27.0,0.06304805057186344 27.0,0.19262995924124676 
28.0,0.18986590398371006 28.0,0.1137258299483759 28.0,0.06682102591833222 28.0,0.06649998684310857 28.0,0.15404922425080153 28.0,0.13716162050317818 28.0,0.1927576828983783 28.0,0.08750786470983865 28.0,0.058460010870968936 28.0,0.1972698210795256 
29.0,0.18802535252727712 29.0,0.1144267647560264 29.0,0.06787054454309491 29.0,0.06325687079777037 29.0,0.13739409822667986 29.0,0.13632465824455897 29.0,0.19455697552063564 29.0,0.08644543249840775 29.0,0.04687242771436727 29.0,0.19872735686266535 
30.0,0.18542856637196306 30.0,0.11391759690550315 30.0,0.06836534073830816 30.0,0.06588591479106404 30.0,0.1340607305859034 30.0,0.14076954139131903 30.0,0.1916408088340998 30.0,0.08557939984893115 30.0,0.04680815447137204 30.0,0.18680012401016188 
