X:Sigma Y:|f(x)-fhat(x)|,
0.0,0.012088541966004855 0.0,0.012088541966004855 
1.0,2.1692377271023712E-5 1.0,2.1692377271023712E-5 
2.0,4.886131057015601E-5 2.0,5.561151939825042E-5 
3.0,4.548595263935112E-5 3.0,4.663360795430489E-5 
4.0,3.222561546984788E-5 4.0,4.3624175843923076E-5 
5.0,3.543994073023892E-5 5.0,3.7048936804871566E-5 
6.0,3.4541981647650794E-5 6.0,3.7176803478287265E-5 
7.0,7.115829684425432E-5 7.0,7.392900460540623E-5 
8.0,7.431194548577565E-5 8.0,1.0549465675436685E-4 
9.0,8.094366535684704E-5 9.0,9.767585025950023E-5 
10.0,7.686235852811275E-5 10.0,6.982567672630667E-5 
11.0,9.663313911003466E-5 11.0,9.946438038322432E-5 
12.0,8.642540026898331E-5 12.0,1.0430521901914146E-4 
13.0,8.666554070087766E-5 13.0,9.578498705102752E-5 
14.0,6.071021683221708E-5 14.0,1.0677739361777506E-4 
15.0,0.009163984840116613 15.0,0.009163586558780155 
16.0,4.5937742710866235E-5 16.0,1.0542423575628262E-4 
17.0,6.765389392988782E-5 17.0,1.1693879618699022E-4 
18.0,8.196276280524716E-5 18.0,1.5581827803118716E-4 
19.0,0.008380031253209881 19.0,0.008319510730526431 
20.0,1.6401788196354207E-4 20.0,2.0831585875574312E-4 
21.0,2.4095917474241843E-4 21.0,3.4712473759564833E-4 
22.0,2.1179569089581712E-4 22.0,2.713486376673355E-4 
23.0,2.5520939274282947E-4 23.0,3.107756885980261E-4 
24.0,2.376694114507644E-4 24.0,3.411353916602682E-4 
25.0,1.2426130256962096E-4 25.0,2.1965972335003352E-4 
26.0,1.680387112975186E-4 26.0,3.4533439351017164E-4 
27.0,0.0049132598296195516 27.0,0.005050776867429988 
28.0,9.956460550823091E-5 28.0,3.7392546804907817E-4 
29.0,2.0143100982729267E-4 29.0,3.503961913024977E-4 
30.0,2.5561161150775973E-4 30.0,5.09688456633357E-4 
31.0,0.005372363702717877 31.0,0.0052629351510213 
