X:Sigma Y: Green:Absolute,
0.0,0.016086941355986657 0.0,-0.011145710866464069 
1.0,3.395187896338677E-5 1.0,4.3209373460467005E-6 
2.0,2.8509319622647926E-5 2.0,-6.539108752219733E-7 
3.0,3.8188107159175076E-5 3.0,2.5725127078608645E-6 
4.0,2.718922434632456E-5 4.0,1.5395440446212848E-5 
5.0,3.5824480025196405E-5 5.0,-2.515631303464172E-6 
6.0,4.0912697246624346E-5 6.0,-1.6239492870329346E-5 
7.0,6.73796825903838E-5 7.0,1.1836528754549228E-6 
8.0,6.369633662587862E-5 8.0,-7.614839457209234E-6 
9.0,7.686671604740898E-5 9.0,-3.858590718209267E-6 
10.0,7.006650266306179E-5 10.0,3.46328424593419E-5 
11.0,5.048845818882356E-5 11.0,1.0205784832311221E-5 
12.0,5.373827858719345E-5 12.0,-3.4957157707377164E-5 
13.0,8.07131684958629E-5 13.0,-4.110980838145685E-5 
14.0,6.778788958805344E-5 14.0,-4.6166018195203453E-7 
15.0,0.006973799194317748 15.0,0.001524106607207737 
16.0,8.822919576436571E-5 16.0,8.032061331409102E-6 
17.0,7.040894928171013E-5 17.0,3.038654453505148E-5 
18.0,8.2518259867496E-5 18.0,-1.0985533289137769E-6 
19.0,0.009544947209057294 19.0,0.002658933610799135 
20.0,1.9147683250360926E-4 20.0,-5.534775743439751E-5 
21.0,2.080061293639E-4 21.0,-2.843909821526265E-5 
22.0,2.484538988093973E-4 22.0,-5.8077690424788575E-5 
23.0,1.694650868630412E-4 23.0,-1.83392298496156E-5 
24.0,1.511157706410289E-4 24.0,3.2134150810361325E-5 
25.0,1.4785207759774593E-4 25.0,2.2996404097544324E-5 
26.0,2.2142965097612287E-4 26.0,-1.34210694700741E-4 
27.0,0.005335631837475147 27.0,-9.995522180992191E-4 
28.0,1.391352356161619E-4 28.0,-1.3303134924003792E-6 
29.0,1.631819624342808E-4 29.0,-7.746282060121755E-5 
30.0,2.4252336859969612E-4 30.0,2.7502776320628714E-5 
31.0,0.004531378541688819 31.0,-0.0016658232797739758 
32.0,1.8286019406856284E-4 32.0,1.2921106568131592E-4 
33.0,1.6130779293245737E-4 33.0,-3.768695299909059E-5 
34.0,0.005710897527552679 34.0,0.0017067998581185837 
35.0,1.957979484747721E-4 35.0,2.4178890965339515E-5 
36.0,1.9737791769118397E-4 36.0,-3.432141336464081E-5 
37.0,1.167646768306521E-4 37.0,4.2233167422304604E-5 
38.0,0.0056639140833789105 38.0,5.411735258169817E-4 
39.0,0.00326658328524096 39.0,-2.894570764853752E-4 
40.0,2.9377197814650093E-4 40.0,5.990585180882172E-5 
41.0,1.9843964479156646E-4 41.0,3.733575439370083E-5 
42.0,2.2678214535840364E-4 42.0,-3.0835297967288943E-5 
43.0,0.0035922651762885097 43.0,0.0016912904004728157 
44.0,2.2833825140366725E-4 44.0,-2.273818946698838E-5 
45.0,2.2859896436390608E-4 45.0,4.3158464294525626E-5 
46.0,0.0025405544782107986 46.0,9.756881768076754E-4 
47.0,2.641195355793573E-4 47.0,8.579384483932863E-5 
48.0,1.5643794137589162E-4 48.0,-7.759782406562051E-6 
49.0,2.1430236915045896E-4 49.0,-2.348260803346573E-5 
50.0,0.0037396786885763376 50.0,4.4136157738039716E-4 
51.0,0.001413756563424503 51.0,-1.0643613056896373E-4 
52.0,4.7906647232073775E-4 52.0,1.825117164310015E-4 
53.0,0.0012376812980807888 53.0,3.0413040947891454E-4 
54.0,5.366515855358214E-4 54.0,-1.756967130014384E-4 
55.0,0.0013543909672585445 55.0,6.421395843460791E-4 
56.0,3.8937938680898174E-4 56.0,1.4488108362992265E-4 
57.0,9.067990907435987E-4 57.0,3.511521929466034E-4 
58.0,0.002162605733772428 58.0,6.422330395300259E-4 
59.0,6.237450302851602E-4 59.0,-2.515247245946775E-4 
60.0,3.9317958882527593E-4 60.0,-9.532265248446047E-5 
61.0,6.884090215259722E-4 61.0,9.019422703870107E-5 
62.0,0.0018387823748661418 62.0,7.197163851271705E-4 
63.0,5.813050939063845E-4 63.0,7.81765614858606E-5 
64.0,1.0919155785979447E-4 64.0,4.563476701919706E-5 
65.0,0.001288807349324445 65.0,1.2651717111126284E-4 
66.0,8.604000487321722E-5 66.0,-3.196109126937004E-5 
67.0,7.527057077110373E-4 67.0,1.7616358205399703E-4 
68.0,1.0943337027995186E-4 68.0,-3.6275906008168466E-5 
69.0,0.002007301878536121 69.0,-4.8533426122157906E-4 
70.0,8.990435606184411E-4 70.0,5.002283416357672E-4 
71.0,1.0698560456582573E-4 71.0,3.471665314629372E-5 
72.0,6.958845710765963E-4 72.0,2.1736911718989794E-5 
73.0,1.1819201322714586E-4 73.0,-6.123701663144802E-5 
74.0,0.0015357529257417001 74.0,7.33807637334834E-4 
75.0,2.0218613194261707E-4 75.0,1.7225395815426614E-4 
76.0,9.193128890131096E-4 76.0,7.486085217419163E-5 
77.0,0.0011771379859107966 77.0,-2.330328379193063E-4 
78.0,9.94944840819514E-5 78.0,-7.234385156383227E-6 
79.0,3.1654359898554174E-4 79.0,8.398004560023612E-5 
80.0,1.6683560077452114E-4 80.0,6.261045416917869E-5 
81.0,0.0013569307377746156 81.0,2.8814742311131616E-4 
82.0,6.828157334578273E-4 82.0,-1.09385840546908E-6 
83.0,2.4756562842719753E-4 83.0,-6.53866583691104E-5 
84.0,4.7821057130828797E-4 84.0,8.252745193630276E-6 
85.0,2.5631469804265916E-4 85.0,1.126638536697253E-5 
86.0,5.659670950959053E-4 86.0,1.675781404218654E-4 
87.0,3.0704595458187165E-4 87.0,1.0210784049589416E-4 
88.0,6.617892184403277E-4 88.0,1.9885714464060997E-4 
89.0,4.94634149585169E-4 89.0,3.108037037120768E-4 
90.0,2.636634961071514E-4 90.0,-1.4596508975230651E-4 
91.0,3.939905482425727E-4 91.0,5.3661322104584806E-5 
92.0,3.768946439633625E-4 92.0,9.478749842764577E-5 
93.0,5.241114618161832E-4 93.0,8.160148765677883E-5 
94.0,4.1542202633077315E-4 94.0,6.392923282828658E-5 
95.0,2.7022782906156923E-4 95.0,8.254210113471301E-5 
96.0,3.4700448574686703E-4 96.0,7.368498540834082E-5 
97.0,2.8971122803997433E-4 97.0,3.8567305044863716E-5 
98.0,2.864116930363987E-4 98.0,4.5197037740389746E-5 
99.0,3.02437274860794E-4 99.0,-1.5259406395007693E-4 
100.0,4.0386918904679634E-4 100.0,3.567624067158182E-5 
101.0,3.632700690401155E-4 101.0,1.3634466969508944E-4 
102.0,1.7946712223827725E-4 102.0,-6.843817410450117E-5 
103.0,3.2090856461312265E-4 103.0,-6.86852207564254E-5 
104.0,2.8745117557337066E-4 104.0,-3.31642457727939E-5 
105.0,2.853138238445275E-4 105.0,1.492667524439438E-4 
106.0,1.971112533272311E-4 106.0,2.4609404108615505E-5 
107.0,2.9230809398426543E-4 107.0,-1.0179300352154457E-4 
108.0,2.8902114871129185E-4 108.0,-2.164304434971721E-5 
109.0,1.6895282876922216E-4 109.0,9.440815392893371E-5 
110.0,2.566489876933615E-4 110.0,1.1948450423119058E-4 
111.0,1.9788052986684912E-4 111.0,-3.694016061365774E-5 
112.0,3.366950839668872E-4 112.0,-1.0169529161368802E-5 
113.0,1.6602548570074878E-4 113.0,2.7495605088048965E-5 
114.0,1.673494284366029E-4 114.0,8.094322394788415E-5 
115.0,1.8739365410933302E-4 115.0,-7.730302162057698E-5 
116.0,1.491568793720129E-4 116.0,2.846357227614678E-5 
117.0,2.3401803040134988E-4 117.0,6.578377291764787E-5 
118.0,1.5419625352688248E-4 118.0,5.117128787038714E-5 
119.0,2.1909538173104994E-4 119.0,-9.187005257434443E-5 
120.0,1.6217984582447817E-4 120.0,-3.0810369168213175E-5 
121.0,1.3251847771543617E-4 121.0,-3.8852338418993234E-5 
122.0,1.3172193810485411E-4 122.0,2.773415446179873E-5 
123.0,1.472303456845711E-4 123.0,6.532160065693956E-5 
124.0,2.59040110217136E-4 124.0,1.1017614522680081E-4 
125.0,1.61699393924764E-4 125.0,-1.5229621998368553E-5 
126.0,1.8065903718761256E-4 126.0,-1.291029215387357E-5 
127.0,1.255746021458614E-4 127.0,4.597278979339996E-5 
