X:Sigma Y: Green:Absolute,
0.0,0.012088541966004855 0.0,-2.9540012244074393E-4 
1.0,2.1692377271023712E-5 1.0,-7.489695945577464E-6 
2.0,5.561151939825042E-5 2.0,-2.0117186809892344E-5 
3.0,4.663360795430489E-5 3.0,1.9501353999111944E-5 
4.0,4.3624175843923076E-5 4.0,9.768264385735464E-7 
5.0,3.7048936804871566E-5 5.0,1.1487882443456716E-5 
6.0,3.7176803478287265E-5 6.0,1.2822450325134636E-5 
7.0,7.392900460540623E-5 7.0,-1.542277477598449E-5 
8.0,1.0549465675436685E-4 8.0,3.9668503496697663E-5 
9.0,9.767585025950023E-5 9.0,-1.8682800014691475E-5 
10.0,6.982567672630667E-5 10.0,1.172420198048621E-5 
11.0,9.946438038322432E-5 11.0,-8.397290252533992E-6 
12.0,1.0430521901914146E-4 12.0,-2.5901655625026286E-5 
13.0,9.578498705102752E-5 13.0,1.573356958689116E-5 
14.0,1.0677739361777506E-4 14.0,9.689681499450361E-6 
15.0,0.009163586558780155 15.0,-9.614253083513694E-5 
16.0,1.0542423575628262E-4 16.0,-3.377280559339605E-6 
17.0,1.1693879618699022E-4 17.0,4.147669509498976E-5 
18.0,1.5581827803118716E-4 18.0,-6.0026894500570874E-5 
19.0,0.008319510730526431 19.0,-0.0010401264162199747 
20.0,2.0831585875574312E-4 20.0,8.870526174650178E-5 
21.0,3.4712473759564833E-4 21.0,1.6496288789320836E-4 
22.0,2.713486376673355E-4 22.0,7.051765307658347E-5 
23.0,3.107756885980261E-4 23.0,5.6223161839621715E-5 
24.0,3.411353916602682E-4 24.0,-1.4650888143848164E-5 
25.0,2.1965972335003352E-4 25.0,-5.094811412156278E-5 
26.0,3.4533439351017164E-4 26.0,1.7444854230178066E-5 
27.0,0.005050776867429988 27.0,8.052624829065337E-4 
28.0,3.7392546804907817E-4 28.0,8.365099204242254E-6 
29.0,3.503961913024977E-4 29.0,-7.883777921046673E-5 
30.0,5.09688456633357E-4 30.0,1.4046508208639805E-4 
31.0,0.0052629351510213 31.0,-0.0017557657263411815 
